# Rest-frame spectrum generated from: N5204D0001o_1d.fits
# lambda_Ha_obs = 6568.18800000 Angstrom
# lambda_Ha_rest = 6562.80000000 Angstrom
# z_Ha = 8.2099104041e-04
# v_Ha_relativistic = 246.025888 km/s
# v_Ha_classical = 246.126922 km/s
# columns: wavelength_rest[Angstrom] flux_or_counts

6546.40524510 1.23113098e+01
6546.46106029 1.23110504e+01
6546.51687548 1.23113403e+01
6546.57269067 1.23102875e+01
6546.62850585 1.23037720e+01
6546.68432104 1.23073082e+01
6546.74013623 1.23118019e+01
6546.79595141 1.23357239e+01
6546.85176660 1.54907894e+01
6546.90758179 1.22130928e+01
6546.96339698 2.23978615e+01
6547.01921216 1.23123207e+01
6547.07502735 1.22033691e+01
6547.13084254 3.49807739e-03
6547.18665773 -1.61619225e+01
6547.24247291 1.93211803e+01
6547.29828810 3.20467758e+01
6547.35410329 1.87379341e+01
6547.40991848 2.18339119e+01
6547.46573366 9.80902481e+00
6547.52154885 1.07590141e+01
6547.57736404 -1.64292526e+00
6547.63317923 1.24600639e+01
6547.68899441 2.41520805e+01
6547.74480960 -1.01966515e+01
6547.80062479 1.56966019e+01
6547.85643997 5.28953934e+00
6547.91225516 1.11474800e+01
6547.96807035 2.28956108e+01
6548.02388554 1.80689392e+01
6548.07970072 4.74630661e+01
6548.13551591 2.78904419e+01
6548.19133110 2.76187973e+01
6548.24714629 1.98943329e+01
6548.30296147 1.18316078e+01
6548.35877666 -1.48362274e+01
6548.41459185 2.44128456e+01
6548.47040704 2.51076889e+00
6548.52622222 -2.20137749e+01
6548.58203741 6.04816437e+00
6548.63785260 -3.88081207e+01
6548.69366779 9.99066162e+00
6548.74948297 3.13179779e+01
6548.80529816 7.02117920e-01
6548.86111335 2.88789101e+01
6548.91692854 3.02844620e+01
6548.97274372 -2.82595596e+01
6549.02855891 -5.06341171e+00
6549.08437410 -1.30100250e+01
6549.14018928 1.96485901e+00
6549.19600447 7.05909348e+00
6549.25181966 -2.72090912e+00
6549.30763485 2.71186104e+01
6549.36345003 3.46756744e+00
6549.41926522 -6.39794540e+00
6549.47508041 -1.58708954e+00
6549.53089560 -3.11051865e+01
6549.58671078 2.03948593e+01
6549.64252597 -3.05834770e+01
6549.69834116 -1.60335846e+01
6549.75415635 3.97833366e+01
6549.80997153 7.17479706e-01
6549.86578672 -3.59759369e+01
6549.92160191 5.26379585e+00
6549.97741710 8.20078278e+00
6550.03323228 6.66385651e+00
6550.08904747 -9.70034599e+00
6550.14486266 1.84255733e+01
6550.20067784 4.37615585e+00
6550.25649303 2.44983673e+00
6550.31230822 1.00646973e-01
6550.36812341 -1.73135605e+01
6550.42393859 -2.37007141e-02
6550.47975378 3.87916145e+01
6550.53556897 6.50008392e+00
6550.59138416 2.64168758e+01
6550.64719934 1.50992775e+01
6550.70301453 1.01054001e+00
6550.75882972 4.29995728e+00
6550.81464491 3.17876701e+01
6550.87046009 -2.58122253e+00
6550.92627528 1.74823799e+01
6550.98209047 5.15027618e+00
6551.03790566 -1.71777287e+01
6551.09372084 1.49847488e+01
6551.14953603 -1.66242332e+01
6551.20535122 8.40713120e+00
6551.26116641 1.11308670e+00
6551.31698159 -2.07171860e+01
6551.37279678 2.03365326e+01
6551.42861197 -1.96547852e+01
6551.48442715 2.70920181e+00
6551.54024234 3.19309311e+01
6551.59605753 2.28892136e+01
6551.65187272 -2.47129574e+01
6551.70768790 -1.84585075e+01
6551.76350309 2.65630264e+01
6551.81931828 1.38722000e+01
6551.87513347 9.08515930e-01
6551.93094865 7.85167694e-01
6551.98676384 2.26178970e+01
6552.04257903 -2.63125153e+01
6552.09839422 -1.19127865e+01
6552.15420940 -6.56060028e+00
6552.21002459 3.73934250e+01
6552.26583978 -4.68239212e+00
6552.32165497 6.93850708e+00
6552.37747015 1.87265110e+01
6552.43328534 8.10952950e+00
6552.48910053 4.17924271e+01
6552.54491571 3.45304108e+00
6552.60073090 -5.04181290e+00
6552.65654609 -4.22950401e+01
6552.71236128 -4.82173386e+01
6552.76817646 -3.32959747e+00
6552.82399165 3.24114532e+01
6552.87980684 9.16053772e-01
6552.93562203 3.79535675e-01
6552.99143721 3.64501953e+01
6553.04725240 3.33533173e+01
6553.10306759 -2.03907967e+01
6553.15888278 2.41363525e-01
6553.21469796 2.55426331e+01
6553.27051315 2.28234940e+01
6553.32632834 2.85365334e+01
6553.38214353 6.16460419e+00
6553.43795871 2.77080803e+01
6553.49377390 2.35092926e+01
6553.54958909 -9.09490967e+00
6553.60540427 -2.27711010e+01
6553.66121946 1.07344017e+01
6553.71703465 1.78491096e+01
6553.77284984 8.56445694e+00
6553.82866502 3.11055756e+00
6553.88448021 -2.07307262e+01
6553.94029540 -4.57637024e+00
6553.99611059 1.23023796e+01
6554.05192577 2.68656731e+01
6554.10774096 -5.85643768e-01
6554.16355615 2.42099438e+01
6554.21937134 -3.01343307e+01
6554.27518652 1.38976612e+01
6554.33100171 9.21473694e+00
6554.38681690 2.36145401e+01
6554.44263209 6.53395844e+00
6554.49844727 5.88329315e-01
6554.55426246 3.91449852e+01
6554.61007765 1.61150932e+01
6554.66589284 -1.41370010e+00
6554.72170802 -3.60523224e+00
6554.77752321 -1.05226402e+01
6554.83333840 4.25128937e+00
6554.88915358 1.50932884e+01
6554.94496877 4.12752228e+01
6555.00078396 3.23041916e+00
6555.05659915 4.61467896e+01
6555.11241433 4.86119003e+01
6555.16822952 3.44934921e+01
6555.22404471 -1.49691887e+01
6555.27985990 -7.58346558e+00
6555.33567508 -5.53693008e+00
6555.39149027 -3.03553715e+01
6555.44730546 -3.99684143e+00
6555.50312065 6.97631836e-02
6555.55893583 3.66405487e-01
6555.61475102 -3.25576630e+01
6555.67056621 -1.76677589e+01
6555.72638140 8.63738632e+00
6555.78219658 3.65238380e+01
6555.83801177 -4.08772659e+00
6555.89382696 2.57369156e+01
6555.94964214 -6.86700439e+00
6556.00545733 5.05959320e+00
6556.06127252 -9.21789169e+00
6556.11708771 6.21898651e-01
6556.17290289 -1.03980865e+01
6556.22871808 3.25066185e+01
6556.28453327 -2.68407021e+01
6556.34034846 4.42234039e-01
6556.39616364 1.22735367e+01
6556.45197883 -6.36996078e+00
6556.50779402 3.96265564e+01
6556.56360921 2.93509712e+01
6556.61942439 8.21957397e+00
6556.67523958 -2.96487427e+00
6556.73105477 2.27123718e+01
6556.78686996 -1.50862122e+00
6556.84268514 1.18250732e+01
6556.89850033 7.85536957e+00
6556.95431552 7.13647079e+00
6557.01013071 -1.40042229e+01
6557.06594589 -3.79497910e+00
6557.12176108 7.47142792e-01
6557.17757627 5.42037811e+01
6557.23339145 1.04794197e+01
6557.28920664 -3.54492493e+01
6557.34502183 5.65516663e+00
6557.40083702 2.91278992e+01
6557.45665220 5.41441345e+00
6557.51246739 4.28047256e+01
6557.56828258 3.25497742e+01
6557.62409777 4.24179077e+00
6557.67991295 -2.08416824e+01
6557.73572814 -5.23413544e+01
6557.79154333 1.48023567e+01
6557.84735852 -1.85814400e+01
6557.90317370 -1.65234680e+01
6557.95898889 -1.44270344e+01
6558.01480408 1.02137051e+01
6558.07061927 3.92497978e+01
6558.12643445 1.58911972e+01
6558.18224964 -1.25087738e+01
6558.23806483 1.54688683e+01
6558.29388001 4.51945610e+01
6558.34969520 1.05654755e+01
6558.40551039 7.83072662e+00
6558.46132558 1.37719612e+01
6558.51714076 1.49274826e+00
6558.57295595 1.85572052e+00
6558.62877114 5.53841400e+00
6558.68458633 1.43176994e+01
6558.74040151 -8.60234833e+00
6558.79621670 -1.12354927e+01
6558.85203189 2.50760269e+00
6558.90784708 4.46617126e+00
6558.96366226 -2.16377964e+01
6559.01947745 -1.29627113e+01
6559.07529264 -3.77843475e+00
6559.13110783 1.78938751e+01
6559.18692301 -5.53221893e+00
6559.24273820 -3.22441864e+00
6559.29855339 -6.72973633e+00
6559.35436857 -1.23990631e+01
6559.41018376 -1.48440361e+01
6559.46599895 1.00460815e+00
6559.52181414 -7.38413429e+00
6559.57762932 -2.83340359e+01
6559.63344451 -9.09747696e+00
6559.68925970 -2.89462891e+01
6559.74507489 -4.10440979e+01
6559.80089007 -4.08840981e+01
6559.85670526 3.54316978e+01
6559.91252045 -1.13320808e+01
6559.96833564 -1.36611481e+01
6560.02415082 4.29686356e+00
6560.07996601 -5.35177231e+00
6560.13578120 -3.26787872e+01
6560.19159639 -1.02110519e+01
6560.24741157 1.31054802e+01
6560.30322676 3.09612389e+01
6560.35904195 -1.94368362e+00
6560.41485714 -8.71158600e+00
6560.47067232 -1.23261719e+01
6560.52648751 8.85537720e+00
6560.58230270 1.64318848e+01
6560.63811788 2.89880180e+01
6560.69393307 -4.32359047e+01
6560.74974826 -3.57887268e-01
6560.80556345 4.08983612e+00
6560.86137863 2.16783752e+01
6560.91719382 -6.57237053e+00
6560.97300901 1.00233269e+01
6561.02882420 3.23200645e+01
6561.08463938 9.83412933e+00
6561.14045457 4.16796494e+00
6561.19626976 -4.06029510e+00
6561.25208495 -7.69182587e+00
6561.30790013 1.80082283e+01
6561.36371532 1.14076920e+01
6561.41953051 -6.71128082e+00
6561.47534570 -1.95665283e+01
6561.53116088 -1.01667709e+01
6561.58697607 -5.54153862e+01
6561.64279126 -9.33586121e-01
6561.69860644 2.22087173e+01
6561.75442163 1.86730957e+01
6561.81023682 1.77865562e+01
6561.86605201 2.69495277e+01
6561.92186719 2.07407532e+01
6561.97768238 1.54651184e+01
6562.03349757 4.16725845e+01
6562.08931276 9.70636520e+01
6562.14512794 1.34426331e+02
6562.20094313 9.83051147e+01
6562.25675832 1.75363480e+02
6562.31257351 2.05761322e+02
6562.36838869 2.39660248e+02
6562.42420388 3.12053619e+02
6562.48001907 3.73763397e+02
6562.53583426 4.06050934e+02
6562.59164944 5.09505737e+02
6562.64746463 5.55658630e+02
6562.70327982 5.53427673e+02
6562.75909501 6.16559814e+02
6562.81491019 5.98016174e+02
6562.87072538 5.36772827e+02
6562.92654057 5.22440857e+02
6562.98235575 5.19727295e+02
6563.03817094 4.67966187e+02
6563.09398613 3.37107849e+02
6563.14980132 3.16452026e+02
6563.20561650 3.00729065e+02
6563.26143169 2.39352509e+02
6563.31724688 1.87304398e+02
6563.37306207 1.23631851e+02
6563.42887725 1.70354782e+02
6563.48469244 1.25638329e+02
6563.54050763 8.29179535e+01
6563.59632282 1.00006950e+02
6563.65213800 4.19330368e+01
6563.70795319 4.78638420e+01
6563.76376838 4.63442764e+01
6563.81958357 4.21897507e+01
6563.87539875 4.34916115e+01
6563.93121394 -1.45481491e+01
6563.98702913 3.13592529e+00
6564.04284431 2.52506523e+01
6564.09865950 3.66985703e+00
6564.15447469 1.17403450e+01
6564.21028988 1.51618195e+00
6564.26610506 8.23687744e+00
6564.32192025 5.12958832e+01
6564.37773544 4.22993698e+01
6564.43355063 1.57851448e+01
6564.48936581 7.25862503e+00
6564.54518100 1.04308319e+00
6564.60099619 1.14046021e+01
6564.65681138 1.56960335e+01
6564.71262656 4.48513412e+00
6564.76844175 -1.39459572e+01
6564.82425694 -3.54234924e+01
6564.88007213 2.15760574e+01
6564.93588731 2.86807098e+01
6564.99170250 -7.44798660e+00
6565.04751769 9.90144730e+00
6565.10333288 2.32076607e+01
6565.15914806 -1.04492111e+01
6565.21496325 1.46548958e+01
6565.27077844 -2.58404922e+00
6565.32659362 1.34131927e+01
6565.38240881 -2.35999451e+01
6565.43822400 -2.40028820e+01
6565.49403919 4.40107994e+01
6565.54985437 2.49406624e+01
6565.60566956 2.54331627e+01
6565.66148475 3.56198158e+01
6565.71729994 1.37900352e+01
6565.77311512 2.38677864e+01
6565.82893031 -1.22076416e+00
6565.88474550 -1.29127045e+01
6565.94056069 -2.78685455e+01
6565.99637587 7.62290955e-02
6566.05219106 -1.51171227e+01
6566.10800625 3.90060272e+01
6566.16382144 3.64611969e+01
6566.21963662 -1.30355606e+01
6566.27545181 -1.02392235e+01
6566.33126700 -2.75659180e+00
6566.38708218 -4.38563156e+00
6566.44289737 4.69454193e+00
6566.49871256 -1.44212456e+01
6566.55452775 -1.76540413e+01
6566.61034293 -2.37220993e+01
6566.66615812 7.57474136e+00
6566.72197331 2.27951012e+01
6566.77778850 7.99554443e+00
6566.83360368 7.39474869e+00
6566.88941887 1.99052124e+01
6566.94523406 -1.63387451e+01
6567.00104925 -1.57228546e+01
6567.05686443 1.10178375e+00
6567.11267962 -5.10103111e+01
6567.16849481 -6.00463104e+00
6567.22431000 2.09896278e+01
6567.28012518 -2.94571686e+00
6567.33594037 4.79765587e+01
6567.39175556 1.34712296e+01
6567.44757074 -2.26136322e+01
6567.50338593 -8.82197952e+00
6567.55920112 -2.70490379e+01
6567.61501631 4.42752075e+00
6567.67083149 -2.89264870e+01
6567.72664668 -1.40294456e+01
6567.78246187 1.07611427e+01
6567.83827706 -1.53351307e+01
6567.89409224 -7.93712616e+00
6567.94990743 2.69506226e+01
6568.00572262 1.16758728e+00
6568.06153781 9.32407379e-01
6568.11735299 3.55797577e+01
6568.17316818 1.68939171e+01
6568.22898337 -1.45802040e+01
6568.28479856 -4.84201698e+01
6568.34061374 2.44459267e+01
6568.39642893 8.00810547e+01
6568.45224412 -3.13277817e+00
6568.50805931 8.18387604e+00
6568.56387449 5.55625725e+00
6568.61968968 1.09452934e+01
6568.67550487 1.30293350e+01
6568.73132005 -1.49579964e+01
6568.78713524 2.69634132e+01
6568.84295043 1.64923401e+01
6568.89876562 -5.12546539e-01
6568.95458080 -2.99741974e+01
6569.01039599 -1.28991051e+01
6569.06621118 1.95290375e+00
6569.12202637 7.66336060e+00
6569.17784155 -8.65853500e+00
6569.23365674 -3.24729538e+00
6569.28947193 -2.94122486e+01
6569.34528712 1.65993576e+01
6569.40110230 -2.83308315e+01
6569.45691749 1.66250153e+01
6569.51273268 -1.31654358e+00
6569.56854787 5.13240814e-01
6569.62436305 -5.69967270e+00
6569.68017824 -7.35784149e+00
6569.73599343 -2.85002728e+01
6569.79180861 -2.05907707e+01
6569.84762380 1.21862411e+00
6569.90343899 9.12658310e+00
6569.95925418 1.54299583e+01
6570.01506936 -1.41829338e+01
6570.07088455 -1.08682060e+01
6570.12669974 1.01353455e+01
6570.18251493 -5.18474579e+00
6570.23833011 1.53956490e+01
6570.29414530 -3.94742203e+00
6570.34996049 -3.83411636e+01
6570.40577568 -3.09249954e+01
6570.46159086 5.20083618e+00
6570.51740605 1.57279472e+01
6570.57322124 3.32711411e+00
6570.62903643 -6.28053284e+00
6570.68485161 7.05002594e+00
6570.74066680 1.62852898e+01
6570.79648199 1.48392143e+01
6570.85229718 -2.25647812e+01
6570.90811236 2.00226898e+01
6570.96392755 -2.35702763e+01
6571.01974274 2.34451637e+01
6571.07555792 1.48461800e+01
6571.13137311 -3.42351952e+01
6571.18718830 2.77147636e+01
6571.24300349 9.59491730e+00
6571.29881867 1.45321426e+01
6571.35463386 -1.55353546e+00
6571.41044905 -1.08265610e+01
6571.46626424 -2.09982719e+01
6571.52207942 1.58052216e+01
6571.57789461 -6.05791473e+00
6571.63370980 -6.69670105e+00
6571.68952499 -3.70881805e+01
6571.74534017 1.32704391e+01
6571.80115536 2.76585693e+01
6571.85697055 8.86525345e+00
6571.91278574 3.01178474e+01
6571.96860092 3.54123764e+01
6572.02441611 -4.14836884e+00
6572.08023130 2.23043022e+01
6572.13604648 -1.63054123e+01
6572.19186167 -2.12801743e+00
6572.24767686 -1.61718330e+01
6572.30349205 1.62792854e+01
6572.35930723 -6.90255356e+00
6572.41512242 6.55202866e+00
6572.47093761 -2.94922276e+01
6572.52675280 -2.37763786e+01
6572.58256798 -3.08657227e+01
6572.63838317 1.43759308e+01
6572.69419836 -1.43650398e+01
6572.75001355 8.41506958e-01
6572.80582873 -7.68025970e+00
6572.86164392 -9.95894623e+00
6572.91745911 6.99348450e+00
6572.97327430 -2.03571701e+00
6573.02908948 9.47188568e+00
6573.08490467 2.46221981e+01
6573.14071986 -8.21072769e+00
6573.19653504 2.29082260e+01
6573.25235023 -1.97822571e-01
6573.30816542 -2.46810265e+01
6573.36398061 -2.03864670e+00
6573.41979579 2.00744610e+01
6573.47561098 1.78386726e+01
6573.53142617 1.40802155e+01
6573.58724136 4.46155167e+00
6573.64305654 6.86174774e+00
6573.69887173 2.11751633e+01
6573.75468692 2.16618767e+01
6573.81050211 3.57550697e+01
6573.86631729 3.79566650e+01
6573.92213248 -8.59504700e-01
6573.97794767 1.22702332e+01
6574.03376286 -9.60865784e+00
6574.08957804 -2.00422974e+01
6574.14539323 -2.53911591e+01
6574.20120842 2.38311501e+01
6574.25702361 2.50897713e+01
6574.31283879 4.38013916e+01
6574.36865398 2.55435753e+01
6574.42446917 9.29351807e-01
6574.48028435 1.44897156e+01
6574.53609954 1.56595612e+01
6574.59191473 1.94226990e+01
6574.64772992 -1.68094101e+01
6574.70354510 2.68060303e+00
6574.75936029 -2.44213600e+01
6574.81517548 1.48959808e+01
6574.87099067 -1.58408508e+01
6574.92680585 3.55607986e+00
6574.98262104 -1.80723763e+01
6575.03843623 2.02430534e+01
6575.09425142 -2.80645161e+01
6575.15006660 -2.15188065e+01
6575.20588179 -3.42912216e+01
6575.26169698 -3.90554428e+00
6575.31751217 1.01716805e+01
6575.37332735 2.57939072e+01
6575.42914254 -3.06086006e+01
6575.48495773 -2.61081657e+01
6575.54077291 2.29702625e+01
6575.59658810 3.42639160e+00
6575.65240329 1.36516380e+01
6575.70821848 -2.38099823e+01
6575.76403366 9.81204224e+00
6575.81984885 3.12991352e+01
6575.87566404 1.17059555e+01
6575.93147923 1.71259766e+01
6575.98729441 1.07337952e+00
6576.04310960 -1.23224258e+01
6576.09892479 -2.33860016e-01
6576.15473998 -1.25727348e+01
6576.21055516 -9.89140701e+00
6576.26637035 6.56632614e+00
6576.32218554 -8.99068069e+00
6576.37800073 1.82359314e+00
6576.43381591 2.47832489e+01
6576.48963110 1.75346031e+01
6576.54544629 1.73773193e+01
6576.60126148 4.00688171e+01
6576.65707666 -7.11824036e+00
6576.71289185 4.79109955e+00
6576.76870704 -6.73181915e+00
6576.82452222 -4.78137817e+01
6576.88033741 -2.73378963e+01
6576.93615260 -9.07690811e+00
6576.99196779 4.78830338e+00
6577.04778297 -5.28403091e+00
6577.10359816 7.56374359e+00
6577.15941335 1.87954712e+00
6577.21522854 -9.97669220e-01
6577.27104372 9.80947495e+00
6577.32685891 2.51001511e+01
6577.38267410 1.25654602e+01
6577.43848929 -1.23796082e+00
6577.49430447 -2.91413975e+01
6577.55011966 -9.66251755e+00
6577.60593485 2.93273811e+01
6577.66175004 4.52171326e-01
6577.71756522 -2.51465454e+01
6577.77338041 5.92346954e+00
6577.82919560 3.65871811e+00
6577.88501078 2.71567993e+01
6577.94082597 -8.75769043e+00
6577.99664116 7.30357742e+00
6578.05245635 -4.16539726e+01
6578.10827153 1.63333130e+01
6578.16408672 1.13451729e+01
6578.21990191 2.90504074e+00
6578.27571710 1.85457993e+00
6578.33153228 3.07897797e+01
6578.38734747 1.08807068e+01
6578.44316266 -7.89536285e+00
6578.49897785 2.85151291e+00
6578.55479303 2.58613930e+01
6578.61060822 3.14436150e+01
6578.66642341 1.33177681e+01
6578.72223860 -4.41815376e+01
6578.77805378 1.24271011e+00
6578.83386897 -8.96974945e+00
6578.88968416 -4.53912735e+00
6578.94549934 5.97077560e+00
6579.00131453 -8.06119919e+00
6579.05712972 -1.05757160e+01
6579.11294491 2.48124046e+01
6579.16876009 1.77077293e+01
6579.22457528 1.99148407e+01
6579.28039047 2.64239445e+01
6579.33620566 2.31692200e+01
6579.39202084 1.35180664e+01
6579.44783603 -2.20363235e+00
6579.50365122 -1.48494339e+01
6579.55946641 5.95896149e+00
6579.61528159 2.73160667e+01
6579.67109678 5.17017746e+00
6579.72691197 4.12825394e+00
6579.78272716 -2.43166313e+01
6579.83854234 -2.85768738e+01
6579.89435753 7.77611160e+00
6579.95017272 -1.55909386e+01
6580.00598791 1.40820961e+01
6580.06180309 -3.72921600e+01
6580.11761828 -1.96177444e+01
6580.17343347 2.09215355e+01
6580.22924865 1.69517517e+00
6580.28506384 -4.52452469e+00
6580.34087903 1.34574013e+01
6580.39669422 8.51855087e+00
6580.45250940 2.36572990e+01
6580.50832459 6.85745621e+00
6580.56413978 -2.50682831e-01
6580.61995497 3.72597504e+00
6580.67577015 -1.30115204e+01
6580.73158534 -4.21809387e+01
6580.78740053 3.15744019e+00
6580.84321572 1.52867622e+01
6580.89903090 2.31785812e+01
6580.95484609 3.37555275e+01
6581.01066128 -1.15702057e+01
6581.06647647 1.18737946e+01
6581.12229165 1.89431343e+01
6581.17810684 -6.35779572e+00
6581.23392203 2.91232681e+01
6581.28973721 2.51685410e+01
6581.34555240 -2.47255402e+01
6581.40136759 -3.25930328e+01
6581.45718278 2.00696487e+01
6581.51299796 -2.32167206e+01
6581.56881315 -1.95176430e+01
6581.62462834 -2.03054504e+01
6581.68044353 -9.10492325e+00
6581.73625871 -1.95716763e+01
6581.79207390 4.51654930e+01
6581.84788909 -1.36868210e+01
6581.90370428 -1.39819603e+01
6581.95951946 -2.73021469e+01
6582.01533465 -5.10413361e+00
6582.07114984 1.92140503e+01
6582.12696503 -2.35670509e+01
6582.18278021 -2.33533783e+01
6582.23859540 6.10823441e+00
6582.29441059 1.43912125e+01
6582.35022578 8.95478058e+00
6582.40604096 1.95352249e+01
6582.46185615 1.28818512e+00
6582.51767134 3.64548149e+01
6582.57348652 -8.76929092e+00
6582.62930171 -3.34281693e+01
6582.68511690 7.79865265e-01
6582.74093209 2.23963318e+01
6582.79674727 -2.14150810e+01
6582.85256246 7.22276306e+00
6582.90837765 1.96147804e+01
6582.96419284 3.33491364e+01
6583.02000802 1.00076218e+01
6583.07582321 2.29619484e+01
6583.13163840 -9.84157562e-01
6583.18745359 3.38865204e+01
6583.24326877 1.32062111e+01
6583.29908396 7.20967789e+01
6583.35489915 8.33426514e+01
6583.41071434 6.05556641e+01
6583.46652952 5.57074127e+01
6583.52234471 5.35665779e+01
6583.57815990 4.44573212e+01
6583.63397508 3.59314613e+01
6583.68979027 -1.70269165e+01
6583.74560546 1.23380508e+01
6583.80142065 1.51370239e+01
6583.85723583 5.80440140e+00
6583.91305102 4.16760635e+01
6583.96886621 -3.94636345e+01
6584.02468140 -1.37473679e+00
6584.08049658 1.62491455e+01
6584.13631177 -1.43268318e+01
6584.19212696 2.88490410e+01
6584.24794215 1.15131416e+01
6584.30375733 4.99927521e+00
6584.35957252 -2.85414658e+01
6584.41538771 2.70306129e+01
6584.47120290 -4.21798248e+01
6584.52701808 -3.98753738e+00
6584.58283327 -1.06614151e+01
6584.63864846 3.31104851e+01
6584.69446364 1.03434448e+01
6584.75027883 2.16406631e+01
6584.80609402 1.35715408e+01
6584.86190921 -7.51045990e+00
6584.91772439 -1.95723724e+01
6584.97353958 2.59084320e+00
6585.02935477 -2.02821312e+01
6585.08516996 -2.32925911e+01
6585.14098514 3.71853867e+01
6585.19680033 -1.83912125e+01
6585.25261552 1.35679131e+01
6585.30843071 4.32732658e+01
6585.36424589 2.42546082e+00
6585.42006108 9.94561386e+00
6585.47587627 1.84041862e+01
6585.53169146 1.83461113e+01
6585.58750664 -2.39429474e+00
6585.64332183 -2.75272484e+01
6585.69913702 7.17685699e-01
6585.75495221 3.33541832e+01
6585.81076739 4.63438225e+01
6585.86658258 2.48688507e+00
6585.92239777 4.99094772e+00
6585.97821295 1.57125511e+01
6586.03402814 1.52169037e+00
6586.08984333 2.54071541e+01
6586.14565852 4.99399948e+01
6586.20147370 5.72729492e+00
6586.25728889 -1.48202515e+01
6586.31310408 1.62035141e+01
6586.36891927 -3.44581451e+01
6586.42473445 -2.33845520e+01
6586.48054964 5.73674774e+01
6586.53636483 6.15287895e+01
6586.59218002 -2.77651482e+01
6586.64799520 -1.71280060e+01
6586.70381039 -1.86990967e+01
6586.75962558 -1.65267143e+01
6586.81544077 3.85931778e+00
6586.87125595 4.56305008e+01
6586.92707114 2.84406929e+01
6586.98288633 3.66595459e+00
6587.03870151 4.01844025e-01
6587.09451670 -2.49191284e+00
6587.15033189 5.89504242e-01
6587.20614708 -4.37794495e+00
6587.26196226 -2.61280022e+01
6587.31777745 2.30658455e+01
6587.37359264 1.69713745e+01
6587.42940783 8.84174347e-01
6587.48522301 3.37437553e+01
6587.54103820 -3.12121964e+01
6587.59685339 1.54267883e+00
6587.65266858 2.74041634e+01
6587.70848376 3.34952431e+01
6587.76429895 -7.18917847e-01
6587.82011414 -3.62608337e+00
6587.87592933 6.18376541e+00
6587.93174451 1.58556366e+00
6587.98755970 -4.14545059e+00
6588.04337489 -9.73954773e+00
6588.09919008 1.20207214e+01
6588.15500526 -4.10866241e+01
6588.21082045 1.91120262e+01
6588.26663564 2.05957794e+01
6588.32245082 1.29889851e+01
6588.37826601 -7.31719589e+00
6588.43408120 4.12148666e+00
6588.48989639 9.76114273e+00
6588.54571157 -2.68128815e+01
6588.60152676 3.26652908e+00
6588.65734195 7.82584000e+00
6588.71315714 1.56315994e+01
6588.76897232 1.38504639e+01
6588.82478751 -1.18649216e+01
6588.88060270 2.35431213e+01
6588.93641789 3.95317078e+00
6588.99223307 -3.19466972e+01
6589.04804826 -3.01980820e+01
6589.10386345 -1.82931519e+01
6589.15967864 -6.42806625e+00
6589.21549382 -4.53767395e+00
6589.27130901 1.87983437e+01
6589.32712420 -3.99835358e+01
6589.38293938 -5.64375458e+01
6589.43875457 -5.37714005e+00
6589.49456976 -8.03802490e-01
6589.55038495 -1.76597023e+01
6589.60620013 4.34249496e+00
6589.66201532 8.63248062e+00
6589.71783051 1.16663399e+01
6589.77364570 -1.96898746e+01
6589.82946088 -2.43752365e+01
6589.88527607 -2.27557449e+01
6589.94109126 4.36989403e+01
6589.99690645 -1.44956207e+00
6590.05272163 -1.06255341e+01
6590.10853682 -4.26593399e+00
6590.16435201 1.75584106e+01
6590.22016720 -8.86053467e+00
6590.27598238 2.91895027e+01
6590.33179757 -1.48939800e+01
6590.38761276 2.44618683e+01
6590.44342794 2.59922867e+01
6590.49924313 1.37463760e+01
6590.55505832 3.58886185e+01
6590.61087351 -2.92633057e+00
6590.66668869 -1.81422882e+01
6590.72250388 -1.42276344e+01
6590.77831907 2.44164696e+01
6590.83413426 -3.07792130e+01
6590.88994944 4.44541550e+00
6590.94576463 -3.15726776e+01
6591.00157982 3.05311394e+01
6591.05739501 -3.44247208e+01
6591.11321019 -9.72399521e+00
6591.16902538 6.03094482e+00
6591.22484057 -2.29408226e+01
6591.28065576 -7.20464325e+00
6591.33647094 -2.40708923e+01
6591.39228613 3.88777657e+01
6591.44810132 2.51130371e+01
6591.50391651 3.51329803e+01
6591.55973169 2.30811348e+01
6591.61554688 -1.73129501e+01
6591.67136207 1.03378601e+01
6591.72717725 3.48995972e+00
6591.78299244 -1.17780304e+00
6591.83880763 -4.26417923e+00
6591.89462282 3.33028755e+01
6591.95043800 -7.20320511e+00
6592.00625319 -9.52082062e+00
6592.06206838 -1.26852875e+01
6592.11788357 -3.30238686e+01
6592.17369875 -7.73218918e+00
6592.22951394 1.24257545e+01
6592.28532913 -2.16215134e+00
6592.34114432 -3.46881866e+00
6592.39695950 2.64354134e+01
6592.45277469 8.03375244e+00
6592.50858988 -8.11960220e+00
6592.56440507 2.79590569e+01
6592.62022025 3.19969025e+01
6592.67603544 1.96925468e+01
6592.73185063 -1.29996109e+00
6592.78766581 1.44725952e+01
6592.84348100 -1.71143608e+01
6592.89929619 1.04521561e+00
6592.95511138 4.76741791e+00
6593.01092656 8.88587952e-01
6593.06674175 4.44153595e+00
6593.12255694 1.99435043e+00
6593.17837213 4.71939087e+00
6593.23418731 -7.28888321e+00
6593.29000250 1.00435028e+01
6593.34581769 1.65195770e+01
6593.40163288 -1.10268879e+01
6593.45744806 4.86214447e+00
6593.51326325 1.43239212e+00
6593.56907844 1.12283669e+01
6593.62489363 -1.77107716e+01
6593.68070881 1.11945076e+01
6593.73652400 -2.15342216e+01
6593.79233919 -2.47451820e+01
6593.84815438 3.52673035e+01
6593.90396956 -2.15811501e+01
6593.95978475 1.54467430e+01
6594.01559994 1.25417442e+01
6594.07141512 -1.03766022e+01
6594.12723031 -6.94164276e-01
6594.18304550 2.44573021e+01
6594.23886069 3.28337898e+01
6594.29467587 -1.39096832e+00
6594.35049106 9.81829834e+00
6594.40630625 4.23008728e+00
6594.46212144 1.50871372e+01
6594.51793662 2.54382362e+01
6594.57375181 3.12320938e+01
6594.62956700 -1.08898735e+01
6594.68538219 -4.81458664e+00
6594.74119737 3.81629944e-01
6594.79701256 -1.74144707e+01
6594.85282775 -6.77718353e+00
6594.90864294 -1.35914192e+01
6594.96445812 -1.60683022e+01
6595.02027331 -9.48250580e+00
6595.07608850 -1.49586487e+01
6595.13190368 -3.11407471e+01
6595.18771887 -1.58931656e+01
6595.24353406 1.04025230e+01
6595.29934925 2.81005554e+01
6595.35516443 -2.25318451e+01
6595.41097962 -3.00476837e+00
6595.46679481 3.55326805e+01
6595.52261000 -9.30331802e+00
6595.57842518 2.63734474e+01
6595.63424037 -8.13199997e+00
6595.69005556 -1.14033737e+01
6595.74587075 2.10358810e+01
6595.80168593 -5.77607727e+00
6595.85750112 -1.29046631e+00
6595.91331631 2.31180573e+00
6595.96913150 -3.17167969e+01
6596.02494668 -4.36721420e+00
6596.08076187 -3.46947098e+00
6596.13657706 -1.96346397e+01
6596.19239224 -1.16751099e+01
6596.24820743 -2.25351334e+00
6596.30402262 -4.26875687e+00
6596.35983781 3.66005402e+01
6596.41565299 -4.59873581e+00
6596.47146818 2.72758369e+01
6596.52728337 1.55123215e+01
6596.58309856 8.99920273e+00
6596.63891374 -3.62391930e+01
6596.69472893 8.08004761e+00
6596.75054412 3.32500648e+01
6596.80635931 -1.37970810e+01
6596.86217449 2.29715729e+00
6596.91798968 5.13877182e+01
6596.97380487 1.65582466e+01
6597.02962006 -3.79470825e-01
6597.08543524 3.30802193e+01
6597.14125043 5.06594086e+00
6597.19706562 -3.55489807e+01
6597.25288081 -1.55690079e+01
6597.30869599 7.73742294e+00
6597.36451118 -1.92245445e+01
6597.42032637 -3.65452957e+01
6597.47614155 -2.70105190e+01
6597.53195674 -1.56707611e+01
6597.58777193 3.40464401e+01
6597.64358712 -1.75796127e+01
6597.69940230 9.76133347e+00
6597.75521749 1.52003746e+01
6597.81103268 -8.77113342e+00
6597.86684787 -9.79623413e+00
6597.92266305 -2.03372917e+01
6597.97847824 5.27206802e+00
6598.03429343 -3.50650787e-01
6598.09010862 1.24586754e+01
6598.14592380 8.74982452e+00
6598.20173899 -3.46538544e-01
6598.25755418 3.70356598e+01
6598.31336937 8.75217056e+00
6598.36918455 -1.04845886e+01
6598.42499974 2.64923859e+00
6598.48081493 -1.51704960e+01
6598.53663011 -1.25800209e+01
6598.59244530 -2.02345276e+00
6598.64826049 -7.41451263e+00
6598.70407568 1.66234589e+01
6598.75989086 9.01913071e+00
6598.81570605 1.18667221e+00
6598.87152124 -5.66056061e+00
6598.92733643 -3.77906036e+00
6598.98315161 -2.02216682e+01
6599.03896680 7.74926376e+00
6599.09478199 -5.06933975e+00
6599.15059718 2.09631958e+01
6599.20641236 2.03161964e+01
6599.26222755 2.40900421e+00
6599.31804274 -1.79658051e+01
6599.37385793 1.02188339e+01
6599.42967311 3.41665649e+00
6599.48548830 7.69242859e+00
6599.54130349 1.35932655e+01
6599.59711868 9.97244644e+00
6599.65293386 -2.02951813e+00
6599.70874905 -3.72796364e+01
6599.76456424 8.69312286e-01
6599.82037942 2.10366249e+01
6599.87619461 6.52276993e+00
6599.93200980 2.20465775e+01
6599.98782499 1.31924362e+01
6600.04364017 4.12797546e+00
6600.09945536 -1.13086967e+01
6600.15527055 4.25992546e+01
6600.21108574 1.48129082e+01
6600.26690092 -1.23154373e+01
6600.32271611 6.61465454e+00
6600.37853130 1.27418518e-01
6600.43434649 6.05126419e+01
6600.49016167 -8.58785248e+00
6600.54597686 2.12347488e+01
6600.60179205 -6.86615372e+00
6600.65760724 -4.23870850e+00
6600.71342242 -1.15680695e-01
6600.76923761 1.11128807e+01
6600.82505280 -1.52230759e+01
6600.88086798 2.22671165e+01
6600.93668317 6.08496094e+00
6600.99249836 -1.12102127e+01
6601.04831355 -8.87658691e+00
6601.10412873 2.76844044e+01
6601.15994392 -2.23109818e+00
6601.21575911 9.77467346e+00
6601.27157430 -3.53730927e+01
6601.32738948 8.70838165e+00
6601.38320467 -1.25934105e+01
6601.43901986 -3.80384827e+00
6601.49483505 8.48220825e-01
6601.55065023 1.50935669e+01
6601.60646542 9.34506989e+00
6601.66228061 -2.60270290e+01
6601.71809580 1.80554199e+00
6601.77391098 -1.94438114e+01
6601.82972617 2.46885834e+01
6601.88554136 2.81903114e+01
6601.94135654 1.78994598e+01
6601.99717173 -6.39521790e+00
6602.05298692 1.07590179e+01
6602.10880211 2.74597435e+01
6602.16461729 1.51565742e+01
6602.22043248 1.91902657e+01
6602.27624767 -1.06547546e+00
6602.33206286 1.48529167e+01
6602.38787804 -6.40240097e+00
6602.44369323 -3.01683044e+01
6602.49950842 -9.34829903e+00
6602.55532361 7.24461746e+00
6602.61113879 -7.86171341e+00
6602.66695398 -1.14263000e+01
6602.72276917 -3.81592560e+00
6602.77858436 -2.85333099e+01
6602.83439954 -1.95635853e+01
6602.89021473 8.80934525e+00
6602.94602992 1.47534370e+01
6603.00184511 -2.04518242e+01
