# Rest-frame spectrum generated from: N5584A0003o_1d_rest.fits
# lambda_Ha_obs = 6596.85600000 Angstrom
# lambda_Ha_rest = 6562.80000000 Angstrom
# z_Ha = 5.1892484915e-03
# v_Ha_relativistic = 1551.661164 km/s
# v_Ha_classical = 1555.697560 km/s
# columns: wavelength_rest[Angstrom] flux_or_counts

6484.62820139 -2.18638916e+01
6484.68347665 -2.18646450e+01
6484.73875190 -2.18646889e+01
6484.79402716 -2.18661537e+01
6484.84930242 -2.18651829e+01
6484.90457768 -2.18647537e+01
6484.95985293 -2.18647537e+01
6485.01512819 -2.18648491e+01
6485.07040345 -2.18657036e+01
6485.12567871 -2.18640709e+01
6485.18095396 -2.18646793e+01
6485.23622922 -2.18661556e+01
6485.29150448 -2.18665466e+01
6485.34677974 -2.16129436e+01
6485.40205499 -1.83860550e+01
6485.45733025 -1.69892540e+01
6485.51260551 -1.42524471e+01
6485.56788077 -1.40602455e+01
6485.62315602 -3.58182144e+00
6485.67843128 -6.18910599e+00
6485.73370654 -2.44971142e+01
6485.78898180 -1.93506641e+01
6485.84425705 -2.05346966e+01
6485.89953231 1.09368134e+00
6485.95480757 -5.26470947e+00
6486.01008283 -1.58738403e+01
6486.06535809 -1.11571960e+01
6486.12063334 -1.91877747e+00
6486.17590860 -6.31256104e-02
6486.23118386 -1.98992310e+01
6486.28645912 2.54884720e+00
6486.34173437 -4.45821838e+01
6486.39700963 3.22145653e+00
6486.45228489 1.86899872e+01
6486.50756015 -1.38031693e+01
6486.56283540 6.38785362e+00
6486.61811066 -8.50428009e+00
6486.67338592 -2.69074631e+00
6486.72866118 1.64147625e+01
6486.78393643 -6.16117764e+00
6486.83921169 -9.32086945e-01
6486.89448695 2.51078243e+01
6486.94976221 -5.63201904e-02
6487.00503746 1.39965076e+01
6487.06031272 -1.15550270e+01
6487.11558798 -2.13442783e+01
6487.17086324 8.90769005e+00
6487.22613849 1.57555180e+01
6487.28141375 1.19956398e+01
6487.33668901 1.07173386e+01
6487.39196427 6.88225365e+00
6487.44723952 2.25179043e+01
6487.50251478 1.45761871e+01
6487.55779004 7.71814156e+00
6487.61306530 -1.29741669e-01
6487.66834056 -1.29474106e+01
6487.72361581 1.04661217e+01
6487.77889107 -4.17083740e+00
6487.83416633 2.08504410e+01
6487.88944159 1.68113708e-02
6487.94471684 -9.77930069e-01
6487.99999210 -5.31434250e+00
6488.05526736 2.94591942e+01
6488.11054262 2.33693314e+01
6488.16581787 -5.77828026e+00
6488.22109313 1.69155769e+01
6488.27636839 -5.53436279e-01
6488.33164365 -2.84720993e+00
6488.38691890 -1.10960503e+01
6488.44219416 2.16627121e+00
6488.49746942 1.93059998e+01
6488.55274468 8.09885406e+00
6488.60801993 3.54486465e+00
6488.66329519 -1.41134644e+00
6488.71857045 -1.88942337e+01
6488.77384571 -4.31955338e-01
6488.82912096 1.28434677e+01
6488.88439622 -2.01551094e+01
6488.93967148 -6.63002586e+00
6488.99494674 -2.61600304e+00
6489.05022199 -8.39397430e-01
6489.10549725 -3.69017029e+00
6489.16077251 7.38056946e+00
6489.21604777 6.51817322e+00
6489.27132303 3.03363018e+01
6489.32659828 3.07321510e+01
6489.38187354 1.22786884e+01
6489.43714880 -1.89840145e+01
6489.49242406 -5.41567230e+00
6489.54769931 4.12454033e+00
6489.60297457 3.99040985e+00
6489.65824983 1.53010273e+01
6489.71352509 2.68014221e+01
6489.76880034 2.16736870e+01
6489.82407560 -1.37168407e+01
6489.87935086 1.67951202e+00
6489.93462612 4.56814575e+00
6489.98990137 -4.72753143e+00
6490.04517663 4.56904221e+00
6490.10045189 1.16688728e+01
6490.15572715 -2.47075787e+01
6490.21100240 -5.10875702e+00
6490.26627766 -1.96208954e+00
6490.32155292 -1.74550018e+01
6490.37682818 -4.14171600e+00
6490.43210343 -2.20558929e+00
6490.48737869 1.13515778e+01
6490.54265395 -1.52329178e+01
6490.59792921 5.56537628e+00
6490.65320446 -1.55540257e+01
6490.70847972 -1.02329254e+01
6490.76375498 -4.09335518e+00
6490.81903024 -5.29282951e+00
6490.87430550 2.09753532e+01
6490.92958075 1.33150597e+01
6490.98485601 -6.68586731e-01
6491.04013127 2.18086243e+01
6491.09540653 -8.15858841e+00
6491.15068178 -1.44553623e+01
6491.20595704 1.62994461e+01
6491.26123230 2.40889339e+01
6491.31650756 1.72790031e+01
6491.37178281 2.98356628e+00
6491.42705807 1.90467834e-01
6491.48233333 1.99528008e+01
6491.53760859 -7.55227661e+00
6491.59288384 1.18171692e+00
6491.64815910 6.45906639e+00
6491.70343436 -1.04458618e+00
6491.75870962 -1.55850506e+01
6491.81398487 1.27412643e+01
6491.86926013 2.27944889e+01
6491.92453539 -1.50291710e+01
6491.97981065 1.02331352e+01
6492.03508590 -1.11134644e+01
6492.09036116 -8.00040054e+00
6492.14563642 9.27645493e+00
6492.20091168 1.22196198e-01
6492.25618693 9.91196251e+00
6492.31146219 6.45065308e-02
6492.36673745 5.33926010e+00
6492.42201271 -8.49630928e+00
6492.47728797 7.33459091e+00
6492.53256322 3.53382492e+00
6492.58783848 -1.43424606e+00
6492.64311374 -1.15236206e+01
6492.69838900 1.76447353e+01
6492.75366425 -1.18558617e+01
6492.80893951 1.69326992e+01
6492.86421477 2.16984100e+01
6492.91949003 5.42549515e+00
6492.97476528 2.56322289e+00
6493.03004054 -1.20768738e+00
6493.08531580 2.06434593e+01
6493.14059106 3.14723015e+00
6493.19586631 -4.06343269e+00
6493.25114157 3.24346542e-01
6493.30641683 1.08340988e+01
6493.36169209 -1.85776558e+01
6493.41696734 3.13836403e+01
6493.47224260 -9.85451317e+00
6493.52751786 1.31916027e+01
6493.58279312 -1.14402866e+01
6493.63806837 5.01391602e+00
6493.69334363 -6.19538116e+00
6493.74861889 -1.98959141e+01
6493.80389415 -1.28877907e+01
6493.85916940 -9.98482704e+00
6493.91444466 6.24780655e+00
6493.96971992 -5.75941467e+00
6494.02499518 -3.37505913e+00
6494.08027043 1.50201797e+00
6494.13554569 3.56139755e+00
6494.19082095 -9.89584923e+00
6494.24609621 1.07889290e+01
6494.30137147 2.93538284e+00
6494.35664672 -2.20747032e+01
6494.41192198 -1.04561844e+01
6494.46719724 3.64136505e+00
6494.52247250 3.22985077e+00
6494.57774775 2.09366035e+01
6494.63302301 -1.21751518e+01
6494.68829827 -2.17589741e+01
6494.74357353 6.88356781e+00
6494.79884878 1.09118176e+01
6494.85412404 1.81283131e+01
6494.90939930 -7.67718124e+00
6494.96467456 -1.09054947e+00
6495.01994981 6.39446640e+00
6495.07522507 4.22695160e-01
6495.13050033 3.50305176e+00
6495.18577559 2.58253365e+01
6495.24105084 -8.67904663e-01
6495.29632610 -1.00587273e+01
6495.35160136 -3.44164085e+00
6495.40687662 4.86343765e+00
6495.46215187 -3.16273327e+01
6495.51742713 -1.10642223e+01
6495.57270239 -1.88356934e+01
6495.62797765 -1.12457256e+01
6495.68325290 1.96782284e+01
6495.73852816 -6.07716560e+00
6495.79380342 -8.37207794e-01
6495.84907868 9.12484741e+00
6495.90435394 -2.20920200e+01
6495.95962919 -7.74480820e+00
6496.01490445 1.34700317e+01
6496.07017971 7.34208298e+00
6496.12545497 -6.91694069e+00
6496.18073022 -1.12547836e+01
6496.23600548 -7.14714050e-01
6496.29128074 2.64287987e+01
6496.34655600 1.84954548e+01
6496.40183125 1.68608856e+00
6496.45710651 -1.18117542e+01
6496.51238177 1.13125076e+01
6496.56765703 8.93490219e+00
6496.62293228 -1.82613659e+01
6496.67820754 1.86270084e+01
6496.73348280 1.73830719e+01
6496.78875806 8.50092316e+00
6496.84403331 7.36040878e+00
6496.89930857 -3.04326954e+01
6496.95458383 -3.45032692e+01
6497.00985909 7.32571030e+00
6497.06513434 1.51990738e+01
6497.12040960 2.04270935e+00
6497.17568486 4.64416885e+00
6497.23096012 -3.10014725e-01
6497.28623537 -3.98846436e+00
6497.34151063 6.67244720e+00
6497.39678589 -9.89901733e+00
6497.45206115 7.33074951e+00
6497.50733641 -7.03297043e+00
6497.56261166 -2.01517162e+01
6497.61788692 1.21684532e+01
6497.67316218 1.60367298e+01
6497.72843744 -1.13943100e+00
6497.78371269 2.69872322e+01
6497.83898795 2.55364265e+01
6497.89426321 -7.01081085e+00
6497.94953847 2.39002552e+01
6498.00481372 3.16956844e+01
6498.06008898 -1.35774250e+01
6498.11536424 -2.59254837e+00
6498.17063950 4.23865547e+01
6498.22591475 2.27444649e+01
6498.28119001 3.05019760e+00
6498.33646527 -5.62501144e+00
6498.39174053 -2.06511402e+01
6498.44701578 9.87943649e+00
6498.50229104 -2.23000259e+01
6498.55756630 2.41267624e+01
6498.61284156 -1.63860435e+01
6498.66811681 -1.37678013e+01
6498.72339207 -2.25094433e+01
6498.77866733 -7.16203690e-01
6498.83394259 2.41640530e+01
6498.88921784 1.22877998e+01
6498.94449310 2.06593323e+00
6498.99976836 2.14701805e+01
6499.05504362 2.05557995e+01
6499.11031888 5.49503326e+00
6499.16559413 -1.28780861e+01
6499.22086939 -1.24476948e+01
6499.27614465 2.18407536e+01
6499.33141991 -1.00477982e+00
6499.38669516 2.59354401e+00
6499.44197042 2.41296844e+01
6499.49724568 -4.62831497e+00
6499.55252094 1.24254494e+01
6499.60779619 3.21989059e+00
6499.66307145 -5.74329376e-01
6499.71834671 6.62975693e+00
6499.77362197 3.78455849e+01
6499.82889722 -1.96661377e+00
6499.88417248 7.95983696e+00
6499.93944774 1.32500801e+01
6499.99472300 -1.27959633e+00
6500.04999825 1.25664291e+01
6500.10527351 2.68328705e+01
6500.16054877 1.04951286e+01
6500.21582403 6.82233238e+00
6500.27109928 1.99247379e+01
6500.32637454 1.11575470e+01
6500.38164980 7.36923599e+00
6500.43692506 1.55320969e+01
6500.49220031 1.15083237e+01
6500.54747557 -2.27629852e+00
6500.60275083 -2.00590134e+00
6500.65802609 3.58933258e+00
6500.71330135 5.84427261e+00
6500.76857660 1.01905594e+01
6500.82385186 1.82996082e+01
6500.87912712 2.24555645e+01
6500.93440238 2.24400501e+01
6500.98967763 -3.63729858e+00
6501.04495289 2.82746086e+01
6501.10022815 2.20300446e+01
6501.15550341 1.12173996e+01
6501.21077866 4.28022003e+00
6501.26605392 -1.41608562e+01
6501.32132918 5.57469177e+00
6501.37660444 1.47098656e+01
6501.43187969 8.08589172e+00
6501.48715495 1.60121765e+01
6501.54243021 6.46864700e+00
6501.59770547 4.22328949e+00
6501.65298072 -1.05804539e+01
6501.70825598 2.17758884e+01
6501.76353124 -7.39415550e+00
6501.81880650 1.38118744e-01
6501.87408175 2.50245209e+01
6501.92935701 -9.74106216e+00
6501.98463227 3.91518021e+00
6502.03990753 -5.97620392e+00
6502.09518278 -2.38521690e+01
6502.15045804 -7.70702362e+00
6502.20573330 1.45284309e+01
6502.26100856 -8.48299026e+00
6502.31628382 -2.04944801e+01
6502.37155907 8.90844727e+00
6502.42683433 1.87825279e+01
6502.48210959 -2.95975227e+01
6502.53738485 2.92751331e+01
6502.59266010 -2.53026714e+01
6502.64793536 3.57030106e+01
6502.70321062 1.50432549e+01
6502.75848588 -8.80283546e+00
6502.81376113 -2.54596882e+01
6502.86903639 1.29057865e+01
6502.92431165 1.62137604e+00
6502.97958691 7.78034210e-01
6503.03486216 2.60280609e-01
6503.09013742 1.26028976e+01
6503.14541268 -1.49309711e+01
6503.20068794 1.61855659e+01
6503.25596319 3.05345268e+01
6503.31123845 6.06148911e+00
6503.36651371 2.02079239e+01
6503.42178897 -2.02296658e+01
6503.47706422 -2.28357315e+00
6503.53233948 3.88207626e+00
6503.58761474 1.39846115e+01
6503.64289000 9.38384247e+00
6503.69816525 6.01406097e+00
6503.75344051 1.33016586e+01
6503.80871577 -5.11018944e+00
6503.86399103 4.58561325e+00
6503.91926629 2.40561333e+01
6503.97454154 1.20877190e+01
6504.02981680 1.82874756e+01
6504.08509206 4.02318382e+00
6504.14036732 2.85945435e+01
6504.19564257 1.75485764e+01
6504.25091783 1.26205597e+01
6504.30619309 -2.46447601e+01
6504.36146835 9.90486526e+00
6504.41674360 4.24582291e+00
6504.47201886 2.53699875e+00
6504.52729412 6.05989075e+00
6504.58256938 -1.43988800e+00
6504.63784463 -1.13375931e+01
6504.69311989 1.23285065e+01
6504.74839515 -1.89329929e+01
6504.80367041 9.55669403e-01
6504.85894566 1.95506172e+01
6504.91422092 -1.10057068e+01
6504.96949618 1.04747543e+01
6505.02477144 -8.76299858e+00
6505.08004669 -7.62786865e-02
6505.13532195 -6.62344742e+00
6505.19059721 -4.99399948e+00
6505.24587247 -1.04634895e+01
6505.30114772 -5.12973309e+00
6505.35642298 1.57824612e+01
6505.41169824 2.29150944e+01
6505.46697350 -1.34919052e+01
6505.52224875 -1.07071228e+01
6505.57752401 -8.68659973e+00
6505.63279927 1.32594643e+01
6505.68807453 1.03595657e+01
6505.74334979 6.00041962e+00
6505.79862504 -8.87129593e+00
6505.85390030 -1.44396820e+01
6505.90917556 -4.15776825e+00
6505.96445082 -7.23235512e+00
6506.01972607 -1.77615433e+01
6506.07500133 -2.42677689e+00
6506.13027659 2.66364594e+01
6506.18555185 8.89159966e+00
6506.24082710 6.24540710e+00
6506.29610236 4.11972046e+00
6506.35137762 -1.19043484e+01
6506.40665288 1.97024918e+00
6506.46192813 -1.81935349e+01
6506.51720339 4.92834473e+00
6506.57247865 -1.31008835e+01
6506.62775391 -2.97610092e+00
6506.68302916 1.41951504e+01
6506.73830442 3.76526642e+01
6506.79357968 1.25489807e+01
6506.84885494 -1.20910511e+01
6506.90413019 1.21837444e+01
6506.95940545 2.21584129e+01
6507.01468071 -6.73290062e+00
6507.06995597 -4.05281448e+00
6507.12523122 1.39497623e+01
6507.18050648 4.10883331e+00
6507.23578174 6.79383087e+00
6507.29105700 -7.38409042e-01
6507.34633226 1.28327065e+01
6507.40160751 -4.54896927e+00
6507.45688277 2.03548622e+01
6507.51215803 1.16729660e+01
6507.56743329 -5.65571976e+00
6507.62270854 -3.39276924e+01
6507.67798380 -6.48335648e+00
6507.73325906 1.06171627e+01
6507.78853432 -1.45987740e+01
6507.84380957 1.95849056e+01
6507.89908483 -4.88964272e+00
6507.95436009 3.42527771e+00
6508.00963535 -6.20688248e+00
6508.06491060 -8.78419876e+00
6508.12018586 2.58037949e+00
6508.17546112 -2.03650265e+01
6508.23073638 6.65878868e+00
6508.28601163 7.70880508e+00
6508.34128689 4.55008316e+00
6508.39656215 -2.09356823e+01
6508.45183741 -1.61247730e+01
6508.50711266 -1.42588806e+01
6508.56238792 -9.01030731e+00
6508.61766318 -7.24501419e+00
6508.67293844 7.66061592e+00
6508.72821369 -3.96844864e-01
6508.78348895 1.15419941e+01
6508.83876421 1.71014118e+01
6508.89403947 1.80627308e+01
6508.94931473 1.71033478e+00
6509.00458998 -5.79196167e+00
6509.05986524 -1.12900658e+01
6509.11514050 1.99956398e+01
6509.17041576 1.30100594e+01
6509.22569101 -2.71212845e+01
6509.28096627 -1.71194324e+01
6509.33624153 -6.09991455e+00
6509.39151679 -1.85224762e+01
6509.44679204 1.61195412e+01
6509.50206730 1.60796814e+01
6509.55734256 -2.15769920e+01
6509.61261782 -2.11800385e+00
6509.66789307 -2.38983498e+01
6509.72316833 -3.61197090e+00
6509.77844359 -2.35799694e+01
6509.83371885 1.50756836e-02
6509.88899410 8.86258698e+00
6509.94426936 4.57145691e-01
6509.99954462 3.11802864e+01
6510.05481988 9.11124802e+00
6510.11009513 -2.73324871e+01
6510.16537039 1.32779503e+01
6510.22064565 1.16729813e+01
6510.27592091 1.11620827e+01
6510.33119616 6.21203423e+00
6510.38647142 -9.70443344e+00
6510.44174668 2.98575974e+00
6510.49702194 1.26120224e+01
6510.55229720 -1.40513000e+01
6510.60757245 -8.67353439e+00
6510.66284771 3.43901062e+00
6510.71812297 -1.25706100e+00
6510.77339823 -2.65583801e+00
6510.82867348 -9.47632980e+00
6510.88394874 -6.11971664e+00
6510.93922400 -1.68979416e+01
6510.99449926 -1.88167686e+01
6511.04977451 -4.90882874e-01
6511.10504977 -1.28409138e+01
6511.16032503 -1.38075371e+01
6511.21560029 1.51879921e+01
6511.27087554 -1.33261871e+00
6511.32615080 -9.86591721e+00
6511.38142606 -3.92436218e+00
6511.43670132 -1.15418911e+01
6511.49197657 -5.94207764e-01
6511.54725183 1.44907455e+01
6511.60252709 6.48450470e+00
6511.65780235 1.22616310e+01
6511.71307760 1.93209496e+01
6511.76835286 1.92252865e+01
6511.82362812 1.27093811e+01
6511.87890338 -1.49811382e+01
6511.93417863 9.16494370e+00
6511.98945389 1.70999870e+01
6512.04472915 -2.25670624e+00
6512.10000441 -2.82563553e+01
6512.15527967 -1.69931545e+01
6512.21055492 3.74715767e+01
6512.26583018 -4.84769058e+00
6512.32110544 -2.22725449e+01
6512.37638070 8.95422935e+00
6512.43165595 2.85406876e+00
6512.48693121 -8.98595047e+00
6512.54220647 -1.35442715e+01
6512.59748173 -6.32752609e+00
6512.65275698 1.33488884e+01
6512.70803224 1.49678497e+01
6512.76330750 -1.48150845e+01
6512.81858276 5.88043785e+00
6512.87385801 -2.28612137e+00
6512.92913327 -2.92825699e+00
6512.98440853 6.65399170e+00
6513.03968379 -5.07780266e+00
6513.09495904 -8.77020264e+00
6513.15023430 1.61887684e+01
6513.20550956 3.62703514e+00
6513.26078482 2.59066200e+01
6513.31606007 7.60952759e+00
6513.37133533 -1.91459904e+01
6513.42661059 8.54410744e+00
6513.48188585 -1.86453152e+01
6513.53716110 8.39170074e+00
6513.59243636 -1.48315315e+01
6513.64771162 1.59263573e+01
6513.70298688 -5.11528015e+00
6513.75826214 -1.49681988e+01
6513.81353739 3.61126366e+01
6513.86881265 3.58185616e+01
6513.92408791 -9.94968414e-01
6513.97936317 1.20867386e+01
6514.03463842 5.38420105e+00
6514.08991368 -8.56192207e+00
6514.14518894 3.33221512e+01
6514.20046420 3.26816444e+01
6514.25573945 9.45289612e+00
6514.31101471 5.00935593e+01
6514.36628997 2.87891426e+01
6514.42156523 2.57958183e+01
6514.47684048 3.37596092e+01
6514.53211574 -3.20721130e+01
6514.58739100 1.12195969e+00
6514.64266626 1.89381599e+01
6514.69794151 3.06140137e+01
6514.75321677 2.00942917e+01
6514.80849203 1.67109127e+01
6514.86376729 2.90629578e+00
6514.91904254 -7.43370438e+00
6514.97431780 -4.25672913e+00
6515.02959306 -1.84460144e+01
6515.08486832 -4.12163620e+01
6515.14014357 2.06668415e+01
6515.19541883 1.17607574e+01
6515.25069409 -8.49910927e+00
6515.30596935 2.33384781e+01
6515.36124460 5.39259644e+01
6515.41651986 -8.04212189e+00
6515.47179512 -2.71464901e+01
6515.52707038 -7.72081184e+00
6515.58234564 2.10583916e+01
6515.63762089 4.52690506e+00
6515.69289615 -2.34838810e+01
6515.74817141 1.01045151e+01
6515.80344667 6.88203239e+00
6515.85872192 -2.16104374e+01
6515.91399718 1.27676773e+00
6515.96927244 -4.42115784e-01
6516.02454770 -1.37473869e+01
6516.07982295 -1.70100708e+01
6516.13509821 7.62814331e+00
6516.19037347 2.89348488e+01
6516.24564873 -3.19696426e+00
6516.30092398 -2.24342384e+01
6516.35619924 -7.50415421e+00
6516.41147450 1.61016331e+01
6516.46674976 6.10637665e-02
6516.52202501 -2.68171864e+01
6516.57730027 1.58463058e+01
6516.63257553 -1.49680405e+01
6516.68785079 1.07272148e+01
6516.74312604 8.18763351e+00
6516.79840130 -1.41872711e+01
6516.85367656 -1.16970825e+00
6516.90895182 -3.27147675e+00
6516.96422707 -9.16378021e-01
6517.01950233 -1.34186897e+01
6517.07477759 -6.94606972e+00
6517.13005285 2.07761211e+01
6517.18532811 1.17457542e+01
6517.24060336 -1.27412033e+00
6517.29587862 9.86524963e+00
6517.35115388 2.90570450e+00
6517.40642914 -6.28181267e+00
6517.46170439 2.89426804e-01
6517.51697965 -1.26779747e+00
6517.57225491 1.64049568e+01
6517.62753017 5.28770828e+00
6517.68280542 -1.55403442e+01
6517.73808068 -1.49044800e+00
6517.79335594 1.84846497e+00
6517.84863120 -9.99546051e+00
6517.90390645 1.32550812e+00
6517.95918171 -2.58444118e+01
6518.01445697 -6.53012848e+00
6518.06973223 2.61748505e+00
6518.12500748 4.51475143e+00
6518.18028274 5.14650726e+00
6518.23555800 2.06482697e+00
6518.29083326 -4.57415390e+00
6518.34610851 4.26572800e+00
6518.40138377 -1.56092834e+01
6518.45665903 -9.96917152e+00
6518.51193429 1.90559540e+01
6518.56720954 -1.23875027e+01
6518.62248480 1.96929932e-01
6518.67776006 1.10782280e+01
6518.73303532 -7.06655121e+00
6518.78831058 -1.94965649e+01
6518.84358583 -7.36777878e+00
6518.89886109 4.17861633e+01
6518.95413635 -7.03783989e+00
6519.00941161 -9.99385262e+00
6519.06468686 1.06955452e+01
6519.11996212 -1.24993229e+01
6519.17523738 -9.91244507e+00
6519.23051264 1.62175484e+01
6519.28578789 -7.40267944e+00
6519.34106315 -2.97044373e+00
6519.39633841 1.91911316e+01
6519.45161367 -1.35998268e+01
6519.50688892 -7.92195129e+00
6519.56216418 2.54794502e+01
6519.61743944 3.81739426e+00
6519.67271470 3.89338150e+01
6519.72798995 -1.61557274e+01
6519.78326521 -1.97388706e+01
6519.83854047 -5.34204865e+00
6519.89381573 -7.12048721e+00
6519.94909098 -1.18961601e+01
6520.00436624 1.05447636e+01
6520.05964150 1.19947815e+00
6520.11491676 -1.14280548e+01
6520.17019201 -8.40233612e+00
6520.22546727 -3.38791275e+00
6520.28074253 -1.33915710e+00
6520.33601779 6.50172043e+00
6520.39129305 -3.54900742e+00
6520.44656830 -9.89551544e+00
6520.50184356 -8.54687119e+00
6520.55711882 -3.15997314e+00
6520.61239408 -5.73649788e+00
6520.66766933 -8.22624969e+00
6520.72294459 1.18454018e+01
6520.77821985 1.96616402e+01
6520.83349511 1.22856236e+01
6520.88877036 2.00141220e+01
6520.94404562 8.15261841e+00
6520.99932088 1.26757050e+00
6521.05459614 -2.42973309e+01
6521.10987139 7.88757324e-01
6521.16514665 9.25071716e-01
6521.22042191 -2.09567242e+01
6521.27569717 2.51640320e+00
6521.33097242 -1.85342255e+01
6521.38624768 7.33166122e+00
6521.44152294 9.56860161e+00
6521.49679820 -4.48322678e+00
6521.55207345 5.71898270e+00
6521.60734871 -1.93356190e+01
6521.66262397 -1.16378288e+01
6521.71789923 -1.55004120e+01
6521.77317448 -9.81146622e+00
6521.82844974 1.12064857e+01
6521.88372500 1.19959641e+01
6521.93900026 2.25821686e+01
6521.99427552 -2.61599808e+01
6522.04955077 -2.92668571e+01
6522.10482603 1.13235149e+01
6522.16010129 2.51612473e+00
6522.21537655 7.71512222e+00
6522.27065180 1.29967499e+00
6522.32592706 -1.21889877e+00
6522.38120232 1.48503075e+01
6522.43647758 1.90565186e+01
6522.49175283 2.60148697e+01
6522.54702809 2.02172089e+00
6522.60230335 1.59241333e+01
6522.65757861 3.84112396e+01
6522.71285386 -5.95955849e+00
6522.76812912 9.04412079e+00
6522.82340438 -6.58773041e+00
6522.87867964 -2.19247055e+01
6522.93395489 2.24431725e+01
6522.98923015 8.53624725e+00
6523.04450541 1.45622635e+00
6523.09978067 6.97952271e+00
6523.15505592 -7.77363205e+00
6523.21033118 -1.71263008e+01
6523.26560644 -1.19428711e+01
6523.32088170 2.60789433e+01
6523.37615695 -4.27989960e+00
6523.43143221 7.73281097e-01
6523.48670747 2.83638268e+01
6523.54198273 -2.37422943e-01
6523.59725799 7.35566711e+00
6523.65253324 8.83407211e+00
6523.70780850 1.42730064e+01
6523.76308376 2.01528778e+01
6523.81835902 1.84678440e+01
6523.87363427 -2.40668106e+00
6523.92890953 8.40125656e+00
6523.98418479 -2.54898071e-01
6524.03946005 -3.43857040e+01
6524.09473530 -8.21403694e+00
6524.15001056 -1.72626057e+01
6524.20528582 -1.35183792e+01
6524.26056108 1.56458435e+01
6524.31583633 -2.37362480e+00
6524.37111159 1.89827118e+01
6524.42638685 9.03486824e+00
6524.48166211 -1.30909100e+01
6524.53693736 -1.37287655e+01
6524.59221262 1.44138145e+01
6524.64748788 3.20992661e+00
6524.70276314 2.86634541e+01
6524.75803839 1.67893524e+01
6524.81331365 2.62333908e+01
6524.86858891 5.80427170e+00
6524.92386417 2.51425514e+01
6524.97913942 1.65634041e+01
6525.03441468 1.84415092e+01
6525.08968994 6.34225082e+00
6525.14496520 9.04133606e+00
6525.20024046 1.92352142e+01
6525.25551571 -4.09112930e+00
6525.31079097 8.15963745e-02
6525.36606623 1.83678017e+01
6525.42134149 1.96696243e+01
6525.47661674 1.29153938e+01
6525.53189200 -7.91404724e-01
6525.58716726 1.63315277e+01
6525.64244252 1.57299271e+01
6525.69771777 2.65713501e+00
6525.75299303 5.49288177e+00
6525.80826829 -1.72826557e+01
6525.86354355 -1.25550251e+01
6525.91881880 1.35790253e+00
6525.97409406 -7.80090332e-01
6526.02936932 -2.26675797e+00
6526.08464458 -5.32884026e+00
6526.13991983 -2.18198509e+01
6526.19519509 5.04057693e+00
6526.25047035 8.45711899e+00
6526.30574561 -8.31261063e+00
6526.36102086 5.65147018e+00
6526.41629612 2.62874222e+00
6526.47157138 2.12995243e+01
6526.52684664 1.88694992e+01
6526.58212189 -6.76099777e-01
6526.63739715 2.63160439e+01
6526.69267241 -9.96184349e+00
6526.74794767 6.99736023e+00
6526.80322292 8.27390671e+00
6526.85849818 2.02782516e+01
6526.91377344 -1.10288620e+00
6526.96904870 1.94532585e+01
6527.02432396 1.03515854e+01
6527.07959921 -3.81935501e+00
6527.13487447 8.59179688e+00
6527.19014973 -5.56216621e+00
6527.24542499 5.44178238e+01
6527.30070024 1.29898224e+01
6527.35597550 3.98922882e+01
6527.41125076 4.99216194e+01
6527.46652602 6.51718903e+00
6527.52180127 -4.08859253e-01
6527.57707653 5.36494255e+01
6527.63235179 6.62269440e+01
6527.68762705 4.69489441e+01
6527.74290230 6.35124550e+01
6527.79817756 6.33524513e+01
6527.85345282 5.37835121e+01
6527.90872808 8.19473267e+01
6527.96400333 7.49529724e+01
6528.01927859 8.48009338e+01
6528.07455385 1.12460106e+02
6528.12982911 1.06719704e+02
6528.18510436 1.13226936e+02
6528.24037962 1.08274765e+02
6528.29565488 1.64178314e+02
6528.35093014 1.49799866e+02
6528.40620539 1.59788849e+02
6528.46148065 1.64643295e+02
6528.51675591 2.09332397e+02
6528.57203117 2.56538147e+02
6528.62730643 2.80175262e+02
6528.68258168 2.79678802e+02
6528.73785694 2.72991638e+02
6528.79313220 3.37983276e+02
6528.84840746 3.04995392e+02
6528.90368271 3.52758789e+02
6528.95895797 3.22853821e+02
6529.01423323 3.47340576e+02
6529.06950849 3.40877228e+02
6529.12478374 2.90496338e+02
6529.18005900 3.05282715e+02
6529.23533426 2.76085785e+02
6529.29060952 2.42540924e+02
6529.34588477 2.09646820e+02
6529.40116003 1.76222702e+02
6529.45643529 1.57348907e+02
6529.51171055 1.30175598e+02
6529.56698580 1.07158546e+02
6529.62226106 8.27811584e+01
6529.67753632 8.69469986e+01
6529.73281158 1.03521637e+02
6529.78808683 4.60685310e+01
6529.84336209 6.54587936e+01
6529.89863735 5.64170914e+01
6529.95391261 5.18397522e+01
6530.00918786 3.73912354e+01
6530.06446312 4.23182716e+01
6530.11973838 5.63153458e+00
6530.17501364 1.03767471e+01
6530.23028890 -1.52613831e+01
6530.28556415 2.41017494e+01
6530.34083941 2.38034573e+01
6530.39611467 7.31535339e+00
6530.45138993 6.58429337e+00
6530.50666518 -5.74912071e+00
6530.56194044 -3.65523148e+00
6530.61721570 5.91629028e-01
6530.67249096 7.04553986e+00
6530.72776621 -1.10766373e+01
6530.78304147 -2.39544106e+00
6530.83831673 -1.43158989e+01
6530.89359199 -6.95357132e+00
6530.94886724 2.39768066e+01
6531.00414250 2.21074295e+00
6531.05941776 -9.95550156e-01
6531.11469302 6.53549576e+00
6531.16996827 1.21433792e+01
6531.22524353 -3.92726555e+01
6531.28051879 -1.33377075e+00
6531.33579405 2.15185165e+00
6531.39106930 2.36463547e+00
6531.44634456 1.44317932e+01
6531.50161982 -9.22673035e+00
6531.55689508 -8.79968643e+00
6531.61217033 1.13493099e+01
6531.66744559 2.80472832e+01
6531.72272085 2.77711105e+01
6531.77799611 -2.10967636e+00
6531.83327137 1.70639038e+00
6531.88854662 1.59001923e+01
6531.94382188 7.78172493e+00
6531.99909714 7.24813843e+00
6532.05437240 -1.05896358e+01
6532.10964765 -2.49700165e+00
6532.16492291 6.46919250e-01
6532.22019817 5.87128448e+00
6532.27547343 4.31060791e-03
6532.33074868 3.78795624e+00
6532.38602394 -1.34578495e+01
6532.44129920 -8.48396873e+00
6532.49657446 2.37753563e+01
6532.55184971 -1.46535530e+01
6532.60712497 -9.66191101e+00
6532.66240023 1.40861893e+00
6532.71767549 -6.10324860e-01
6532.77295074 -8.53216553e+00
6532.82822600 -9.88173103e+00
6532.88350126 1.60965233e+01
6532.93877652 3.25430832e+01
6532.99405177 -3.07484589e+01
6533.04932703 -1.41638851e+01
6533.10460229 -1.09196281e+00
6533.15987755 2.96692791e+01
6533.21515280 -5.54523087e+00
6533.27042806 1.61058617e+01
6533.32570332 1.03980370e+01
6533.38097858 -2.76691189e+01
6533.43625384 6.48093033e+00
6533.49152909 -1.46892347e+01
6533.54680435 4.06454086e+00
6533.60207961 -1.19074230e+01
6533.65735487 -1.37180767e+01
6533.71263012 6.72714615e+00
6533.76790538 9.91389847e+00
6533.82318064 4.70598602e+00
6533.87845590 1.72578049e+01
6533.93373115 -2.22589817e+01
6533.98900641 -7.17532730e+00
6534.04428167 -8.25066376e+00
6534.09955693 -3.96306992e+00
6534.15483218 2.33212204e+01
6534.21010744 1.24432487e+01
6534.26538270 1.54587688e+01
6534.32065796 5.94134521e+00
6534.37593321 -1.82246399e+00
6534.43120847 2.60214653e+01
6534.48648373 -1.10962143e+01
6534.54175899 2.02220917e-01
6534.59703424 2.17231369e+00
6534.65230950 -1.50816593e+01
6534.70758476 -8.72809029e+00
6534.76286002 -7.86503029e+00
6534.81813527 -9.92149353e+00
6534.87341053 1.23915138e+01
6534.92868579 1.32080574e+01
6534.98396105 2.40868797e+01
6535.03923631 2.41791706e+01
6535.09451156 -1.59218445e+01
6535.14978682 -1.62215786e+01
6535.20506208 2.08275776e+01
6535.26033734 -3.20281906e+01
6535.31561259 -1.14418030e-01
6535.37088785 -1.01150455e+01
6535.42616311 3.08789825e+00
6535.48143837 3.26162872e+01
6535.53671362 1.33742294e+01
6535.59198888 4.68711853e-01
6535.64726414 -3.74808044e+01
6535.70253940 -7.30715561e+00
6535.75781465 -3.78223038e+01
6535.81308991 -3.80227051e+01
6535.86836517 -2.44844990e+01
6535.92364043 -2.78267326e+01
6535.97891568 -1.25659561e+00
6536.03419094 4.13306656e+01
6536.08946620 -1.45199585e+00
6536.14474146 -3.50726166e+01
6536.20001671 -2.59460449e+00
6536.25529197 -1.78626595e+01
6536.31056723 1.42557487e+01
6536.36584249 3.04794312e-01
6536.42111774 -4.50968323e+01
6536.47639300 -1.39405441e+00
6536.53166826 -1.13215485e+01
6536.58694352 -1.32159576e+01
6536.64221877 2.66616287e+01
6536.69749403 3.10839844e+00
6536.75276929 -2.01857014e+01
6536.80804455 3.98341827e+01
6536.86331981 1.16721115e+01
6536.91859506 -1.26326656e+01
6536.97387032 -2.29553986e+00
6537.02914558 2.95296478e+01
6537.08442084 9.46259689e+00
6537.13969609 -1.10350113e+01
6537.19497135 -9.95254135e+00
6537.25024661 -2.89798164e+00
6537.30552187 -1.93744659e-01
6537.36079712 3.57926559e+00
6537.41607238 2.55775890e+01
6537.47134764 1.44158363e+01
6537.52662290 1.33181763e+00
6537.58189815 -9.03180122e+00
6537.63717341 3.68112946e+00
6537.69244867 1.20089207e+01
6537.74772393 -6.35355759e+00
6537.80299918 -1.79696655e+00
6537.85827444 -8.02324295e+00
6537.91354970 1.25593719e+01
6537.96882496 9.96382141e+00
6538.02410021 2.45715790e+01
6538.07937547 -1.52779770e+00
6538.13465073 1.72138996e+01
6538.18992599 5.44062233e+00
6538.24520124 8.58556366e+00
6538.30047650 7.45055962e+00
6538.35575176 -3.19676495e+01
6538.41102702 -7.47277451e+00
6538.46630228 1.25716934e+01
6538.52157753 1.55409794e+01
6538.57685279 4.14847565e+00
6538.63212805 3.54620361e+00
6538.68740331 -8.79466629e+00
6538.74267856 -6.93740654e+00
6538.79795382 -1.96859550e+00
6538.85322908 1.18525467e+01
6538.90850434 -1.79723492e+01
6538.96377959 -2.75821419e+01
6539.01905485 -4.16091919e+00
6539.07433011 -6.51182556e+00
6539.12960537 9.20089340e+00
6539.18488062 -6.41772461e+00
6539.24015588 4.28173828e+00
6539.29543114 -1.78585052e+00
6539.35070640 2.85548916e+01
6539.40598165 2.51418686e+00
6539.46125691 -3.55321121e+00
6539.51653217 -4.78902245e+00
6539.57180743 -1.55072575e+01
6539.62708268 -1.16551781e+01
6539.68235794 2.03982925e+00
6539.73763320 1.82589302e+01
6539.79290846 -1.34259357e+01
6539.84818371 3.29296875e+00
6539.90345897 2.02723732e+01
6539.95873423 -1.18967705e+01
6540.01400949 -9.17185211e+00
6540.06928475 6.63132477e+00
6540.12456000 -1.01560516e+01
6540.17983526 9.90294266e+00
6540.23511052 7.46518326e+00
6540.29038578 -3.20678329e+00
6540.34566103 -1.91238918e+01
6540.40093629 1.42997322e+01
6540.45621155 9.56657028e+00
6540.51148681 -3.04595528e+01
6540.56676206 -1.64696884e+00
6540.62203732 1.74444466e+01
6540.67731258 -7.68007851e+00
