# Rest-frame spectrum generated from: N3370B0002o_1d.fits
# lambda_Ha_obs = 6593.96000000 Angstrom
# lambda_Ha_rest = 6562.80000000 Angstrom
# z_Ha = 4.7479734260e-03
# v_Ha_relativistic = 1420.027513 km/s
# v_Ha_classical = 1423.406624 km/s
# columns: wavelength_rest[Angstrom] flux_or_counts

6525.74834216 -4.52202988e+00
6525.80376235 -4.52356720e+00
6525.85918254 -4.52262878e+00
6525.91460273 -4.52324295e+00
6525.97002292 -4.52338409e+00
6526.02544311 -4.52262497e+00
6526.08086329 -4.52320099e+00
6526.13628348 -4.52260590e+00
6526.19170367 -4.52335739e+00
6526.24712386 -4.52201462e+00
6526.30254405 -4.52184296e+00
6526.35796424 -4.52183151e+00
6526.41338443 -4.52235031e+00
6526.46880461 -4.99141693e+00
6526.52422480 -2.67857361e+00
6526.57964499 8.25529480e+00
6526.63506518 1.59164124e+01
6526.69048537 -1.47945404e-01
6526.74590556 5.01699829e+00
6526.80132575 -1.27421761e+01
6526.85674594 -1.47252884e+01
6526.91216612 4.33937836e+00
6526.96758631 -7.52352905e+00
6527.02300650 -2.55192566e+00
6527.07842669 -1.82995644e+01
6527.13384688 3.66493988e+00
6527.18926707 1.38100243e+01
6527.24468726 1.02937851e+01
6527.30010744 -1.37545586e+01
6527.35552763 9.42604065e-01
6527.41094782 2.34162445e+01
6527.46636801 -2.85519257e+01
6527.52178820 9.98558807e+00
6527.57720839 5.08377838e+00
6527.63262858 -1.18584557e+01
6527.68804877 2.76882172e+00
6527.74346895 -4.61301155e+01
6527.79888914 2.00824738e+00
6527.85430933 -1.79371681e+01
6527.90972952 -6.61220551e+00
6527.96514971 9.51755524e+00
6528.02056990 2.46049881e+01
6528.07599009 1.64018936e+01
6528.13141027 -1.61685448e+01
6528.18683046 3.45420074e+00
6528.24225065 1.63267517e+00
6528.29767084 -8.41958427e+00
6528.35309103 4.01523743e+01
6528.40851122 5.05379868e+00
6528.46393141 1.58505249e+00
6528.51935160 -2.09137497e+01
6528.57477178 -9.36869431e+00
6528.63019197 -2.31421509e+01
6528.68561216 -7.28709412e+00
6528.74103235 5.61895370e+00
6528.79645254 -1.12097054e+01
6528.85187273 2.05720673e+01
6528.90729292 1.78165512e+01
6528.96271310 -1.72172585e+01
6529.01813329 -1.09860497e+01
6529.07355348 -2.43162918e+01
6529.12897367 -1.74063644e+01
6529.18439386 -1.41343307e+00
6529.23981405 1.75846100e-01
6529.29523424 -3.58489914e+01
6529.35065443 -2.62426205e+01
6529.40607461 2.40113640e+01
6529.46149480 3.54765434e+01
6529.51691499 8.68418121e+00
6529.57233518 8.31203461e-01
6529.62775537 -6.64189529e+00
6529.68317556 3.48735657e+01
6529.73859575 -3.64896469e+01
6529.79401593 -1.83965893e+01
6529.84943612 -7.50400543e-01
6529.90485631 1.56546211e+00
6529.96027650 3.93922272e+01
6530.01569669 -4.57990646e+00
6530.07111688 -2.31492653e+01
6530.12653707 -3.75350952e-01
6530.18195726 1.30210533e+01
6530.23737744 -2.97069149e+01
6530.29279763 -2.73027191e+01
6530.34821782 1.55983734e+01
6530.40363801 -6.38660431e-01
6530.45905820 -2.77128601e+01
6530.51447839 7.60629654e+00
6530.56989858 7.55197525e+00
6530.62531876 1.67384033e+01
6530.68073895 1.81401939e+01
6530.73615914 7.69790649e-01
6530.79157933 -5.55318451e+00
6530.84699952 -2.23058205e+01
6530.90241971 1.22602119e+01
6530.95783990 -2.54132767e+01
6531.01326009 -3.26304626e+01
6531.06868027 1.92643394e+01
6531.12410046 -2.02585258e+01
6531.17952065 -8.02724075e+00
6531.23494084 1.18979378e+01
6531.29036103 -2.29364777e+00
6531.34578122 5.57053757e+00
6531.40120141 1.00444908e+01
6531.45662159 3.73036194e+01
6531.51204178 3.75134659e+01
6531.56746197 -6.45349884e+00
6531.62288216 4.79799652e+00
6531.67830235 1.89373322e+01
6531.73372254 -1.86949615e+01
6531.78914273 -4.49606056e+01
6531.84456292 -1.82600479e+01
6531.89998310 7.97835159e+00
6531.95540329 -1.96721954e+01
6532.01082348 -6.90787506e+00
6532.06624367 1.59266701e+01
6532.12166386 2.21261864e+01
6532.17708405 4.70148087e+00
6532.23250424 3.10204239e+01
6532.28792442 2.28555164e+01
6532.34334461 1.00193710e+01
6532.39876480 8.79125977e+00
6532.45418499 2.41418915e+01
6532.50960518 3.27492905e+00
6532.56502537 2.28942642e+01
6532.62044556 7.45860672e+00
6532.67586575 -9.04492188e+00
6532.73128593 2.37361908e-01
6532.78670612 2.33360252e+01
6532.84212631 2.02541733e+01
6532.89754650 -2.03950520e+01
6532.95296669 -1.07933464e+01
6533.00838688 1.48601151e+00
6533.06380707 -9.64054680e+00
6533.11922725 2.03851929e+01
6533.17464744 1.51627312e+01
6533.23006763 1.94755535e+01
6533.28548782 -6.36158752e+00
6533.34090801 3.21955376e+01
6533.39632820 -2.23906517e+01
6533.45174839 1.12021561e+01
6533.50716858 1.54091454e+01
6533.56258876 3.95497398e+01
6533.61800895 5.63381195e-01
6533.67342914 3.91736984e+00
6533.72884933 9.11943054e+00
6533.78426952 -1.44412270e+01
6533.83968971 -6.73034668e-01
6533.89510990 3.05086899e+00
6533.95053008 1.76714058e+01
6534.00595027 1.01273422e+01
6534.06137046 3.38291893e+01
6534.11679065 4.36584282e+01
6534.17221084 2.15760651e+01
6534.22763103 1.87020073e+01
6534.28305122 -2.28099823e-01
6534.33847141 -2.68496971e+01
6534.39389159 -6.29248810e+00
6534.44931178 2.90019798e+01
6534.50473197 -2.18257904e+00
6534.56015216 4.85526276e+00
6534.61557235 3.80105209e+00
6534.67099254 -5.70018387e+00
6534.72641273 -2.13166237e+01
6534.78183291 1.06338005e+01
6534.83725310 -1.75597916e+01
6534.89267329 -1.09610901e+01
6534.94809348 3.95509872e+01
6535.00351367 4.48259354e+00
6535.05893386 -1.05070953e+01
6535.11435405 1.11100540e+01
6535.16977424 -1.83216095e-01
6535.22519442 -1.99289379e+01
6535.28061461 -1.17434483e+01
6535.33603480 -9.89509201e+00
6535.39145499 -7.39978600e+00
6535.44687518 2.69560623e+00
6535.50229537 -4.46043015e+00
6535.55771556 8.85841370e+00
6535.61313574 5.80311584e+00
6535.66855593 -1.06532898e+01
6535.72397612 2.06254578e+00
6535.77939631 1.48443871e+01
6535.83481650 -4.02713394e+00
6535.89023669 1.19907455e+01
6535.94565688 2.90755806e+01
6536.00107707 -1.09121666e+01
6536.05649725 -9.52390480e+00
6536.11191744 1.77485294e+01
6536.16733763 2.01195183e+01
6536.22275782 -1.89880352e+01
6536.27817801 2.35019684e+00
6536.33359820 1.26136703e+01
6536.38901839 -2.73220749e+01
6536.44443857 -1.08573151e+00
6536.49985876 2.59600868e+01
6536.55527895 -2.09513206e+01
6536.61069914 1.39625931e+01
6536.66611933 2.06322899e+01
6536.72153952 2.97487564e+01
6536.77695971 -7.21062469e+00
6536.83237990 -6.44044304e+00
6536.88780008 -1.25358429e+01
6536.94322027 -1.56856194e+01
6536.99864046 -1.65826797e+01
6537.05406065 -1.62888451e+01
6537.10948084 -5.15336990e+00
6537.16490103 1.30159531e+01
6537.22032122 -7.55550385e-01
6537.27574140 -2.13929901e+01
6537.33116159 2.80388451e+00
6537.38658178 -2.44649544e+01
6537.44200197 3.35090027e+01
6537.49742216 -8.25945282e+00
6537.55284235 8.47251892e+00
6537.60826254 2.30009384e+01
6537.66368273 -1.50180473e+01
6537.71910291 3.65111847e+01
6537.77452310 -5.63648224e+00
6537.82994329 -4.96053314e+00
6537.88536348 4.31923866e+01
6537.94078367 2.50072250e+01
6537.99620386 -1.76261139e+00
6538.05162405 -3.15903835e+01
6538.10704423 -5.80556488e+00
6538.16246442 -1.24858856e-01
6538.21788461 -4.94045868e+01
6538.27330480 1.04190750e+01
6538.32872499 6.62944031e+00
6538.38414518 -1.35302296e+01
6538.43956537 -1.29233170e+01
6538.49498556 -1.94564400e+01
6538.55040574 3.51197319e+01
6538.60582593 2.36177711e+01
6538.66124612 -1.31738739e+01
6538.71666631 8.28610611e+00
6538.77208650 4.17172241e+00
6538.82750669 -1.91483307e+00
6538.88292688 7.48264313e-01
6538.93834706 4.39039612e+00
6538.99376725 2.36413956e+00
6539.04918744 3.05120277e+01
6539.10460763 -8.89036179e+00
6539.16002782 1.36077728e+01
6539.21544801 3.81832886e+01
6539.27086820 2.24199448e+01
6539.32628839 2.63317604e+01
6539.38170857 3.57180862e+01
6539.43712876 2.36941261e+01
6539.49254895 3.25492401e+01
6539.54796914 -5.94279861e+00
6539.60338933 -3.34654312e+01
6539.65880952 3.00607681e+00
6539.71422971 -1.33706627e+01
6539.76964989 1.33951111e+01
6539.82507008 1.77754898e+01
6539.88049027 -9.39085770e+00
6539.93591046 4.28610153e+01
6539.99133065 -3.26344299e+00
6540.04675084 -7.05206299e+00
6540.10217103 6.84817886e+00
6540.15759122 -1.33404369e+01
6540.21301140 1.46991463e+01
6540.26843159 2.02383575e+01
6540.32385178 1.41906738e-03
6540.37927197 -1.15875244e+00
6540.43469216 -3.90457916e+00
6540.49011235 -3.82425919e+01
6540.54553254 5.33858490e+00
6540.60095272 1.24535255e+01
6540.65637291 -4.04449463e+00
6540.71179310 5.77213669e+00
6540.76721329 1.52416840e+01
6540.82263348 -2.10091324e+01
6540.87805367 -2.13798027e+01
6540.93347386 -1.36370468e+00
6540.98889405 2.91729317e+01
6541.04431423 -6.68597794e+00
6541.09973442 6.04159164e+00
6541.15515461 -2.98329926e+00
6541.21057480 1.54966316e+01
6541.26599499 3.33485641e+01
6541.32141518 2.33492661e+01
6541.37683537 1.43283920e+01
6541.43225555 -5.81463242e+00
6541.48767574 2.74941711e+01
6541.54309593 2.63842010e+01
6541.59851612 -2.35934830e+00
6541.65393631 -1.42649994e+01
6541.70935650 -2.21187134e+01
6541.76477669 -1.21426277e+01
6541.82019688 2.55649796e+01
6541.87561706 -2.44777451e+01
6541.93103725 -1.40907135e+01
6541.98645744 1.44204712e+00
6542.04187763 1.02576942e+01
6542.09729782 1.09942856e+01
6542.15271801 -1.62926216e+01
6542.20813820 2.77236862e+01
6542.26355838 7.87442398e+00
6542.31897857 2.34414368e+01
6542.37439876 1.19863853e+01
6542.42981895 -6.80437088e+00
6542.48523914 2.17857361e-02
6542.54065933 6.52024460e+00
6542.59607952 1.12618256e+01
6542.65149971 3.87468719e+00
6542.70691989 2.60836124e+01
6542.76234008 1.87216187e+01
6542.81776027 2.56404228e+01
6542.87318046 2.68594952e+01
6542.92860065 -5.54990349e+01
6542.98402084 4.68818665e+00
6543.03944103 1.45554733e+00
6543.09486121 1.82976303e+01
6543.15028140 -1.01996498e+01
6543.20570159 3.35138741e+01
6543.26112178 -1.63402138e+01
6543.31654197 2.25382538e+01
6543.37196216 -8.88245392e+00
6543.42738235 1.63893433e+01
6543.48280254 1.36800385e+00
6543.53822272 -3.85984192e+01
6543.59364291 -7.57556152e+00
6543.64906310 -1.42448387e+01
6543.70448329 2.28176880e+00
6543.75990348 1.30171432e+01
6543.81532367 -3.94224586e+01
6543.87074386 2.05271111e+01
6543.92616404 -1.36839943e+01
6543.98158423 1.77258606e+01
6544.03700442 1.24516182e+01
6544.09242461 -3.86762619e+00
6544.14784480 1.08270264e+01
6544.20326499 1.47539444e+01
6544.25868518 1.53099785e+01
6544.31410537 -2.95979080e+01
6544.36952555 -3.45396652e+01
6544.42494574 -1.84883957e+01
6544.48036593 -1.99991989e+00
6544.53578612 -6.52838898e+00
6544.59120631 1.00859299e+01
6544.64662650 -1.63341141e+01
6544.70204669 4.90888596e+00
6544.75746687 4.59572563e+01
6544.81288706 1.92392921e+00
6544.86830725 -1.32549744e+01
6544.92372744 3.10343475e+01
6544.97914763 1.28775291e+01
6545.03456782 -2.40939293e+01
6545.08998801 -1.15638351e+01
6545.14540820 -1.43644810e+01
6545.20082838 -1.29459381e+00
6545.25624857 2.26179047e+01
6545.31166876 2.26160431e+00
6545.36708895 1.80677452e+01
6545.42250914 1.03172607e+01
6545.47792933 5.08077240e+00
6545.53334952 7.01075363e+00
6545.58876970 1.80086517e+01
6545.64418989 -6.82936096e+00
6545.69961008 -1.05568314e+00
6545.75503027 1.13731003e+01
6545.81045046 2.40441895e+01
6545.86587065 -3.47904510e+01
6545.92129084 -3.18559647e+00
6545.97671103 5.14064789e+01
6546.03213121 2.74587860e+01
6546.08755140 -1.82302856e+00
6546.14297159 3.95242233e+01
6546.19839178 1.38409195e+01
6546.25381197 7.83503723e+00
6546.30923216 1.23067474e+00
6546.36465235 7.47295380e+00
6546.42007253 -1.10498810e+00
6546.47549272 2.02838898e+00
6546.53091291 -1.41835976e+01
6546.58633310 -1.45364952e+01
6546.64175329 9.15030289e+00
6546.69717348 1.12476158e+01
6546.75259367 1.45871277e+01
6546.80801386 -1.73442459e+01
6546.86343404 1.13286819e+01
6546.91885423 5.31008148e+00
6546.97427442 -2.97911072e+00
6547.02969461 -4.60314636e+01
6547.08511480 -2.22032051e+01
6547.14053499 3.02494812e+00
6547.19595518 6.04781723e+00
6547.25137536 2.88488922e+01
6547.30679555 3.04981651e+01
6547.36221574 1.84230804e+01
6547.41763593 -1.25061378e+01
6547.47305612 -2.03823090e-01
6547.52847631 1.15006332e+01
6547.58389650 -3.21595383e+00
6547.63931669 2.14572830e+01
6547.69473687 2.38616524e+01
6547.75015706 -2.23852654e+01
6547.80557725 3.18004074e+01
6547.86099744 5.78946609e+01
6547.91641763 1.44483414e+01
6547.97183782 4.00791779e+01
6548.02725801 6.64626694e+01
6548.08267819 6.97942276e+01
6548.13809838 4.34045258e+01
6548.19351857 1.78643188e+01
6548.24893876 2.62765732e+01
6548.30435895 2.53572159e+01
6548.35977914 2.69382858e+00
6548.41519933 1.73692474e+01
6548.47061952 4.57117691e+01
6548.52603970 2.04272423e+01
6548.58145989 -1.35281372e+00
6548.63688008 2.12644196e+00
6548.69230027 3.22899399e+01
6548.74772046 5.12085571e+01
6548.80314065 1.52585716e+01
6548.85856084 5.21311493e+01
6548.91398102 -1.29936218e+01
6548.96940121 3.22573013e+01
6549.02482140 -1.31074295e+01
6549.08024159 -7.82914734e+00
6549.13566178 -1.29169884e+01
6549.19108197 -7.21462250e-01
6549.24650216 -7.12282181e+00
6549.30192235 5.56954575e+00
6549.35734253 2.14569092e+00
6549.41276272 1.10017090e+01
6549.46818291 2.02132072e+01
6549.52360310 -1.30580330e+01
6549.57902329 -7.17277527e-01
6549.63444348 1.51495972e+01
6549.68986367 -3.40558891e+01
6549.74528385 -3.82138443e+00
6549.80070404 -1.57825279e+01
6549.85612423 -1.27971497e+01
6549.91154442 -1.93760681e+00
6549.96696461 2.38974380e+00
6550.02238480 2.19817429e+01
6550.07780499 -2.12880898e+01
6550.13322518 3.68070030e+01
6550.18864536 3.91161118e+01
6550.24406555 7.56747437e+00
6550.29948574 1.25215340e+01
6550.35490593 2.35009308e+01
6550.41032612 3.33587265e+01
6550.46574631 6.78096771e+00
6550.52116650 -2.76664276e+01
6550.57658668 -2.22025871e+01
6550.63200687 -1.94630737e+01
6550.68742706 2.32208061e+01
6550.74284725 -6.41368484e+00
6550.79826744 -5.07374573e+00
6550.85368763 1.72944908e+01
6550.90910782 -1.44042511e+01
6550.96452801 -2.34003563e+01
6551.01994819 -1.28927803e+01
6551.07536838 1.74289093e+01
6551.13078857 8.36357117e+00
6551.18620876 -1.65155830e+01
6551.24162895 1.12591515e+01
6551.29704914 7.96640015e+00
6551.35246933 1.67761192e+01
6551.40788951 -1.25232925e+01
6551.46330970 6.80121994e+00
6551.51872989 -4.66357422e+00
6551.57415008 -2.56595116e+01
6551.62957027 2.95807648e+01
6551.68499046 2.02926750e+01
6551.74041065 -2.83657074e-01
6551.79583084 -4.71908951e+00
6551.85125102 -1.73049202e+01
6551.90667121 -2.66530991e+00
6551.96209140 3.72568665e+01
6552.01751159 -1.84184647e+01
6552.07293178 1.66456718e+01
6552.12835197 4.09629326e+01
6552.18377216 -1.91358337e+01
6552.23919235 -3.73070679e+01
6552.29461253 -9.35721970e+00
6552.35003272 -4.96679306e+00
6552.40545291 -4.78385544e+00
6552.46087310 -7.98739624e+00
6552.51629329 2.03394012e+01
6552.57171348 -1.45797997e+01
6552.62713367 8.75095749e+00
6552.68255385 -1.63320160e+00
6552.73797404 5.03975677e+00
6552.79339423 -4.54034042e+00
6552.84881442 8.94567490e+00
6552.90423461 -2.30234146e+01
6552.95965480 -4.82258606e+00
6553.01507499 -4.97815590e+01
6553.07049518 -2.51593552e+01
6553.12591536 -1.32044907e+01
6553.18133555 -1.46396637e+00
6553.23675574 -1.60395279e+01
6553.29217593 -2.91768742e+01
6553.34759612 -1.76316204e+01
6553.40301631 -4.68625641e+00
6553.45843650 -1.60481148e+01
6553.51385668 -2.89734573e+01
6553.56927687 -4.05484009e+00
6553.62469706 -2.30153542e+01
6553.68011725 1.92793541e+01
6553.73553744 2.24636917e+01
6553.79095763 -1.41808510e+01
6553.84637782 -7.25181198e+00
6553.90179801 3.62883492e+01
6553.95721819 1.94602776e+01
6554.01263838 -7.13446045e+00
6554.06805857 4.92921829e+00
6554.12347876 1.40969200e+01
6554.17889895 3.09318695e+01
6554.23431914 -1.38753548e+01
6554.28973933 -1.18496323e+01
6554.34515951 -3.73683014e+01
6554.40057970 1.29874535e+01
6554.45599989 2.95817642e+01
6554.51142008 1.09759750e+01
6554.56684027 -2.59946442e+00
6554.62226046 -1.50362434e+01
6554.67768065 2.19779587e+01
6554.73310084 1.88857841e+01
6554.78852102 -6.42100143e+00
6554.84394121 5.74322510e+00
6554.89936140 -1.96415329e+00
6554.95478159 -2.18989220e+01
6555.01020178 2.78650665e+00
6555.06562197 6.31631470e+00
6555.12104216 -3.35745087e+01
6555.17646234 8.19447327e+00
6555.23188253 5.04417419e+00
6555.28730272 1.50210571e+01
6555.34272291 9.84088516e+00
6555.39814310 5.24411011e+00
6555.45356329 2.82912827e+00
6555.50898348 -2.50952091e+01
6555.56440367 -4.41703415e+01
6555.61982385 3.57054367e+01
6555.67524404 5.01899719e+00
6555.73066423 -2.89935665e+01
6555.78608442 -2.00245857e+01
6555.84150461 -9.60216522e-01
6555.89692480 3.70706940e+00
6555.95234499 1.30172081e+01
6556.00776517 -1.02781601e+01
6556.06318536 1.28528938e+01
6556.11860555 -3.58951569e-01
6556.17402574 2.28873405e+01
6556.22944593 -4.60606003e+00
6556.28486612 1.14678307e+01
6556.34028631 -1.81941910e+01
6556.39570650 -4.28781128e+00
6556.45112668 2.55270729e+01
6556.50654687 -3.53244781e-01
6556.56196706 -2.19034538e+01
6556.61738725 -6.21026611e+00
6556.67280744 8.45277405e+00
6556.72822763 2.37507324e+01
6556.78364782 -8.83818054e+00
6556.83906800 -2.43908730e+01
6556.89448819 4.25823212e-01
6556.94990838 1.32042885e+01
6557.00532857 1.62817383e+00
6557.06074876 1.61989746e+01
6557.11616895 2.50503540e+01
6557.17158914 3.47938385e+01
6557.22700933 1.76587334e+01
6557.28242951 -4.70329170e+01
6557.33784970 -2.65738678e+00
6557.39326989 -4.10305023e+00
6557.44869008 -5.21445465e+00
6557.50411027 -8.86262131e+00
6557.55953046 7.15770721e+00
6557.61495065 3.26192322e+01
6557.67037083 1.56915474e+01
6557.72579102 -3.23291473e+01
6557.78121121 1.29406281e+01
6557.83663140 5.61086884e+01
6557.89205159 9.37025833e+00
6557.94747178 -8.22438812e+00
6558.00289197 -6.83354568e+00
6558.05831216 -4.02072449e+01
6558.11373234 1.01696587e+01
6558.16915253 -9.41257858e+00
6558.22457272 -2.26242027e+01
6558.27999291 -1.02572365e+01
6558.33541310 1.36064758e+01
6558.39083329 6.57642937e+00
6558.44625348 4.17104721e+01
6558.50167366 1.52097321e+01
6558.55709385 -1.83965797e+01
6558.61251404 -1.19410973e+01
6558.66793423 -3.82610741e+01
6558.72335442 3.48356247e+00
6558.77877461 -2.53676643e+01
6558.83419480 -2.66825485e+00
6558.88961499 -9.71040344e+00
6558.94503517 -1.76180420e+01
6559.00045536 1.39444313e+01
6559.05587555 -4.62970352e+00
6559.11129574 -2.33586502e+01
6559.16671593 -5.55282593e-01
6559.22213612 -3.39838715e+01
6559.27755631 -2.85381279e+01
6559.33297649 1.28614349e+01
6559.38839668 3.09443321e+01
6559.44381687 -3.47889175e+01
6559.49923706 7.08374023e+00
6559.55465725 1.08722153e+01
6559.61007744 -4.30155945e+00
6559.66549763 2.12460938e+01
6559.72091782 1.63743553e+01
6559.77633800 -6.80702209e-01
6559.83175819 1.43568230e+01
6559.88717838 -5.92982864e+00
6559.94259857 -1.30385895e+01
6559.99801876 1.76802025e+01
6560.05343895 7.28179932e+00
6560.10885914 1.26674347e+01
6560.16427932 3.42364502e+00
6560.21969951 1.50342674e+01
6560.27511970 -2.15984001e+01
6560.33053989 -3.01112099e+01
6560.38596008 4.03816986e+00
6560.44138027 2.10368729e+00
6560.49680046 4.30017471e+00
6560.55222065 -1.91157532e+00
6560.60764083 -1.45852776e+01
6560.66306102 -1.74245224e+01
6560.71848121 4.25576782e+00
6560.77390140 -2.82501030e+01
6560.82932159 7.12772751e+00
6560.88474178 3.20378113e+00
6560.94016197 -6.96349335e+00
6560.99558215 1.88319359e+01
6561.05100234 1.15102577e+01
6561.10642253 3.63821411e+00
6561.16184272 1.73269310e+01
6561.21726291 -1.71699524e-01
6561.27268310 4.15235443e+01
6561.32810329 -1.95190468e+01
6561.38352348 3.68287659e+00
6561.43894366 2.27126656e+01
6561.49436385 8.67777252e+00
6561.54978404 4.17149963e+01
6561.60520423 -2.40733719e+00
6561.66062442 1.68220901e+00
6561.71604461 1.82030106e+01
6561.77146480 1.22065468e+01
6561.82688498 5.51768723e+01
6561.88230517 5.38178635e+01
6561.93772536 3.44061356e+01
6561.99314555 4.20744057e+01
6562.04856574 5.41860161e+01
6562.10398593 5.53303719e+01
6562.15940612 8.74060974e+01
6562.21482631 1.03932190e+02
6562.27024649 9.87505035e+01
6562.32566668 1.19961594e+02
6562.38108687 1.39301575e+02
6562.43650706 2.00624542e+02
6562.49192725 2.11494537e+02
6562.54734744 2.58285400e+02
6562.60276763 2.57975128e+02
6562.65818781 2.97273529e+02
6562.71360800 2.87518402e+02
6562.76902819 3.37071747e+02
6562.82444838 2.99857697e+02
6562.87986857 3.23031555e+02
6562.93528876 3.21158020e+02
6562.99070895 2.81549561e+02
6563.04612914 2.23835861e+02
6563.10154932 2.33461151e+02
6563.15696951 2.39530869e+02
6563.21238970 2.53346329e+02
6563.26780989 1.76407684e+02
6563.32323008 1.44733627e+02
6563.37865027 6.50161438e+01
6563.43407046 1.24747726e+02
6563.48949064 8.67957458e+01
6563.54491083 4.18206253e+01
6563.60033102 7.11037674e+01
6563.65575121 6.19094505e+01
6563.71117140 4.89622498e+00
6563.76659159 2.33995285e+01
6563.82201178 4.74132767e+01
6563.87743197 4.56567726e+01
6563.93285215 1.05157852e+01
6563.98827234 -3.00432739e+01
6564.04369253 -7.62879944e+00
6564.09911272 1.40259323e+01
6564.15453291 -1.24865952e+01
6564.20995310 -2.38953133e+01
6564.26537329 7.01007843e-01
6564.32079347 1.67895737e+01
6564.37621366 2.85364952e+01
6564.43163385 -1.00929909e+01
6564.48705404 -3.84500809e+01
6564.54247423 2.28292618e+01
6564.59789442 2.73334122e+00
6564.65331461 -2.63095303e+01
6564.70873480 -5.79461670e+00
6564.76415498 3.80144806e+01
6564.81957517 2.88580933e+01
6564.87499536 2.03020592e+01
6564.93041555 2.86114120e+00
6564.98583574 2.76282310e+01
6565.04125593 6.74799728e+00
6565.09667612 -3.72659607e+01
6565.15209630 -8.36593628e-01
6565.20751649 7.91083145e+00
6565.26293668 4.02483063e+01
6565.31835687 -1.58940849e+01
6565.37377706 7.97154999e+00
6565.42919725 -3.36427841e+01
6565.48461744 -2.30368500e+01
6565.54003763 2.00905991e+01
6565.59545781 1.16553650e+01
6565.65087800 2.65242462e+01
6565.70629819 2.72275162e+00
6565.76171838 5.20866623e+01
6565.81713857 1.46470032e+01
6565.87255876 -8.41349411e+00
6565.92797895 9.44842529e+00
6565.98339913 4.13715706e+01
6566.03881932 -1.08478012e+01
6566.09423951 5.20570145e+01
6566.14965970 5.79130554e+00
6566.20507989 1.68717041e+01
6566.26050008 -1.75405121e+00
6566.31592027 -1.00791435e+01
6566.37134046 5.65719757e+01
6566.42676064 -8.87719727e+00
6566.48218083 1.63411942e+01
6566.53760102 1.95733452e+01
6566.59302121 1.85313148e+01
6566.64844140 -1.58964310e+01
6566.70386159 3.16991577e+01
6566.75928178 1.39418640e+01
6566.81470196 4.65683746e+00
6566.87012215 1.68066788e+01
6566.92554234 1.95225143e+01
6566.98096253 4.23608627e+01
6567.03638272 -1.97707634e+01
6567.09180291 -1.43112183e+01
6567.14722310 2.16334381e+01
6567.20264329 4.59873199e-01
6567.25806347 1.62315750e+01
6567.31348366 -4.45443344e+00
6567.36890385 1.70512047e+01
6567.42432404 5.21736145e-02
6567.47974423 -4.25528717e+00
6567.53516442 -7.95068359e+00
6567.59058461 1.56792488e+01
6567.64600479 3.09094467e+01
6567.70142498 1.42173767e-02
6567.75684517 -1.68668633e+01
6567.81226536 7.32290268e+00
6567.86768555 1.42851372e+01
6567.92310574 3.44304657e+00
6567.97852593 -3.68252449e+01
6568.03394612 -1.88147621e+01
6568.08936630 -1.19074860e+01
6568.14478649 -2.72690735e+01
6568.20020668 -1.03429108e+01
6568.25562687 3.99105072e-01
6568.31104706 2.64791565e+01
6568.36646725 -7.84296799e+00
6568.42188744 1.96903992e+00
6568.47730762 -2.00601025e+01
6568.53272781 2.64517021e+01
6568.58814800 -4.53986359e+00
6568.64356819 1.96978760e+00
6568.69898838 -9.79003143e+00
6568.75440857 1.58440018e+00
6568.80982876 1.08567848e+01
6568.86524895 -1.10161743e+01
6568.92066913 -3.04897785e+01
6568.97608932 4.02351379e+00
6569.03150951 -1.24727936e+01
6569.08692970 1.67436600e+00
6569.14234989 -7.69298172e+00
6569.19777008 2.74224625e+01
6569.25319027 1.64325676e+01
6569.30861045 1.08201256e+01
6569.36403064 2.15521126e+01
6569.41945083 1.05981522e+01
6569.47487102 -5.81634140e+00
6569.53029121 1.77882004e+00
6569.58571140 1.32929955e+01
6569.64113159 8.70379257e+00
6569.69655178 1.09782372e+01
6569.75197196 -1.51157951e+01
6569.80739215 4.79364014e+00
6569.86281234 2.09368362e+01
6569.91823253 -1.41592636e+01
6569.97365272 -4.68820724e+01
6570.02907291 2.74699707e+01
6570.08449310 2.79143028e+01
6570.13991328 2.07779198e+01
6570.19533347 6.90208054e+00
6570.25075366 -1.42257690e+00
6570.30617385 -1.39619408e+01
6570.36159404 -1.07194824e+01
6570.41701423 1.89712715e+01
6570.47243442 8.34901047e+00
6570.52785461 -1.20299187e+01
6570.58327479 3.79076462e+01
6570.63869498 1.43063507e+01
6570.69411517 5.07247467e+01
6570.74953536 2.25547104e+01
6570.80495555 6.44681549e+00
6570.86037574 2.13746643e+00
6570.91579593 3.09895210e+01
6570.97121611 2.70499763e+01
6571.02663630 -1.59915543e+01
6571.08205649 -4.05054779e+01
6571.13747668 -2.56004467e+01
6571.19289687 1.23347931e+01
6571.24831706 1.13273582e+01
6571.30373725 -3.41239014e+01
6571.35915744 7.72524643e+00
6571.41457762 -1.29821281e+01
6571.46999781 9.60018921e+00
6571.52541800 -2.54528046e+00
6571.58083819 -1.17392063e+01
6571.63625838 1.65215797e+01
6571.69167857 -4.94004059e+00
6571.74709876 1.87091827e+01
6571.80251894 2.99636116e+01
6571.85793913 -5.50836945e+00
6571.91335932 -3.65087967e+01
6571.96877951 3.39801788e+00
6572.02419970 1.43392754e+01
6572.07961989 1.19963913e+01
6572.13504008 1.44899368e+00
6572.19046027 -2.23936462e+00
6572.24588045 -1.70131302e+00
6572.30130064 -1.74794617e+01
6572.35672083 1.05580177e+01
6572.41214102 3.49422455e+00
6572.46756121 -2.98995209e+00
6572.52298140 -6.73674393e+00
6572.57840159 1.58228302e+01
6572.63382177 3.64575310e+01
6572.68924196 8.16299438e+00
6572.74466215 -6.25787354e+00
6572.80008234 2.26396790e+01
6572.85550253 3.11768417e+01
6572.91092272 3.04126968e+01
6572.96634291 -2.69904709e+00
6573.02176310 -1.46480331e+01
6573.07718328 1.46685410e+01
6573.13260347 1.59624481e+00
6573.18802366 -7.45635986e-01
6573.24344385 -2.04685593e+00
6573.29886404 -4.05654144e+00
6573.35428423 -1.75570488e+01
6573.40970442 2.56055450e+00
6573.46512460 -4.40048981e+00
6573.52054479 1.62290955e+00
6573.57596498 -1.99639435e+01
6573.63138517 -3.48893471e+01
6573.68680536 -2.16651535e+00
6573.74222555 -2.44972229e-01
6573.79764574 -5.33988190e+00
6573.85306593 -4.48408508e+00
6573.90848611 -1.06246185e+01
6573.96390630 3.45300674e+00
6574.01932649 3.68938599e+01
6574.07474668 1.94508324e+01
6574.13016687 -1.26407089e+01
6574.18558706 -1.85277920e+01
6574.24100725 4.56303406e+00
6574.29642743 -1.93751564e+01
6574.35184762 5.67327423e+01
6574.40726781 -2.82392254e+01
6574.46268800 3.84565353e+00
6574.51810819 2.37996140e+01
6574.57352838 1.75071716e+00
6574.62894857 3.35767899e+01
6574.68436876 1.75813866e+01
6574.73978894 -3.42945099e+00
6574.79520913 -1.69622765e+01
6574.85062932 2.31856270e+01
6574.90604951 5.91512299e+00
6574.96146970 -1.74839859e+01
6575.01688989 -2.77041626e+00
6575.07231008 -1.19853592e+01
6575.12773026 -1.63930130e+00
6575.18315045 -1.34298897e+01
6575.23857064 -2.69050064e+01
6575.29399083 3.26569138e+01
6575.34941102 -2.26337433e-01
6575.40483121 5.10412636e+01
6575.46025140 3.11735458e+01
6575.51567159 2.78304787e+01
6575.57109177 -5.37968445e+00
6575.62651196 1.23829956e+01
6575.68193215 3.30305367e+01
6575.73735234 3.44289703e+01
6575.79277253 -2.35800247e+01
6575.84819272 2.21501541e+01
6575.90361291 -7.56090546e+00
6575.95903309 -2.60011673e+00
6576.01445328 -6.31061172e+00
6576.06987347 -4.45913696e+00
6576.12529366 -3.74232483e+01
6576.18071385 2.31872482e+01
6576.23613404 -1.66137123e+01
6576.29155423 1.90566368e+01
6576.34697442 -4.45003510e-01
6576.40239460 -2.17824821e+01
6576.45781479 -1.84626350e+01
6576.51323498 -7.53749847e-01
6576.56865517 -1.42405739e+01
6576.62407536 3.01442146e+01
6576.67949555 1.10032730e+01
6576.73491574 -1.76633644e+01
6576.79033592 2.88647003e+01
6576.84575611 1.20335159e+01
6576.90117630 -3.21767693e+01
6576.95659649 -9.50038910e+00
6577.01201668 5.71759033e+00
6577.06743687 9.50527191e+00
6577.12285706 -2.56900787e+00
6577.17827725 -4.32883759e+01
6577.23369743 9.29668427e+00
6577.28911762 -1.82899780e+01
6577.34453781 -1.64061279e+01
6577.39995800 2.74143791e+01
6577.45537819 -1.38124275e+01
6577.51079838 -8.91480255e+00
6577.56621857 -1.23268127e+00
6577.62163875 9.95207596e+00
6577.67705894 -1.02877769e+01
6577.73247913 -5.86982422e+01
6577.78789932 -1.21753769e+01
6577.84331951 4.51625824e+00
6577.89873970 -2.50832634e+01
6577.95415989 -2.42309570e+00
6578.00958008 -3.85265160e+01
6578.06500026 -3.41469193e+01
6578.12042045 4.59303665e+00
6578.17584064 1.78198929e+01
6578.23126083 5.56144714e-02
6578.28668102 -1.05524712e+01
6578.34210121 -1.63653660e+01
6578.39752140 1.51043930e+01
6578.45294158 6.71261749e+01
6578.50836177 -1.55088425e+01
6578.56378196 -9.23444366e+00
6578.61920215 6.78794098e+00
6578.67462234 -1.29321060e+01
6578.73004253 -9.69366074e+00
6578.78546272 7.86787033e+00
6578.84088291 -1.47185326e+01
6578.89630309 -3.29665833e+01
6578.95172328 1.40343857e+01
6579.00714347 1.36228790e+01
6579.06256366 1.78353691e+01
6579.11798385 3.82013588e+01
6579.17340404 -1.36359062e+01
6579.22882423 8.60174942e+00
6579.28424441 1.45022354e+01
6579.33966460 2.20985336e+01
6579.39508479 2.04108810e+01
6579.45050498 -1.14796410e+01
6579.50592517 7.60058594e+00
6579.56134536 -3.42506561e+01
6579.61676555 -2.23232727e+01
6579.67218574 1.07851219e+01
6579.72760592 -3.68378906e+01
6579.78302611 2.42099648e+01
6579.83844630 -1.44444695e+01
6579.89386649 -1.24232750e+01
6579.94928668 1.53281670e+01
6580.00470687 2.59191856e+01
6580.06012706 2.75501633e+01
6580.11554724 3.69244041e+01
6580.17096743 1.12630348e+01
6580.22638762 -4.12121201e+00
6580.28180781 3.37913055e+01
6580.33722800 2.93059158e+00
6580.39264819 -1.71140671e+01
6580.44806838 1.77403336e+01
6580.50348857 3.83524933e+01
6580.55890875 -1.85103989e+00
6580.61432894 -2.95139580e+01
6580.66974913 7.55142212e+00
6580.72516932 2.03727455e+01
6580.78058951 1.35826874e+00
6580.83600970 2.76110687e+01
6580.89142989 2.53286743e+01
6580.94685007 4.37451553e+00
6581.00227026 8.41472626e-01
6581.05769045 -2.47078533e+01
6581.11311064 -3.41500015e+01
6581.16853083 -2.27175255e+01
6581.22395102 5.39428711e+00
6581.27937121 2.40677528e+01
6581.33479140 -1.15036526e+01
6581.39021158 3.94168091e+00
6581.44563177 -1.88754654e+00
6581.50105196 -2.75864029e+00
6581.55647215 2.12441978e+01
6581.61189234 -5.06295776e+00
6581.66731253 -1.27680283e+01
6581.72273272 8.50701523e+00
6581.77815290 -2.90424767e+01
6581.83357309 -2.58016739e+01
6581.88899328 2.23335609e+01
6581.94441347 -6.23530197e+00
