# Rest-frame spectrum generated from: N3370A0002o_1d.fits
# lambda_Ha_obs = 6593.67100000 Angstrom
# lambda_Ha_rest = 6562.80000000 Angstrom
# z_Ha = 4.7039373438e-03
# v_Ha_relativistic = 1406.888217 km/s
# v_Ha_classical = 1410.204939 km/s
# columns: wavelength_rest[Angstrom] flux_or_counts

6525.86621079 -1.81920242e+01
6525.92161376 -1.81917496e+01
6525.97701673 -1.81920643e+01
6526.03241970 -1.81917229e+01
6526.08782267 -1.81922035e+01
6526.14322564 -1.81922760e+01
6526.19862861 -1.81939697e+01
6526.25403158 -1.81924019e+01
6526.30943455 -1.81933193e+01
6526.36483752 -1.81938801e+01
6526.42024049 -1.81936989e+01
6526.47564346 -1.81927013e+01
6526.53104643 -1.81934853e+01
6526.58644940 -1.81954079e+01
6526.64185237 -1.81959534e+01
6526.69725534 -1.51021976e+01
6526.75265831 -2.97064247e+01
6526.80806128 -1.33477478e+01
6526.86346425 -1.20626011e+01
6526.91886722 1.02240334e+01
6526.97427019 2.10568695e+01
6527.02967316 4.29524117e+01
6527.08507613 3.86863594e+01
6527.14047910 1.87568626e+01
6527.19588207 3.23235321e+00
6527.25128504 1.48827934e+01
6527.30668801 -2.27360153e+00
6527.36209098 5.26231384e+00
6527.41749395 1.05153885e+01
6527.47289692 1.31809750e+01
6527.52829989 2.61476364e+01
6527.58370286 -2.53120804e+00
6527.63910583 2.24031677e+01
6527.69450880 2.68926086e+01
6527.74991177 5.89114761e+00
6527.80531474 3.75550652e+01
6527.86071771 1.98193359e+00
6527.91612068 1.72407017e+01
6527.97152365 7.94738197e+00
6528.02692662 3.08046188e+01
6528.08232959 3.28124924e+01
6528.13773256 8.78211594e+00
6528.19313553 2.29894791e+01
6528.24853850 -1.71559963e+01
6528.30394147 -2.51235962e-01
6528.35934444 1.23361950e+01
6528.41474741 -1.10540848e+01
6528.47015038 -7.97289276e+00
6528.52555335 -5.08801651e+00
6528.58095631 -4.64218140e-01
6528.63635928 1.85278111e+01
6528.69176225 1.78382149e+01
6528.74716522 3.30204391e+00
6528.80256819 -1.12288437e+01
6528.85797116 -1.03057957e+01
6528.91337413 -9.75167465e+00
6528.96877710 -1.70831680e+00
6529.02418007 2.73645897e+01
6529.07958304 3.22329712e+01
6529.13498601 1.99079208e+01
6529.19038898 2.50481415e+01
6529.24579195 3.37967682e+00
6529.30119492 1.00201569e+01
6529.35659789 3.12779636e+01
6529.41200086 -9.27673340e+00
6529.46740383 6.31866837e+00
6529.52280680 2.93668690e+01
6529.57820977 -1.02206631e+01
6529.63361274 -2.23785686e+01
6529.68901571 5.47454834e-01
6529.74441868 2.33024216e+00
6529.79982165 -6.42646790e-01
6529.85522462 8.07224274e-01
6529.91062759 -2.44868641e+01
6529.96603056 1.53263092e+01
6530.02143353 2.32324581e+01
6530.07683650 1.88384724e+01
6530.13223947 1.47687874e+01
6530.18764244 2.39788246e+01
6530.24304541 -3.89432144e+00
6530.29844838 1.76134109e+00
6530.35385135 2.11583176e+01
6530.40925432 -2.90000725e+01
6530.46465729 2.65715675e+01
6530.52006026 1.40205460e+01
6530.57546323 3.08423996e+00
6530.63086620 2.84613667e+01
6530.68626917 1.75883026e+01
6530.74167214 -4.00298691e+00
6530.79707511 2.22229881e+01
6530.85247808 2.78083305e+01
6530.90788105 -9.01389694e+00
6530.96328402 -1.22545853e+01
6531.01868699 1.65050468e+01
6531.07408996 -2.97449493e+00
6531.12949293 -7.23281860e+00
6531.18489590 5.70136261e+00
6531.24029887 -1.39773560e+00
6531.29570184 -3.55512047e+00
6531.35110481 2.16261959e+00
6531.40650778 1.85348797e+01
6531.46191075 1.26091766e+00
6531.51731372 -2.82977581e+01
6531.57271669 -8.36154938e+00
6531.62811966 2.99943848e+01
6531.68352263 1.01898193e+01
6531.73892560 -5.45745850e+00
6531.79432857 8.03768158e-01
6531.84973154 -1.00985489e+01
6531.90513451 1.49494400e+01
6531.96053748 6.62321625e+01
6532.01594044 3.29325104e+00
6532.07134341 2.84458733e+01
6532.12674638 9.88710022e+00
6532.18214935 3.93516159e+00
6532.23755232 1.04060364e+01
6532.29295529 1.98900604e+00
6532.34835826 -1.04438782e+01
6532.40376123 1.11690426e+01
6532.45916420 -1.46226044e+01
6532.51456717 -1.37058258e+00
6532.56997014 -3.90937920e+01
6532.62537311 -1.90398617e+01
6532.68077608 -2.60457993e-01
6532.73617905 5.12804794e+00
6532.79158202 8.70639801e+00
6532.84698499 -4.64448166e+00
6532.90238796 -9.93725777e+00
6532.95779093 -1.48614197e+01
6533.01319390 1.32350807e+01
6533.06859687 9.66034698e+00
6533.12399984 -7.32414246e-01
6533.17940281 8.28176498e+00
6533.23480578 -9.48242188e+00
6533.29020875 -2.34856110e+01
6533.34561172 1.44398193e+01
6533.40101469 3.37195053e+01
6533.45641766 2.34213066e+01
6533.51182063 2.69308815e+01
6533.56722360 3.14304962e+01
6533.62262657 1.53963432e+01
6533.67802954 4.58205795e+00
6533.73343251 1.93766880e+01
6533.78883548 1.45588303e+00
6533.84423845 2.13231506e+01
6533.89964142 2.09312401e+01
6533.95504439 -2.45574951e+00
6534.01044736 -6.07246780e+00
6534.06585033 2.12077179e+01
6534.12125330 -1.06501274e+01
6534.17665627 -2.04192066e+01
6534.23205924 1.99479713e+01
6534.28746221 2.13261395e+01
6534.34286518 4.32722778e+01
6534.39826815 3.77681847e+01
6534.45367112 5.50640869e+00
6534.50907409 1.93737030e+01
6534.56447706 4.30277634e+00
6534.61988003 1.22142868e+01
6534.67528300 2.25017128e+01
6534.73068597 9.97268677e-01
6534.78608894 7.61927414e+00
6534.84149191 2.40109711e+01
6534.89689488 1.43685799e+01
6534.95229785 -1.52246819e+01
6535.00770082 2.70014095e+01
6535.06310379 1.03295937e+01
6535.11850676 -6.62710190e+00
6535.17390973 1.15494576e+01
6535.22931270 1.91086731e+01
6535.28471567 3.33694077e+00
6535.34011864 5.42343903e+00
6535.39552161 -2.13579845e+01
6535.45092457 -2.39288406e+01
6535.50632754 -1.81585693e+00
6535.56173051 1.69583969e+01
6535.61713348 -3.43321419e+01
6535.67253645 -5.01403809e-02
6535.72793942 6.22893524e+00
6535.78334239 5.70973015e+00
6535.83874536 2.53972149e+01
6535.89414833 4.26534271e+00
6535.94955130 -1.31894493e+01
6536.00495427 -5.60385132e+00
6536.06035724 7.50421524e+00
6536.11576021 3.08983727e+01
6536.17116318 1.70422363e+01
6536.22656615 4.65221786e+00
6536.28196912 1.29410553e+00
6536.33737209 -2.93502731e+01
6536.39277506 -7.43239212e+00
6536.44817803 2.36440430e+01
6536.50358100 1.69333191e+01
6536.55898397 4.19050903e+01
6536.61438694 2.73525715e+01
6536.66978991 -1.23290176e+01
6536.72519288 -4.30826187e+00
6536.78059585 6.47194290e+00
6536.83599882 1.80751801e+00
6536.89140179 -3.82758904e+00
6536.94680476 9.98924637e+00
6537.00220773 5.07703400e+00
6537.05761070 1.08664646e+01
6537.11301367 6.58331490e+00
6537.16841664 3.15890694e+01
6537.22381961 1.32816124e+01
6537.27922258 5.58807373e-01
6537.33462555 -7.43886375e+00
6537.39002852 1.45965691e+01
6537.44543149 -2.60279503e+01
6537.50083446 2.30062027e+01
6537.55623743 4.04853058e+01
6537.61164040 4.88001976e+01
6537.66704337 1.52351532e+01
6537.72244634 -3.24656754e+01
6537.77784931 4.11630936e+01
6537.83325228 1.24874420e+01
6537.88865525 1.90921059e+01
6537.94405822 1.55447388e+01
6537.99946119 1.31371155e+01
6538.05486416 4.01432419e+00
6538.11026713 9.39342499e-01
6538.16567010 -5.35286331e+00
6538.22107307 -1.45356007e+01
6538.27647604 3.77677040e+01
6538.33187901 1.44469986e+01
6538.38728198 -5.26079178e+00
6538.44268495 -1.76890945e+00
6538.49808792 1.72357063e+01
6538.55349089 3.17858772e+01
6538.60889386 3.09289150e+01
6538.66429683 2.14873123e+01
6538.71969980 7.03519440e+01
6538.77510277 4.11904907e+01
6538.83050574 2.42758026e+01
6538.88590870 -1.19840584e+01
6538.94131167 -9.58900070e+00
6538.99671464 -3.91843796e+00
6539.05211761 -1.01360245e+01
6539.10752058 2.76443901e+01
6539.16292355 1.66206245e+01
6539.21832652 2.73934135e+01
6539.27372949 -6.15453339e+00
6539.32913246 -3.28645630e+01
6539.38453543 1.03326550e+01
6539.43993840 -1.36120796e+01
6539.49534137 5.68102646e+00
6539.55074434 3.34142761e+01
6539.60614731 4.51803741e+01
6539.66155028 1.83952255e+01
6539.71695325 2.09040146e+01
6539.77235622 3.82563019e+00
6539.82775919 -1.39534492e+01
6539.88316216 1.10752640e+01
6539.93856513 -1.63632965e+00
6539.99396810 8.15264893e+00
6540.04937107 -4.20785522e+00
6540.10477404 1.99694023e+01
6540.16017701 1.96481171e+01
6540.21557998 1.69776688e+01
6540.27098295 9.08636093e-01
6540.32638592 2.37560272e+00
6540.38178889 -1.11407852e+01
6540.43719186 -1.98946629e+01
6540.49259483 4.07208443e+01
6540.54799780 2.31826782e+00
6540.60340077 4.78637695e-01
6540.65880374 4.85123024e+01
6540.71420671 9.79416275e+00
6540.76960968 1.94305038e+00
6540.82501265 2.48481750e-01
6540.88041562 3.88588600e+01
6540.93581859 3.34477158e+01
6540.99122156 3.66950836e+01
6541.04662453 -1.30021324e+01
6541.10202750 1.80269356e+01
6541.15743047 4.65945053e+01
6541.21283344 -5.28697968e-01
6541.26823641 8.67961502e+00
6541.32363938 2.90109253e+00
6541.37904235 1.38627434e+01
6541.43444532 4.41841125e+01
6541.48984829 -4.65587616e+00
6541.54525126 -1.52728424e+01
6541.60065423 3.96919250e-02
6541.65605720 -4.38841057e+00
6541.71146017 4.40906830e+01
6541.76686314 -4.55142975e-01
6541.82226611 -1.06580582e+01
6541.87766908 -2.72942562e+01
6541.93307205 9.34837341e+00
6541.98847502 1.38824005e+01
6542.04387799 3.48234329e+01
6542.09928096 -4.02767563e+01
6542.15468393 3.67360687e+01
6542.21008690 1.50428886e+01
6542.26548987 6.91109467e+00
6542.32089283 6.82721558e+01
6542.37629580 4.50427933e+01
6542.43169877 -4.81100464e+00
6542.48710174 -8.23204041e-01
6542.54250471 1.51205101e+01
6542.59790768 5.49312172e+01
6542.65331065 2.92811737e+01
6542.70871362 3.88827133e+00
6542.76411659 -3.91695404e+00
6542.81951956 3.55969429e+01
6542.87492253 3.73920784e+01
6542.93032550 5.08405685e+00
6542.98572847 -1.82311001e+01
6543.04113144 3.84794998e+00
6543.09653441 1.57703705e+01
6543.15193738 -1.89013290e+00
6543.20734035 -7.33830261e+00
6543.26274332 1.67848549e+01
6543.31814629 1.08466492e+01
6543.37354926 1.50487976e+01
6543.42895223 -1.78451538e-01
6543.48435520 2.13828201e+01
6543.53975817 1.04539795e+01
6543.59516114 2.41061859e+01
6543.65056411 -6.33166695e+00
6543.70596708 -1.55144329e+01
6543.76137005 1.31446419e+01
6543.81677302 -2.52394867e+00
6543.87217599 2.41642876e+01
6543.92757896 2.31395817e+01
6543.98298193 1.39447632e+01
6544.03838490 -2.76013985e+01
6544.09378787 9.89504623e+00
6544.14919084 1.70350494e+01
6544.20459381 -1.92693653e+01
6544.25999678 3.48082848e+01
6544.31539975 -2.39455452e+01
6544.37080272 -4.17004395e+00
6544.42620569 -8.85425186e+00
6544.48160866 6.87664413e+00
6544.53701163 2.90461693e+01
6544.59241460 -1.04853783e+01
6544.64781757 -5.61935692e+01
6544.70322054 2.48408203e+01
6544.75862351 -1.63569641e+00
6544.81402648 -3.04267101e+01
6544.86942945 1.88530998e+01
6544.92483242 1.60776138e+01
6544.98023539 -2.01078205e+01
6545.03563836 -7.43137741e+00
6545.09104133 -8.14309311e+00
6545.14644430 1.60233650e+01
6545.20184727 2.37675781e+01
6545.25725024 1.43330154e+01
6545.31265321 2.36796799e+01
6545.36805618 3.72524948e+01
6545.42345915 -1.84346390e+00
6545.47886212 3.49344215e+01
6545.53426509 7.00222206e+00
6545.58966806 -1.41744881e+01
6545.64507103 2.25105286e+00
6545.70047400 5.48171043e+00
6545.75587696 3.12938690e+00
6545.81127993 1.96566010e+01
6545.86668290 1.11191177e+01
6545.92208587 4.37269783e+01
6545.97748884 4.10675354e+01
6546.03289181 3.92724609e+00
6546.08829478 -1.76931686e+01
6546.14369775 2.21975327e+00
6546.19910072 -6.19617462e+00
6546.25450369 2.55617523e+00
6546.30990666 -8.00693512e+00
6546.36530963 1.03333015e+01
6546.42071260 -1.72264938e+01
6546.47611557 8.95191193e-01
6546.53151854 -1.11827011e+01
6546.58692151 3.35631409e+01
6546.64232448 2.80578690e+01
6546.69772745 -9.22249985e+00
6546.75313042 1.94466972e+01
6546.80853339 4.81174622e+01
6546.86393636 1.10993958e+00
6546.91933933 2.37059631e+01
6546.97474230 -8.31465149e+00
6547.03014527 -6.05186462e-01
6547.08554824 4.24665909e+01
6547.14095121 -1.39465332e-01
6547.19635418 1.64110107e+01
6547.25175715 2.01735764e+01
6547.30716012 -1.39151382e+00
6547.36256309 1.97515602e+01
6547.41796606 1.39412689e+00
6547.47336903 4.27471657e+01
6547.52877200 3.71067963e+01
6547.58417497 5.95622635e+00
6547.63957794 -1.00616817e+01
6547.69498091 5.03791046e+01
6547.75038388 4.49812355e+01
6547.80578685 5.12341957e+01
6547.86118982 2.05556107e+01
6547.91659279 7.00135803e+01
6547.97199576 6.79374771e+01
6548.02739873 7.16279602e+01
6548.08280170 7.31835632e+01
6548.13820467 6.78413086e+01
6548.19360764 5.64441338e+01
6548.24901061 3.56725121e+01
6548.30441358 6.85117798e+01
6548.35981655 6.40839081e+01
6548.41521952 7.85629883e+01
6548.47062249 -1.85445023e+00
6548.52602546 4.23030815e+01
6548.58142843 2.05923843e+01
6548.63683140 -1.60505447e+01
6548.69223437 2.19952507e+01
6548.74763734 3.58427696e+01
6548.80304031 8.19180679e+00
6548.85844328 1.02454681e+01
6548.91384625 8.33873749e-01
6548.96924922 3.21086006e+01
6549.02465219 1.21116295e+01
6549.08005516 1.13271332e+01
6549.13545813 3.94639702e+01
6549.19086109 -4.22835922e+00
6549.24626406 9.17008972e+00
6549.30166703 1.39753189e+01
6549.35707000 -9.72153854e+00
6549.41247297 -3.03802166e+01
6549.46787594 4.18422623e+01
6549.52327891 -8.92204285e+00
6549.57868188 -1.99798203e+00
6549.63408485 6.46210861e+00
6549.68948782 -1.13470230e+01
6549.74489079 3.04525337e+01
6549.80029376 6.73315430e+00
6549.85569673 2.21969185e+01
6549.91109970 4.32085457e+01
6549.96650267 9.41080666e+00
6550.02190564 -9.02776718e+00
6550.07730861 1.93267441e+01
6550.13271158 2.68985825e+01
6550.18811455 3.69626999e+00
6550.24351752 3.06921997e+01
6550.29892049 3.61353188e+01
6550.35432346 -8.30883789e+00
6550.40972643 1.55862617e+01
6550.46512940 2.02404175e+01
6550.52053237 -9.11117172e+00
6550.57593534 2.14246254e+01
6550.63133831 -1.09590836e+01
6550.68674128 1.07550430e+00
6550.74214425 -8.52082634e+00
6550.79754722 9.39192581e+00
6550.85295019 2.49044380e+01
6550.90835316 2.07072868e+01
6550.96375613 1.55357246e+01
6551.01915910 1.67608337e+01
6551.07456207 1.19760895e+01
6551.12996504 5.25526047e+00
6551.18536801 -2.18165054e+01
6551.24077098 -2.47960281e+00
6551.29617395 -2.84742737e+00
6551.35157692 -2.83451080e+01
6551.40697989 -7.88904953e+00
6551.46238286 1.93164978e+01
6551.51778583 4.38380432e+01
6551.57318880 -2.60483513e+01
6551.62859177 6.41321564e+00
6551.68399474 2.44299927e+01
6551.73939771 -2.73937225e+00
6551.79480068 2.55171967e+00
6551.85020365 1.56546555e+01
6551.90560662 -3.29039268e+01
6551.96100959 3.37557945e+01
6552.01641256 -9.83924294e+00
6552.07181553 -9.54926682e+00
6552.12721850 3.17919922e+01
6552.18262147 -8.47355843e+00
6552.23802444 1.43002281e+01
6552.29342741 3.24650612e+01
6552.34883038 -2.47871056e+01
6552.40423335 -2.69304848e+01
6552.45963632 -2.42198429e+01
6552.51503929 3.10336304e+00
6552.57044226 2.39490356e+01
6552.62584522 -8.48831177e-01
6552.68124819 -1.44095802e+00
6552.73665116 -1.21461258e+01
6552.79205413 1.46325760e+01
6552.84745710 6.88158417e+00
6552.90286007 1.24952850e+01
6552.95826304 1.20857582e+01
6553.01366601 -2.20293045e+00
6553.06906898 3.76530457e+01
6553.12447195 -8.03482056e-01
6553.17987492 -9.00728989e+00
6553.23527789 1.30951500e+01
6553.29068086 8.97094345e+00
6553.34608383 2.19926224e+01
6553.40148680 3.30883789e+01
6553.45688977 -8.73494339e+00
6553.51229274 5.65410995e+00
6553.56769571 -2.12771034e+01
6553.62309868 -4.67798233e+00
6553.67850165 3.58936043e+01
6553.73390462 1.55117073e+01
6553.78930759 -1.03478184e+01
6553.84471056 3.23860092e+01
6553.90011353 -7.06982040e+00
6553.95551650 2.52124977e+01
6554.01091947 2.56917953e+01
6554.06632244 1.73790550e+01
6554.12172541 -3.14844570e+01
6554.17712838 -4.55280685e+00
6554.23253135 1.37596512e+01
6554.28793432 2.91100578e+01
6554.34333729 -1.69807396e+01
6554.39874026 2.23807945e+01
6554.45414323 1.97124004e+01
6554.50954620 1.98165436e+01
6554.56494917 2.51863899e+01
6554.62035214 -2.14765015e+01
6554.67575511 3.07257538e+01
6554.73115808 -2.74123993e+01
6554.78656105 -1.97948513e+01
6554.84196402 9.40824509e+00
6554.89736699 -2.12361984e+01
6554.95276996 3.08019753e+01
6555.00817293 5.25745773e+00
6555.06357590 -4.51668549e+00
6555.11897887 7.76050186e+00
6555.17438184 9.58161545e+00
6555.22978481 4.31874466e+00
6555.28518778 -1.99346924e+00
6555.34059075 2.80276814e+01
6555.39599372 6.01100922e-01
6555.45139669 6.70573425e+01
6555.50679966 2.06752205e+01
6555.56220263 -1.47496948e+01
6555.61760560 2.91139030e+01
6555.67300857 9.01313400e+00
6555.72841154 1.74109993e+01
6555.78381451 4.21025085e+00
6555.83921748 -1.42030334e+00
6555.89462045 2.77438412e+01
6555.95002342 3.06493340e+01
6556.00542639 1.71562576e+01
6556.06082935 -5.00273132e+00
6556.11623232 3.73497009e+01
6556.17163529 2.48166523e+01
6556.22703826 3.02251587e+01
6556.28244123 5.61793709e+00
6556.33784420 -2.54698944e+00
6556.39324717 -5.06736755e+00
6556.44865014 -2.89943695e+00
6556.50405311 1.38312721e+01
6556.55945608 3.72811623e+01
6556.61485905 -1.12211037e+00
6556.67026202 1.88786697e+00
6556.72566499 2.23045158e+01
6556.78106796 1.11457176e+01
6556.83647093 1.03848114e+01
6556.89187390 3.27806549e+01
6556.94727687 -5.73358917e+00
6557.00267984 -8.07952881e-03
6557.05808281 -1.94203434e+01
6557.11348578 -9.27277756e+00
6557.16888875 1.54428177e+01
6557.22429172 -1.63034439e+01
6557.27969469 7.28727341e+00
6557.33509766 2.70255280e+01
6557.39050063 3.99766693e+01
6557.44590360 3.36421738e+01
6557.50130657 -1.41844292e+01
6557.55670954 1.58213081e+01
6557.61211251 -1.54227791e+01
6557.66751548 1.05269814e+01
6557.72291845 5.00106812e-01
6557.77832142 9.45571899e+00
6557.83372439 1.98631325e+01
6557.88912736 -7.98347855e+00
6557.94453033 2.15873661e+01
6557.99993330 -2.12842865e+01
6558.05533627 2.56597977e+01
6558.11073924 -7.65616989e+00
6558.16614221 1.49761276e+01
6558.22154518 1.35778694e+01
6558.27694815 -5.16387177e+00
6558.33235112 -5.95624542e+01
6558.38775409 -1.99251900e+01
6558.44315706 -1.46144104e+01
6558.49856003 3.05494232e+01
6558.55396300 -8.39419937e+00
6558.60936597 -2.25659180e+00
6558.66476894 -2.08636017e+01
6558.72017191 2.70070648e+00
6558.77557488 2.06527519e+01
6558.83097785 5.25875282e+00
6558.88638082 -8.78062439e+00
6558.94178379 2.25089836e+01
6558.99718676 -5.90705109e+00
6559.05258973 -5.01328278e+00
6559.10799270 -1.46880913e+01
6559.16339567 -1.53884125e+00
6559.21879864 -1.18999481e-01
6559.27420161 -9.82736969e+00
6559.32960458 3.16617966e+00
6559.38500755 -6.16875839e+00
6559.44041052 2.62496986e+01
6559.49581348 1.07282333e+01
6559.55121645 -3.41220856e-01
6559.60661942 -8.72463608e+00
6559.66202239 6.66303635e+00
6559.71742536 1.97870178e+01
6559.77282833 1.41250267e+01
6559.82823130 -1.92811584e+00
6559.88363427 -3.05092487e+01
6559.93903724 1.26514435e-01
6559.99444021 3.98125916e+01
6560.04984318 4.93130188e+01
6560.10524615 2.63964615e+01
6560.16064912 -1.75923157e+00
6560.21605209 -7.62514496e+00
6560.27145506 2.04360199e+00
6560.32685803 2.19415607e+01
6560.38226100 1.82958183e+01
6560.43766397 -3.54886246e+00
6560.49306694 -3.47549591e+01
6560.54846991 -4.73886108e+00
6560.60387288 1.76066589e+01
6560.65927585 -8.26677704e+00
6560.71467882 -2.30542240e+01
6560.77008179 1.86988525e+01
6560.82548476 1.84726562e+01
6560.88088773 1.67850952e+01
6560.93629070 2.26692619e+01
6560.99169367 4.93878555e+00
6561.04709664 1.35003166e+01
6561.10249961 2.66783409e+01
6561.15790258 8.92141724e+00
6561.21330555 2.03035965e+01
6561.26870852 5.28952026e+00
6561.32411149 -5.81775284e+00
6561.37951446 2.85410995e+01
6561.43491743 3.27148476e+01
6561.49032040 3.87764091e+01
6561.54572337 3.04789200e+01
6561.60112634 8.95146942e+00
6561.65652931 -1.23968925e+01
6561.71193228 3.01062241e+01
6561.76733525 3.66244774e+01
6561.82273822 5.61395950e+01
6561.87814119 6.23681602e+01
6561.93354416 6.09100571e+01
6561.98894713 5.40320740e+01
6562.04435010 7.87361908e+01
6562.09975307 1.08477356e+02
6562.15515604 9.72702255e+01
6562.21055901 1.24433235e+02
6562.26596198 1.28344223e+02
6562.32136495 2.11105423e+02
6562.37676792 2.08194244e+02
6562.43217089 2.22093811e+02
6562.48757386 3.11339081e+02
6562.54297683 2.91144135e+02
6562.59837980 3.96936432e+02
6562.65378277 3.88602783e+02
6562.70918574 3.92085175e+02
6562.76458871 4.01419373e+02
6562.81999168 3.88119385e+02
6562.87539465 3.92232452e+02
6562.93079761 3.65739410e+02
6562.98620058 3.55746887e+02
6563.04160355 3.06823975e+02
6563.09700652 3.01411377e+02
6563.15240949 3.02647675e+02
6563.20781246 1.75384552e+02
6563.26321543 2.28865082e+02
6563.31861840 1.71947983e+02
6563.37402137 1.41316711e+02
6563.42942434 1.00630661e+02
6563.48482731 9.75016022e+01
6563.54023028 7.86095886e+01
6563.59563325 2.31411057e+01
6563.65103622 5.38057823e+01
6563.70643919 5.22357788e+01
6563.76184216 8.08831787e+01
6563.81724513 6.37432251e+01
6563.87264810 5.10104370e+01
6563.92805107 6.14312210e+01
6563.98345404 1.63808670e+01
6564.03885701 4.24419479e+01
6564.09425998 1.71680565e+01
6564.14966295 5.93221207e+01
6564.20506592 4.47765884e+01
6564.26046889 1.14359856e+01
6564.31587186 -1.48236351e+01
6564.37127483 8.73328400e+00
6564.42667780 -1.13902435e+01
6564.48208077 -1.03629837e+01
6564.53748374 -1.11002464e+01
6564.59288671 9.51725388e+00
6564.64828968 2.14117050e+01
6564.70369265 8.56646729e+00
6564.75909562 1.92381897e+01
6564.81449859 2.98538361e+01
6564.86990156 4.00378227e+01
6564.92530453 2.63926086e+01
6564.98070750 4.77510567e+01
6565.03611047 -9.77711868e+00
6565.09151344 -1.36317635e+01
6565.14691641 -7.46204376e+00
6565.20231938 1.18968964e+00
6565.25772235 -2.37384796e-01
6565.31312532 3.22008133e+00
6565.36852829 8.59486771e+00
6565.42393126 -9.27143097e-01
6565.47933423 7.83406067e+00
6565.53473720 -2.65072899e+01
6565.59014017 -8.75422668e+00
6565.64554314 6.42266083e+00
6565.70094611 -3.92400780e+01
6565.75634908 6.78334808e+00
6565.81175205 4.35647583e+00
6565.86715502 2.77029800e+00
6565.92255799 -1.36911430e+01
6565.97796096 2.96496201e+01
6566.03336393 8.07328033e+00
6566.08876690 4.25814819e+00
6566.14416987 3.42838058e+01
6566.19957284 -1.81709290e-01
6566.25497581 2.87347260e+01
6566.31037878 7.85544586e+00
6566.36578174 -7.95246887e+00
6566.42118471 1.28946190e+01
6566.47658768 3.59415092e+01
6566.53199065 3.11818848e+01
6566.58739362 9.49565887e+00
6566.64279659 8.96893311e+00
6566.69819956 -1.32218170e+00
6566.75360253 -2.24816742e+01
6566.80900550 8.87714386e+00
6566.86440847 2.44945831e+01
6566.91981144 3.10178947e+01
6566.97521441 1.63745575e+01
6567.03061738 2.60474358e+01
6567.08602035 1.11789703e+00
6567.14142332 -1.19609680e+01
6567.19682629 -7.36543655e+00
6567.25222926 -1.06106567e+00
6567.30763223 1.61758938e+01
6567.36303520 4.99647522e+00
6567.41843817 5.86576843e+00
6567.47384114 -8.80280685e+00
6567.52924411 5.84268188e+00
6567.58464708 -3.81067276e+01
6567.64005005 2.08471909e+01
6567.69545302 1.39741096e+01
6567.75085599 2.64933739e+01
6567.80625896 9.94296646e+00
6567.86166193 -1.17244034e+01
6567.91706490 9.03214264e+00
6567.97246787 1.94654045e+01
6568.02787084 -3.90778313e+01
6568.08327381 -1.11858025e+01
6568.13867678 -1.70912018e+01
6568.19407975 1.14524536e+01
6568.24948272 3.23536377e+01
6568.30488569 1.99046288e+01
6568.36028866 1.48347054e+01
6568.41569163 2.81910172e+01
6568.47109460 -6.95669556e+00
6568.52649757 -7.36274719e-01
6568.58190054 -1.13739815e+01
6568.63730351 -1.44939537e+01
6568.69270648 8.86775970e+00
6568.74810945 -1.64372330e+01
6568.80351242 -2.56560516e+00
6568.85891539 7.10360718e+00
6568.91431836 1.35160828e+00
6568.96972133 -3.66456985e-01
6569.02512430 3.71669388e+01
6569.08052727 -1.38387451e+01
6569.13593024 -2.36943398e+01
6569.19133321 3.17817497e+01
6569.24673618 3.27716866e+01
6569.30213915 3.30171585e+00
6569.35754212 3.99630165e+01
6569.41294509 2.03017807e+01
6569.46834806 -6.92607117e+00
6569.52375103 6.88034058e+00
6569.57915400 -1.97296200e+01
6569.63455697 -1.81378670e+01
6569.68995994 -8.91400909e+00
6569.74536291 1.96107979e+01
6569.80076587 -7.54608154e-01
6569.85616884 1.15246124e+01
6569.91157181 1.51662140e+01
6569.96697478 -4.45180893e+00
6570.02237775 4.07943001e+01
6570.07778072 9.02956009e+00
6570.13318369 -6.47409439e+00
6570.18858666 1.17086983e+01
6570.24398963 1.33639488e+01
6570.29939260 3.72953415e+00
6570.35479557 -2.28265381e+00
6570.41019854 9.16841125e+00
6570.46560151 2.66019402e+01
6570.52100448 -1.29422379e+01
6570.57640745 -2.28468819e+01
6570.63181042 2.06433411e+01
6570.68721339 2.09623642e+01
6570.74261636 3.18295326e+01
6570.79801933 2.18680611e+01
6570.85342230 1.78725815e+01
6570.90882527 1.80049210e+01
6570.96422824 7.35586166e+00
6571.01963121 9.32835388e+00
6571.07503418 7.56537247e+00
6571.13043715 2.21870098e+01
6571.18584012 1.10750542e+01
6571.24124309 -6.31217957e-01
6571.29664606 -3.42830353e+01
6571.35204903 3.21770248e+01
6571.40745200 4.52176018e+01
6571.46285497 8.27823639e-01
6571.51825794 3.57254486e+01
6571.57366091 9.79055786e+00
6571.62906388 -5.66757965e+00
6571.68446685 7.05710220e+00
6571.73986982 2.81454582e+01
6571.79527279 4.61630211e+01
6571.85067576 5.96450043e+00
6571.90607873 -9.36827850e+00
6571.96148170 3.09770966e+00
6572.01688467 2.64834137e+01
6572.07228764 2.35029602e+00
6572.12769061 -8.82373428e+00
6572.18309358 1.45902653e+01
6572.23849655 3.26638031e+00
6572.29389952 -2.86560516e+01
6572.34930249 2.99580650e+01
6572.40470546 8.34874344e+00
6572.46010843 2.01280556e+01
6572.51551140 1.29783325e+01
6572.57091437 -1.37005005e+01
6572.62631734 6.88338089e+00
6572.68172031 -1.73920822e+00
6572.73712328 2.90531769e+01
6572.79252625 -1.82422256e+01
6572.84792922 1.78423309e+00
6572.90333219 1.63663521e+01
6572.95873516 -3.39310455e+00
6573.01413813 2.66066360e+01
6573.06954110 -4.15425873e+00
6573.12494407 -4.25266266e+00
6573.18034704 4.32467613e+01
6573.23575000 8.39214325e-01
6573.29115297 -1.14275780e+01
6573.34655594 -2.18226547e+01
6573.40195891 2.08141174e+01
6573.45736188 9.37044144e+00
6573.51276485 9.80647278e+00
6573.56816782 -3.68896103e+00
6573.62357079 1.07001915e+01
6573.67897376 -1.17020416e+01
6573.73437673 -1.33434753e+01
6573.78977970 -1.59156647e+01
6573.84518267 4.98550034e+00
6573.90058564 -1.49963303e+01
6573.95598861 -4.41436768e-02
6574.01139158 1.32675819e+01
6574.06679455 2.72005844e+00
6574.12219752 1.76665707e+01
6574.17760049 -5.48762894e+00
6574.23300346 -1.63764229e+01
6574.28840643 8.67567444e+00
6574.34380940 -5.33972206e+01
6574.39921237 -1.35645599e+01
6574.45461534 2.24947968e+01
6574.51001831 2.07756386e+01
6574.56542128 -2.10181007e+01
6574.62082425 -1.55467663e+01
6574.67622722 2.59880447e+01
6574.73163019 1.51722813e+01
6574.78703316 1.13847198e+01
6574.84243613 2.93224564e+01
6574.89783910 9.00657463e+00
6574.95324207 -1.13584633e+01
6575.00864504 -1.45469704e+01
6575.06404801 1.75099678e+01
6575.11945098 1.64664726e+01
6575.17485395 1.14542351e+01
6575.23025692 -3.88127136e+00
6575.28565989 3.32463875e+01
6575.34106286 7.97691727e+00
6575.39646583 -1.22877197e+01
6575.45186880 1.61732101e+00
6575.50727177 3.11734047e+01
6575.56267474 7.38063240e+00
6575.61807771 8.16499710e+00
6575.67348068 1.93620491e+01
6575.72888365 2.13271675e+01
6575.78428662 3.45512962e+01
6575.83968959 -1.17347412e+01
6575.89509256 1.44467106e+01
6575.95049553 2.43469009e+01
6576.00589850 7.90793610e+00
6576.06130147 -4.50246658e+01
6576.11670444 -3.86836166e+01
6576.17210741 7.25803375e-01
6576.22751038 -2.04165115e+01
6576.28291335 5.74669647e+00
6576.33831632 -5.29755783e+00
6576.39371929 4.76875305e+00
6576.44912226 1.10727005e+01
6576.50452523 -1.72560501e+00
6576.55992820 2.51792183e+01
6576.61533117 3.27919617e+01
6576.67073413 -1.99295273e+01
6576.72613710 1.92995892e+01
6576.78154007 -7.71230888e+00
6576.83694304 1.55765343e+01
6576.89234601 1.02369728e+01
6576.94774898 -7.79887390e+00
6577.00315195 7.62353897e-01
6577.05855492 1.44734726e+01
6577.11395789 3.80320244e+01
6577.16936086 2.94264565e+01
6577.22476383 1.62913742e+01
6577.28016680 -1.34072723e+01
6577.33556977 1.80788040e+00
6577.39097274 1.21046143e+01
6577.44637571 9.20222473e+00
6577.50177868 1.34486504e+01
6577.55718165 5.02838135e+00
6577.61258462 9.24560547e-01
6577.66798759 3.46564484e+01
6577.72339056 -2.47634544e+01
6577.77879353 -3.29794197e+01
6577.83419650 2.24466553e+01
6577.88959947 7.55763626e+00
6577.94500244 2.34408760e+01
6578.00040541 1.08046799e+01
6578.05580838 3.70889359e+01
6578.11121135 5.13017120e+01
6578.16661432 8.85444260e+00
6578.22201729 1.91817436e+01
6578.27742026 1.44480057e+01
6578.33282323 9.79679108e-01
6578.38822620 -1.54915123e+01
6578.44362917 1.24532623e+01
6578.49903214 1.02589226e+01
6578.55443511 -2.03768654e+01
6578.60983808 -9.39946747e+00
6578.66524105 -1.88532066e+01
6578.72064402 -1.10745201e+01
6578.77604699 -1.19257622e+01
6578.83144996 2.80193424e+01
6578.88685293 5.87733459e+00
6578.94225590 -2.89739609e+00
6578.99765887 9.74221420e+00
6579.05306184 1.45233612e+01
6579.10846481 1.37291965e+01
6579.16386778 5.75522614e+00
6579.21927075 5.23664093e+00
6579.27467372 -4.36676903e+01
6579.33007669 4.43802261e+00
6579.38547966 -8.51210594e+00
6579.44088263 -1.20303230e+01
6579.49628560 3.49152832e+01
6579.55168857 -3.68091583e-01
6579.60709154 -5.67854233e+01
6579.66249451 -1.02881927e+01
6579.71789748 8.48501205e+00
6579.77330045 2.09391403e+01
6579.82870342 3.50308838e+01
6579.88410639 2.05253620e+01
6579.93950936 1.42175751e+01
6579.99491233 -2.11413269e+01
6580.05031530 -2.61265068e+01
6580.10571826 1.32156792e+01
6580.16112123 -3.40938568e-01
6580.21652420 3.17218246e+01
6580.27192717 -7.87105179e+00
6580.32733014 -1.33988838e+01
6580.38273311 3.32416916e+00
6580.43813608 5.64704895e-01
6580.49353905 -9.02600479e+00
6580.54894202 -5.45799255e-01
6580.60434499 -5.88069534e+00
6580.65974796 -6.95074081e+00
6580.71515093 1.64803696e+01
6580.77055390 1.16720219e+01
6580.82595687 -1.67907448e+01
6580.88135984 -2.82899933e+01
6580.93676281 -2.34985352e-01
6580.99216578 8.75053024e+00
6581.04756875 -3.40231094e+01
6581.10297172 -1.73205547e+01
6581.15837469 9.79560280e+00
6581.21377766 2.14250221e+01
6581.26918063 -4.08457031e+01
6581.32458360 2.39080067e+01
6581.37998657 2.24329395e+01
6581.43538954 -8.38138199e+00
6581.49079251 -3.58632927e+01
6581.54619548 2.48429108e+00
6581.60159845 -1.77469902e+01
6581.65700142 2.15675240e+01
6581.71240439 1.94617386e+01
6581.76780736 -3.05580521e+00
6581.82321033 -1.59030609e+01
6581.87861330 2.92155380e+01
6581.93401627 -1.42255135e+01
6581.98941924 4.28794479e+00
6582.04482221 1.72755909e+01
