N5204B	1.0177608899282329	0.03416316325997743	19.72895600738937	0.6622415458280018	0.9637277409317401	0.04149261366141925	18.681533561718634	0.8043201640432303	0.11753286132682965	0.016509740093333218	2.2726819688434863	0.3192416843836817	9.1	2.4	17.19001517771287	0.7612246774092976	15.977002625214574	0.9415683718346547
N5204B	1.0508501453673236	0.036705174862956484	20.370314655210812	0.7115153047550864	0.9922566998791983	0.05738046688725934	19.234517272989645	1.1122984421365636	0.11563572689107535	0.021146970018113623	2.2359979029921373	0.4089097884054469	9.1	2.4	17.92707540370462	0.8100931719814954	16.625190768913054	1.2880484989149232
N5204B	1.0246525214113467	0.032113409503375046	19.862504760107164	0.6225063968470844	0.9938942524857542	0.04154044596961007	19.26626795817642	0.8052459918658486	0.11670780371799461	0.021176429322734995	2.2567281876652814	0.4094794302032543	9.1	2.4	17.345208941730185	0.7148382980285325	16.659119392190345	0.9329173688571795
N5204C	0.7891225433838226	0.014601300273003636	15.294982701922743	0.2830062795361636	0.7984061864355919	0.01725633393651892	15.474920760251221	0.334466847598264	0.11838847639621544	0.019025960704636805	2.289226626384466	0.3678967511316959	9.1	2.4	11.837480192387583	0.3725241492942126	12.069076766228088	0.4344922582451979
N5204C	0.7480715381851593	0.014909937718598951	14.499349977750063	0.2889889457001551	0.7168392129046659	0.01826105533230438	13.893995987206464	0.35394133711116466	0.11877261270553086	0.017729451661127254	2.29665450360879	0.34282671801616543	9.1	2.4	10.78825879687423	0.39519671763621783	9.959844505993194	0.5000370620275211
N5204C	0.8129162854579508	0.015605816155616707	15.756167874963584	0.3024762371874447	0.7801124055781118	0.019022848648034715	15.120352788621062	0.368706074337678	0.1178233140150892	0.01786197703122566	2.2782983265153547	0.34538930362530346	9.1	2.4	12.429649344990864	0.3886185820937986	11.613114362123454	0.4848162908366058
N5204D	0.8202247876456972	0.015176014586695204	15.89828901172135	0.2941543215706851	0.7703974156812052	0.020160525150600964	14.932492334389936	0.3907682984663584	0.11637705760243242	0.017958804002180535	2.250332693463766	0.34726160477157575	9.1	2.4	12.61434089712768	0.3758731152044339	11.373008840467078	0.5176500877526455
N5204D	0.8921681216623194	0.01357280737370726	17.292772760803906	0.26307987019572115	0.8895254324661411	0.016924943072084423	17.241550084696648	0.32805386221387284	0.11875178191119355	0.017226945297925664	2.2962517075724085	0.33310997039354395	9.1	2.4	14.32470655379273	0.32204746224052744	14.262828520969249	0.40017611270370046
N5204D	0.8528973234376804	0.01473458899207698	16.531567854097393	0.2855981031139388	0.8296628795921417	0.019639348889612076	16.081218984794333	0.38066626575831275	0.1178933007335851	0.018390640898028287	2.279651629339676	0.3556118475512986	9.1	2.4	13.398728453232987	0.35753212185256916	12.838956051243365	0.48095983985578217
N5584A	1.1249583241852152	0.03482633825671058	21.710199773222676	0.6721020189531313	1.0027871384719171	0.03332735206451519	19.352467192756393	0.6431738728049455	0.12204640580749429	0.017042817540115652	2.3599584210712172	0.32954957179170313	9.1	2.4	19.421466742860925	0.7523726639952099	16.744509031247453	0.7447978760623923
N5584A	1.2188224338669127	0.030199652691087864	23.521745934199085	0.5828154603678601	1.1458294498727577	0.032754972621728946	22.113083302158937	0.6321302338883515	0.1151823146671066	0.019539711339582527	2.2272304674491403	0.3778309243607153	9.1	2.4	21.441594535805343	0.6405606220531606	19.886123241423572	0.7041923500996229
N5584A	1.1843989722089563	0.03101447751557295	22.857276018202988	0.59853688644432	1.0388203326831151	0.03379924041553392	20.04781430748928	0.6522792000370946	0.11037485376915333	0.020725138149899097	2.1342706809234255	0.40075300850617396	9.1	2.4	20.720278850268112	0.6615564156773478	17.572414380731026	0.7457549114076023
