# Rest-frame spectrum generated from: N5204D0002o_1d.fits
# lambda_Ha_obs = 6568.15700000 Angstrom
# lambda_Ha_rest = 6562.80000000 Angstrom
# z_Ha = 8.1626744682e-04
# v_Ha_relativistic = 244.610950 km/s
# v_Ha_classical = 244.710824 km/s
# columns: wavelength_rest[Angstrom] flux_or_counts

6538.94372310 -3.11432476e+01
6539.00002740 -3.11409378e+01
6539.05633170 -3.11432667e+01
6539.11263600 -3.11437492e+01
6539.16894029 -3.11441860e+01
6539.22524459 -3.11433239e+01
6539.28154889 -3.11441250e+01
6539.33785319 -3.11435070e+01
6539.39415749 -3.11415615e+01
6539.45046178 -3.11450062e+01
6539.50676608 -3.11452179e+01
6539.56307038 -3.11434212e+01
6539.61937468 -3.11436501e+01
6539.67567897 -3.11451530e+01
6539.73198327 -3.11466446e+01
6539.78828757 -3.11474113e+01
6539.84459187 -3.11478176e+01
6539.90089617 -3.11454353e+01
6539.95720046 -3.11459122e+01
6540.01350476 -2.96137199e+01
6540.06980906 -5.03488960e+01
6540.12611336 1.92744675e+01
6540.18241766 -2.35778275e+01
6540.23872195 1.20714798e+01
6540.29502625 -6.31609726e+00
6540.35133055 6.08390579e+01
6540.40763485 8.57234955e+00
6540.46393915 -2.90104790e+01
6540.52024344 1.18703995e+01
6540.57654774 2.45372009e+00
6540.63285204 6.43482208e+01
6540.68915634 -3.80754089e+00
6540.74546063 2.95917206e+01
6540.80176493 4.70861015e+01
6540.85806923 2.35871639e+01
6540.91437353 -1.55382080e+01
6540.97067783 -5.39614105e+01
6541.02698212 1.22018318e+01
6541.08328642 2.58672791e+01
6541.13959072 1.31795235e+01
6541.19589502 5.09687500e+01
6541.25219932 4.80168915e+01
6541.30850361 8.46130943e+00
6541.36480791 -9.43541718e+00
6541.42111221 1.84434547e+01
6541.47741651 2.62675285e+01
6541.53372080 7.35323563e+01
6541.59002510 3.63134880e+01
6541.64632940 4.90727615e+01
6541.70263370 9.79444885e+00
6541.75893800 6.38799667e+00
6541.81524229 -1.48819771e+01
6541.87154659 -1.02736740e+01
6541.92785089 -1.41960258e+01
6541.98415519 1.95220451e+01
6542.04045949 2.44503136e+01
6542.09676378 -5.96689606e+00
6542.15306808 -2.63933563e+01
6542.20937238 -2.10708389e+01
6542.26567668 9.60872650e-01
6542.32198098 -2.39827175e+01
6542.37828527 5.02617798e+01
6542.43458957 -1.58360405e+01
6542.49089387 2.27361374e+01
6542.54719817 -4.18027115e+01
6542.60350246 1.75592537e+01
6542.65980676 2.38587265e+01
6542.71611106 2.79109268e+01
6542.77241536 1.77729836e+01
6542.82871966 5.80062637e+01
6542.88502395 1.01546173e+01
6542.94132825 1.87820091e+01
6542.99763255 -2.74271774e+00
6543.05393685 -1.38550758e+01
6543.11024115 1.49168205e+01
6543.16654544 3.84362984e+01
6543.22284974 -3.14841843e+01
6543.27915404 6.20758057e-01
6543.33545834 4.36558380e+01
6543.39176263 5.76297379e+00
6543.44806693 2.34621429e+00
6543.50437123 4.33504715e+01
6543.56067553 -1.37922440e+01
6543.61697983 3.22430725e+01
6543.67328412 2.98783035e+01
6543.72958842 -1.15694275e+01
6543.78589272 1.56830444e+01
6543.84219702 6.40360260e+00
6543.89850132 -1.79853134e+01
6543.95480561 4.50691986e+00
6544.01110991 -1.34473038e+00
6544.06741421 2.96244392e+01
6544.12371851 -3.01547241e+00
6544.18002281 2.59521599e+01
6544.23632710 6.15061340e+01
6544.29263140 -1.22605019e+01
6544.34893570 1.74550629e+00
6544.40524000 1.03528900e+01
6544.46154429 1.02367744e+01
6544.51784859 6.05008316e+00
6544.57415289 5.16811371e-01
6544.63045719 2.47649879e+01
6544.68676149 4.10528030e+01
6544.74306578 3.81105881e+01
6544.79937008 4.15197067e+01
6544.85567438 4.99259567e+00
6544.91197868 2.91809921e+01
6544.96828298 8.88831329e+00
6545.02458727 3.32836914e+00
6545.08089157 4.25043182e+01
6545.13719587 7.22819214e+01
6545.19350017 3.24479561e+01
6545.24980447 -1.75671768e+00
6545.30610876 -3.07497654e+01
6545.36241306 2.59847260e+00
6545.41871736 2.83087311e+01
6545.47502166 -3.89805565e+01
6545.53132595 4.76988297e+01
6545.58763025 5.80608253e+01
6545.64393455 3.81411514e+01
6545.70023885 -4.22430801e+00
6545.75654315 3.02230263e+01
6545.81284744 -3.54454460e+01
6545.86915174 -3.47792053e+00
6545.92545604 -4.22496414e+00
6545.98176034 2.58910370e+00
6546.03806464 2.06524887e+01
6546.09436893 -5.98923683e+01
6546.15067323 -1.60973816e+01
6546.20697753 3.77773514e+01
6546.26328183 4.68459396e+01
6546.31958612 4.57757416e+01
6546.37589042 3.31097603e+01
6546.43219472 2.97753258e+01
6546.48849902 5.22815704e+00
6546.54480332 1.12691727e+01
6546.60110761 7.15238953e+00
6546.65741191 1.41254463e+01
6546.71371621 1.09197044e+01
6546.77002051 -1.81248856e+00
6546.82632481 2.31038284e+00
6546.88262910 7.64476013e+00
6546.93893340 -8.63321686e+00
6546.99523770 -1.44151306e+00
6547.05154200 -9.00133514e+00
6547.10784630 -1.19111786e+01
6547.16415059 3.73844528e+01
6547.22045489 1.66407967e+01
6547.27675919 -8.01275635e+00
6547.33306349 2.85357666e+01
6547.38936778 6.52799835e+01
6547.44567208 4.68916130e+01
6547.50197638 4.43351860e+01
6547.55828068 6.95504456e+01
6547.61458498 5.99556313e+01
6547.67088927 6.04695778e+01
6547.72719357 9.65617065e+01
6547.78349787 9.03314667e+01
6547.83980217 2.64771652e+01
6547.89610647 7.01106186e+01
6547.95241076 5.93502502e+01
6548.00871506 3.54935303e+01
6548.06501936 5.47215576e+01
6548.12132366 9.63437195e+01
6548.17762795 5.04044495e+01
6548.23393225 7.13325806e+01
6548.29023655 3.43167114e+01
6548.34654085 5.32322464e+01
6548.40284515 3.57686195e+01
6548.45914944 3.82238770e+00
6548.51545374 4.36784668e+01
6548.57175804 4.08283310e+01
6548.62806234 1.32125473e+01
6548.68436664 4.31491623e+01
6548.74067093 1.95735703e+01
6548.79697523 5.34648895e+01
6548.85327953 2.63627243e+00
6548.90958383 2.80614243e+01
6548.96588813 -1.15267944e+00
6549.02219242 1.67052460e+00
6549.07849672 -1.12500381e+01
6549.13480102 3.62498856e+00
6549.19110532 -1.87961235e+01
6549.24740961 2.47962875e+01
6549.30371391 -7.79568863e+00
6549.36001821 -2.09774055e+01
6549.41632251 8.95354462e+00
6549.47262681 7.99594879e+00
6549.52893110 -1.65305710e+00
6549.58523540 3.29620857e+01
6549.64153970 4.67381897e+01
6549.69784400 -2.43095398e+00
6549.75414830 2.78433533e+01
6549.81045259 7.96733780e+01
6549.86675689 3.36988068e+00
6549.92306119 3.90461578e+01
6549.97936549 2.05587730e+01
6550.03566979 6.00889359e+01
6550.09197408 4.60889053e+01
6550.14827838 -9.92588043e-01
6550.20458268 -1.86415253e+01
6550.26088698 -9.75817108e+00
6550.31719127 1.68281021e+01
6550.37349557 1.41842651e+01
6550.42979987 -2.91961670e+00
6550.48610417 3.56676483e+01
6550.54240847 3.61572647e+01
6550.59871276 3.19776192e+01
6550.65501706 -4.75020218e+00
6550.71132136 3.20044327e+00
6550.76762566 5.87627411e+00
6550.82392996 -9.17800522e+00
6550.88023425 -6.92799377e+00
6550.93653855 -1.10222549e+01
6550.99284285 6.69674683e+00
6551.04914715 1.84923592e+01
6551.10545144 8.17054749e-01
6551.16175574 1.89352798e+01
6551.21806004 1.32026596e+01
6551.27436434 -2.10999908e+01
6551.33066864 5.41520195e+01
6551.38697293 3.59346695e+01
6551.44327723 3.16452255e+01
6551.49958153 3.86896782e+01
6551.55588583 -1.43992386e+01
6551.61219013 1.50309906e+01
6551.66849442 2.75308914e+01
6551.72479872 1.97190208e+01
6551.78110302 1.73285675e+00
6551.83740732 -2.48347855e+00
6551.89371162 9.30692673e+00
6551.95001591 2.12589684e+01
6552.00632021 1.52519150e+01
6552.06262451 -1.17278099e+01
6552.11892881 -2.60548401e+00
6552.17523310 3.78408051e+00
6552.23153740 -3.74736404e+00
6552.28784170 2.09145317e+01
6552.34414600 1.14789505e+01
6552.40045030 2.13891525e+01
6552.45675459 3.54500771e+01
6552.51305889 1.84379272e+01
6552.56936319 3.46016693e+01
6552.62566749 7.96018219e+01
6552.68197179 1.74416161e+01
6552.73827608 -7.90068054e+00
6552.79458038 1.47211647e+01
6552.85088468 1.24762268e+01
6552.90718898 9.55792999e+00
6552.96349327 -3.88729744e+01
6553.01979757 2.88984985e+01
6553.07610187 1.26157379e+00
6553.13240617 -4.47840118e+00
6553.18871047 6.72330856e+00
6553.24501476 -1.81793594e+01
6553.30131906 2.06858025e+01
6553.35762336 -2.45153809e+00
6553.41392766 5.21881561e+01
6553.47023196 2.89576797e+01
6553.52653625 6.77848816e+00
6553.58284055 8.80527496e+00
6553.63914485 1.21471176e+01
6553.69544915 -1.06041908e+01
6553.75175345 1.93809128e+01
6553.80805774 -7.74437714e+00
6553.86436204 -2.82905235e+01
6553.92066634 8.30082703e+00
6553.97697064 -8.49625397e+00
6554.03327493 1.68469543e+01
6554.08957923 -1.39351692e+01
6554.14588353 -1.64218407e+01
6554.20218783 1.09880257e+01
6554.25849213 5.42465210e-01
6554.31479642 4.08768768e+01
6554.37110072 4.50610046e+01
6554.42740502 5.02530975e+01
6554.48370932 -1.48723564e+01
6554.54001362 -7.86806107e+00
6554.59631791 5.64129601e+01
6554.65262221 -1.12241745e+01
6554.70892651 -1.05141258e+01
6554.76523081 1.57846622e+01
6554.82153511 5.74052048e+00
6554.87783940 9.46919632e+00
6554.93414370 5.78626251e+00
6554.99044800 1.25809822e+01
6555.04675230 -5.55031967e+00
6555.10305659 2.11913528e+01
6555.15936089 -9.27345276e-01
6555.21566519 4.60323715e+00
6555.27196949 -8.92921448e+00
6555.32827379 2.02391815e+00
6555.38457808 7.22346268e+01
6555.44088238 2.06963806e+01
6555.49718668 8.93443680e+00
6555.55349098 6.22361526e+01
6555.60979528 4.96404648e+00
6555.66609957 1.62022591e+01
6555.72240387 1.22340698e+01
6555.77870817 3.52747993e+01
6555.83501247 2.84122543e+01
6555.89131676 2.69150314e+01
6555.94762106 3.06732826e+01
6556.00392536 1.34899483e+01
6556.06022966 3.55292549e+01
6556.11653396 4.88965340e+01
6556.17283825 4.42573128e+01
6556.22914255 9.83093262e-01
6556.28544685 5.84909439e+00
6556.34175115 8.61716156e+01
6556.39805545 3.54790497e+01
6556.45435974 6.46247101e+01
6556.51066404 -8.29582214e-01
6556.56696834 -2.69503784e+00
6556.62327264 -5.69638443e+00
6556.67957694 -2.50978851e+00
6556.73588123 2.83404160e+01
6556.79218553 7.94417191e+00
6556.84848983 4.47829514e+01
6556.90479413 5.78271103e+01
6556.96109842 3.76725388e+01
6557.01740272 1.81272507e+01
6557.07370702 -2.89504852e+01
6557.13001132 -2.13598938e+01
6557.18631562 -5.95423889e+00
6557.24261991 2.14654541e+00
6557.29892421 2.25830078e+00
6557.35522851 4.06112671e-01
6557.41153281 2.01661530e+01
6557.46783711 -7.81766510e+00
6557.52414140 3.41187592e+01
6557.58044570 -1.83433914e+01
6557.63675000 4.03955917e+01
6557.69305430 4.19132195e+01
6557.74935859 3.30067863e+01
6557.80566289 2.51266747e+01
6557.86196719 1.05601196e+01
6557.91827149 1.15537415e+01
6557.97457579 3.73034554e+01
6558.03088008 7.34699631e+00
6558.08718438 2.97217522e+01
6558.14348868 3.09420853e+01
6558.19979298 4.65866890e+01
6558.25609728 2.90037994e+01
6558.31240157 3.72783585e+01
6558.36870587 7.82997894e+00
6558.42501017 2.50112877e+01
6558.48131447 1.28665924e+00
6558.53761877 6.04180145e+00
6558.59392306 -3.29923401e+01
6558.65022736 -4.33785744e+01
6558.70653166 -1.83363113e+01
6558.76283596 4.05849876e+01
6558.81914025 3.86619186e+01
6558.87544455 -3.88725281e-01
6558.93174885 -1.27843208e+01
6558.98805315 -2.85144806e+00
6559.04435745 1.11414795e+01
6559.10066174 2.90722351e+01
6559.15696604 -7.18889236e+00
6559.21327034 2.75566902e+01
6559.26957464 4.82587357e+01
6559.32587894 1.27396240e+01
6559.38218323 3.92672844e+01
6559.43848753 3.50952721e+01
6559.49479183 2.36378899e+01
6559.55109613 -1.60899353e+00
6559.60740043 7.42472839e+00
6559.66370472 -3.01124458e+01
6559.72000902 1.37012253e+01
6559.77631332 3.27644348e+00
6559.83261762 4.79069672e+01
6559.88892191 4.25472641e+00
6559.94522621 -8.72148132e+00
6560.00153051 -6.54275513e+00
6560.05783481 1.79452896e+01
6560.11413911 4.27860641e+01
6560.17044340 -1.38182030e+01
6560.22674770 9.41161728e+00
6560.28305200 -1.66998940e+01
6560.33935630 2.53988419e+01
6560.39566060 2.77641983e+01
6560.45196489 -2.91726341e+01
6560.50826919 4.68341064e+01
6560.56457349 4.34253006e+01
6560.62087779 3.37080498e+01
6560.67718208 4.41938477e+01
6560.73348638 1.54347534e+01
6560.78979068 2.03761292e+00
6560.84609498 -1.04801254e+01
6560.90239928 3.05279846e+01
6560.95870357 6.54453888e+01
6561.01500787 -3.22901154e+00
6561.07131217 2.76394196e+01
6561.12761647 8.53919983e-01
6561.18392077 -7.04416504e+01
6561.24022506 -1.53341446e+01
6561.29652936 5.05102081e+01
6561.35283366 2.37407837e+01
6561.40913796 -3.53073502e+01
6561.46544226 -2.19700699e+01
6561.52174655 2.08383331e+01
6561.57805085 5.56745758e+01
6561.63435515 1.91091156e+00
6561.69065945 2.14911499e+01
6561.74696374 5.53103409e+01
6561.80326804 6.46276245e+01
6561.85957234 1.14131653e+02
6561.91587664 1.88216949e+02
6561.97218094 1.96627319e+02
6562.02848523 2.37399261e+02
6562.08478953 2.97253540e+02
6562.14109383 4.01925323e+02
6562.19739813 5.17538330e+02
6562.25370243 6.86393982e+02
6562.31000672 8.73368958e+02
6562.36631102 1.05034375e+03
6562.42261532 1.13219775e+03
6562.47891962 1.44871973e+03
6562.53522391 1.65670276e+03
6562.59152821 1.76847363e+03
6562.64783251 2.05570459e+03
6562.70413681 2.15502686e+03
6562.76044111 2.33710547e+03
6562.81674540 2.34045410e+03
6562.87304970 2.14869678e+03
6562.92935400 2.06555908e+03
6562.98565830 1.93004895e+03
6563.04196260 1.73510327e+03
6563.09826689 1.53761584e+03
6563.15457119 1.22510205e+03
6563.21087549 9.99938416e+02
6563.26717979 7.80474182e+02
6563.32348409 5.96640625e+02
6563.37978838 4.73703400e+02
6563.43609268 4.22871338e+02
6563.49239698 3.00028687e+02
6563.54870128 2.26973114e+02
6563.60500557 1.41815048e+02
6563.66130987 9.39817276e+01
6563.71761417 7.39747772e+01
6563.77391847 3.98774185e+01
6563.83022277 3.31959686e+01
6563.88652706 3.21616669e+01
6563.94283136 1.09311676e+00
6563.99913566 5.38363266e+01
6564.05543996 4.40837326e+01
6564.11174426 3.06685028e+01
6564.16804855 -1.33128662e+01
6564.22435285 2.23313599e+01
6564.28065715 -3.23340988e+00
6564.33696145 3.07971191e+01
6564.39326574 3.20542374e+01
6564.44957004 2.71661987e+01
6564.50587434 4.43965149e+00
6564.56217864 -3.36104584e+00
6564.61848294 -5.56296539e+00
6564.67478723 1.06167679e+01
6564.73109153 1.54252396e+01
6564.78739583 -4.29621887e+00
6564.84370013 3.02165031e+01
6564.90000443 -3.66047668e+00
6564.95630872 2.63421631e+00
6565.01261302 3.52140808e+01
6565.06891732 6.72085114e+01
6565.12522162 3.16802979e+00
6565.18152592 -3.86431427e+01
6565.23783021 -1.74107513e+01
6565.29413451 1.52039719e+01
6565.35043881 3.96947136e+01
6565.40674311 4.49477577e+01
6565.46304740 -3.41424942e+00
6565.51935170 -3.23274994e+00
6565.57565600 4.64460564e+01
6565.63196030 1.57365379e+01
6565.68826460 4.11089783e+01
6565.74456889 2.14353600e+01
6565.80087319 2.59375229e+01
6565.85717749 1.29040451e+01
6565.91348179 -1.67669678e+00
6565.96978609 3.16306553e+01
6566.02609038 9.29502869e+00
6566.08239468 5.86810074e+01
6566.13869898 1.22062225e+01
6566.19500328 -1.60484314e+01
6566.25130758 3.52362213e+01
6566.30761187 4.40786896e+01
6566.36391617 -3.16372299e+00
6566.42022047 -1.88311005e+00
6566.47652477 6.18238678e+01
6566.53282906 -1.93785782e+01
6566.58913336 8.74283829e+01
6566.64543766 -1.00971298e+01
6566.70174196 2.42235832e+01
6566.75804626 9.49708557e+00
6566.81435055 2.61434784e+01
6566.87065485 4.02742538e+01
6566.92695915 1.49486618e+01
6566.98326345 5.92621574e+01
6567.03956775 3.85384026e+01
6567.09587204 5.91550484e+01
6567.15217634 9.37868500e+00
6567.20848064 2.48149834e+01
6567.26478494 7.23352356e+01
6567.32108923 -7.93173981e+00
6567.37739353 -2.64255638e+01
6567.43369783 3.25063438e+01
6567.49000213 1.17204742e+01
6567.54630643 2.40701523e+01
6567.60261072 3.31272125e+00
6567.65891502 -4.14645157e+01
6567.71521932 -5.71538429e+01
6567.77152362 -2.10971298e+01
6567.82782792 7.06338501e+00
6567.88413221 -1.51736145e+01
6567.94043651 -7.49320221e+00
6567.99674081 -6.86335373e+00
6568.05304511 -2.59436798e+01
6568.10934941 -5.41447220e+01
6568.16565370 2.09008179e+01
6568.22195800 1.64932098e+01
6568.27826230 3.92320938e+01
6568.33456660 -1.52791214e+01
6568.39087089 4.17702255e+01
6568.44717519 -2.21443520e+01
6568.50347949 4.64036140e+01
6568.55978379 2.67788353e+01
6568.61608809 4.23302536e+01
6568.67239238 5.58903008e+01
6568.72869668 4.70340691e+01
6568.78500098 4.86169891e+01
6568.84130528 1.48092384e+01
6568.89760958 -2.51523819e+01
6568.95391387 1.13416672e+01
6569.01021817 1.67686348e+01
6569.06652247 -2.07527695e+01
6569.12282677 1.77419243e+01
6569.17913106 7.69113159e+00
6569.23543536 4.92598305e+01
6569.29173966 8.50212097e+00
6569.34804396 -2.48926048e+01
6569.40434826 -2.16478310e+01
6569.46065255 7.36044312e+00
6569.51695685 -1.45215530e+01
6569.57326115 2.96416283e+01
6569.62956545 -1.69686890e+01
6569.68586975 5.95628319e+01
6569.74217404 -8.09082336e+01
6569.79847834 4.74747086e+00
6569.85478264 4.23414459e+01
6569.91108694 1.26130676e+01
6569.96739124 5.87922211e+01
6570.02369553 5.05857277e+01
6570.07999983 2.45659332e+01
6570.13630413 3.31151237e+01
6570.19260843 1.45256958e+01
6570.24891272 2.22515182e+01
6570.30521702 2.27396660e+01
6570.36152132 2.78564072e+01
6570.41782562 -3.00691986e+00
6570.47412992 5.06784859e+01
6570.53043421 1.13323364e+01
6570.58673851 1.18583527e+01
6570.64304281 6.70724030e+01
6570.69934711 -4.65200806e+00
6570.75565141 -4.35026169e+01
6570.81195570 -2.73838806e+00
6570.86826000 3.67727661e+01
6570.92456430 2.72370834e+01
6570.98086860 -1.05553055e+00
6571.03717290 -2.49238586e+00
6571.09347719 9.46327209e-01
6571.14978149 2.62245636e+01
6571.20608579 9.11819458e-01
6571.26239009 -1.11461182e+01
6571.31869438 2.62656555e+01
6571.37499868 2.19738083e+01
6571.43130298 5.51507568e+01
6571.48760728 2.72369385e+00
6571.54391158 4.63663216e+01
6571.60021587 -6.59834290e+00
6571.65652017 1.87445679e+01
6571.71282447 4.22203979e+01
6571.76912877 1.71134644e+01
6571.82543307 1.38427734e+00
6571.88173736 4.31900330e+01
6571.93804166 4.63762512e+01
6571.99434596 1.10038757e+01
6572.05065026 -2.02162170e+01
6572.10695455 4.78303986e+01
6572.16325885 2.04209442e+01
6572.21956315 -1.95501251e+01
6572.27586745 -3.59719849e+00
6572.33217175 6.77720642e+00
6572.38847604 1.40716934e+01
6572.44478034 3.23353004e+01
6572.50108464 8.54454880e+01
6572.55738894 3.52217064e+01
6572.61369324 -2.88262177e+00
6572.66999753 2.23172874e+01
6572.72630183 4.79565430e+01
6572.78260613 -3.41402435e+01
6572.83891043 1.52621918e+01
6572.89521473 1.62313004e+01
6572.95151902 -3.04447174e-01
6573.00782332 -2.65502930e+00
6573.06412762 -2.51029816e+01
6573.12043192 1.68213806e+01
6573.17673621 2.90234222e+01
6573.23304051 2.78404312e+01
6573.28934481 1.08370209e+00
6573.34564911 2.23840256e+01
6573.40195341 2.07622528e+01
6573.45825770 -3.28219528e+01
6573.51456200 1.83393669e+01
6573.57086630 3.10562668e+01
6573.62717060 5.25333061e+01
6573.68347490 5.48331261e+01
6573.73977919 2.50488968e+01
6573.79608349 8.68258667e+00
6573.85238779 3.73528137e+01
6573.90869209 3.86544800e+01
6573.96499638 2.41289749e+01
6574.02130068 1.48259430e+01
6574.07760498 5.16222763e+01
6574.13390928 1.85800171e+00
6574.19021358 3.10241051e+01
6574.24651787 -4.81974792e+00
6574.30282217 2.42041893e+01
6574.35912647 6.16020584e+01
6574.41543077 9.80878754e+01
6574.47173507 5.96014404e+00
6574.52803936 1.78529053e+01
6574.58434366 3.80114975e+01
6574.64064796 -6.64887238e+00
6574.69695226 2.78885994e+01
6574.75325656 1.51323929e+01
6574.80956085 1.52880745e+01
6574.86586515 7.23511353e+01
6574.92216945 -1.66887169e+01
6574.97847375 -2.66631432e+01
6575.03477804 2.29409256e+01
6575.09108234 2.19303513e+00
6575.14738664 1.54867554e+00
6575.20369094 -1.91866531e+01
6575.25999524 3.31160469e+01
6575.31629953 3.29801254e+01
6575.37260383 1.55879097e+01
6575.42890813 -1.79582825e+01
6575.48521243 2.11418152e-01
6575.54151673 -1.35175896e+01
6575.59782102 4.25961952e+01
6575.65412532 7.98670120e+01
6575.71042962 4.49795914e+00
6575.76673392 1.89693832e+01
6575.82303822 2.14001274e+01
6575.87934251 4.91198502e+01
6575.93564681 -9.07416534e+00
6575.99195111 -4.23025017e+01
6576.04825541 1.47768326e+01
6576.10455970 1.05343170e+01
6576.16086400 -4.56436157e+01
6576.21716830 -5.39056396e+00
6576.27347260 -1.04066238e+01
6576.32977690 -5.62391663e+00
6576.38608119 4.74928894e+01
6576.44238549 -9.98514175e+00
6576.49868979 -4.01659355e+01
6576.55499409 2.94518814e+01
6576.61129839 1.30632858e+01
6576.66760268 1.37359314e+01
6576.72390698 1.31149254e+01
6576.78021128 4.67488327e+01
6576.83651558 3.34108658e+01
6576.89281987 1.50849686e+01
6576.94912417 2.51045990e+01
6577.00542847 -2.50109520e+01
6577.06173277 -6.12065506e+00
6577.11803707 8.90600586e+00
6577.17434136 -1.81625366e-01
6577.23064566 -1.07180710e+01
6577.28694996 5.31349182e-01
6577.34325426 2.12374115e+01
6577.39955856 4.09667168e+01
6577.45586285 1.45982513e+01
6577.51216715 -1.12326050e+00
6577.56847145 -6.38181305e+00
6577.62477575 5.11441612e+01
6577.68108005 -3.04211502e+01
6577.73738434 1.02260971e+01
6577.79368864 1.76667099e+01
6577.84999294 -2.49692268e+01
6577.90629724 5.78876762e+01
6577.96260153 1.89229851e+01
6578.01890583 8.35244141e+01
6578.07521013 1.12230530e+01
6578.13151443 2.27672539e+01
6578.18781873 -1.20016403e+01
6578.24412302 8.04769897e+00
6578.30042732 -9.00670624e+00
6578.35673162 3.05377121e+01
6578.41303592 -2.53716736e+01
6578.46934022 -3.47247314e+00
6578.52564451 5.79234161e+01
6578.58194881 2.63743286e+01
6578.63825311 2.74540710e+01
6578.69455741 4.01282883e+00
6578.75086170 -4.11954575e+01
6578.80716600 1.58129044e+01
6578.86347030 2.90093040e+01
6578.91977460 -2.31823120e+01
6578.97607890 -3.92867584e+01
6579.03238319 -2.61405640e+01
6579.08868749 -8.47247314e+00
6579.14499179 1.59133987e+01
6579.20129609 -3.42336960e+01
6579.25760039 -9.18464661e-01
6579.31390468 4.55206604e+01
6579.37020898 2.60440063e+00
6579.42651328 3.47707481e+01
6579.48281758 1.15326920e+01
6579.53912188 2.66686401e+01
6579.59542617 -2.09474831e+01
6579.65173047 4.94796753e-01
6579.70803477 1.16074677e+01
6579.76433907 1.90964584e+01
6579.82064336 4.40420914e+01
6579.87694766 6.18216705e+00
6579.93325196 2.09715500e+01
6579.98955626 4.33227768e+01
6580.04586056 3.61644478e+01
6580.10216485 3.85988083e+01
6580.15846915 -5.11927795e+00
6580.21477345 2.19709854e+01
6580.27107775 -2.02047806e+01
6580.32738205 6.90821075e+00
6580.38368634 6.78484344e+01
6580.43999064 4.09033966e+01
6580.49629494 1.03001709e+01
6580.55259924 1.66083298e+01
6580.60890354 5.08252640e+01
6580.66520783 6.99551697e+01
6580.72151213 -3.29878654e+01
6580.77781643 6.23202515e+00
6580.83412073 2.45283279e+01
6580.89042502 2.12538910e+01
6580.94672932 4.28062477e+01
6581.00303362 1.44809036e+01
6581.05933792 1.61210327e+01
6581.11564222 2.01052513e+01
6581.17194651 3.42136688e+01
6581.22825081 -1.63566360e+01
6581.28455511 -1.37945480e+01
6581.34085941 1.40892754e+01
6581.39716371 8.20174408e+00
6581.45346800 2.90705185e+01
6581.50977230 6.86831894e+01
6581.56607660 4.07646599e+01
6581.62238090 -1.68585663e+01
6581.67868519 3.00042038e+01
6581.73498949 -5.09353256e+01
6581.79129379 1.72599144e+01
6581.84759809 3.90348015e+01
6581.90390239 4.55979156e+00
6581.96020668 6.67045441e+01
6582.01651098 3.58013916e+00
6582.07281528 -1.07000656e+01
6582.12911958 3.60612946e+01
6582.18542388 4.06608887e+01
6582.24172817 9.70721436e+00
6582.29803247 2.04130402e+01
6582.35433677 -5.19653320e+00
6582.41064107 2.79562912e+01
6582.46694537 1.66650085e+01
6582.52324966 5.70643387e+01
6582.57955396 4.53457870e+01
6582.63585826 -2.52999001e+01
6582.69216256 1.39349365e+00
6582.74846685 4.25682678e+01
6582.80477115 3.88978310e+01
6582.86107545 3.70500565e+01
6582.91737975 4.30336304e+01
6582.97368405 9.44900360e+01
6583.02998834 6.27495956e+01
6583.08629264 9.42924805e+01
6583.14259694 9.92937012e+01
6583.19890124 1.10355400e+02
6583.25520554 1.50986557e+02
6583.31150983 1.93788284e+02
6583.36781413 1.66743774e+02
6583.42411843 1.80960876e+02
6583.48042273 1.37283539e+02
6583.53672702 1.32825943e+02
6583.59303132 1.42550262e+02
6583.64933562 6.77135849e+01
6583.70563992 5.51255951e+01
6583.76194422 7.80659714e+01
6583.81824851 4.95836334e+01
6583.87455281 7.33578644e+01
6583.93085711 6.73080292e+01
6583.98716141 8.19813995e+01
6584.04346571 5.61970634e+01
6584.09977000 -1.48083801e+01
6584.15607430 4.52172775e+01
6584.21237860 2.61358490e+01
6584.26868290 9.33258057e+00
6584.32498720 -5.81259956e+01
6584.38129149 1.21257172e+01
6584.43759579 1.54756927e+01
6584.49390009 3.04202805e+01
6584.55020439 2.85221558e+01
6584.60650868 2.58644104e+01
6584.66281298 -7.11006165e+00
6584.71911728 2.12435989e+01
6584.77542158 3.69661407e+01
6584.83172588 -2.11979218e+01
6584.88803017 -1.54055405e+01
6584.94433447 5.08704147e+01
6585.00063877 2.98257904e+01
6585.05694307 -2.22500839e+01
6585.11324737 -1.89097824e+01
6585.16955166 3.10387611e+01
6585.22585596 -9.57659912e+00
6585.28216026 8.56629181e+00
6585.33846456 4.08020554e+01
6585.39476886 1.24669075e+01
6585.45107315 -9.20266724e+00
6585.50737745 3.08906403e+01
6585.56368175 2.84936829e+01
6585.61998605 3.52625961e+01
6585.67629034 2.84077568e+01
6585.73259464 5.16956787e+01
6585.78889894 5.34380569e+01
6585.84520324 7.06160889e+01
6585.90150754 3.62080956e+01
6585.95781183 -8.15472412e+00
6586.01411613 -2.06586990e+01
6586.07042043 -8.12775421e+00
6586.12672473 -1.77393188e+01
6586.18302903 5.72436790e+01
6586.23933332 2.56753922e+01
6586.29563762 7.12928162e+01
6586.35194192 6.80826569e+01
6586.40824622 -1.75723114e+01
6586.46455051 2.03035507e+01
6586.52085481 6.91838531e+01
6586.57715911 -2.34740295e+01
6586.63346341 4.04284668e+01
6586.68976771 5.20063667e+01
6586.74607200 4.47850113e+01
6586.80237630 3.30932007e+01
6586.85868060 1.50833740e+01
6586.91498490 3.83236008e+01
6586.97128920 -1.04961090e+01
6587.02759349 9.26113129e+00
6587.08389779 -1.62409439e+01
6587.14020209 2.42478104e+01
6587.19650639 3.70008011e+01
6587.25281069 2.88520050e+00
6587.30911498 3.48471451e+01
6587.36541928 -1.60423203e+01
6587.42172358 2.18439140e+01
6587.47802788 3.82603378e+01
6587.53433217 -1.77288513e+01
6587.59063647 -1.35505943e+01
6587.64694077 -1.14332581e+00
6587.70324507 -1.45028229e+01
6587.75954937 3.95764923e+00
6587.81585366 6.48436584e+01
6587.87215796 -1.94976730e+01
6587.92846226 5.16472015e+01
6587.98476656 2.90966911e+01
6588.04107086 -1.26173248e+01
6588.09737515 -1.49099503e+01
6588.15367945 4.71230927e+01
6588.20998375 -2.77221870e+01
6588.26628805 -1.05840302e+01
6588.32259234 1.54237061e+01
6588.37889664 -1.65495987e+01
6588.43520094 7.34188385e+01
6588.49150524 -1.80628052e+01
6588.54780954 -2.35000381e+01
6588.60411383 5.26914520e+01
6588.66041813 3.52387161e+01
6588.71672243 2.86890488e+01
6588.77302673 -5.09117889e+00
6588.82933103 -1.46486588e+01
6588.88563532 -1.88136597e+01
6588.94193962 -2.05861511e+01
6588.99824392 2.26856804e+01
6589.05454822 4.81242447e+01
6589.11085252 6.90588303e+01
6589.16715681 -2.06943855e+01
6589.22346111 4.79100266e+01
6589.27976541 1.49598236e+01
6589.33606971 -2.30136986e+01
6589.39237400 5.15250397e+00
6589.44867830 4.30014839e+01
6589.50498260 1.58785858e+01
6589.56128690 1.87479019e+01
6589.61759120 5.40033989e+01
6589.67389549 2.76974182e+01
6589.73019979 -4.60212059e+01
6589.78650409 -1.91647072e+01
6589.84280839 1.11568451e+00
6589.89911269 2.46955872e+00
6589.95541698 4.04891739e+01
6590.01172128 -2.30339432e+01
6590.06802558 -8.35342407e-01
6590.12432988 1.44660110e+01
6590.18063418 4.92717438e+01
6590.23693847 1.87244987e+01
6590.29324277 1.33391724e+01
6590.34954707 2.19125786e+01
6590.40585137 9.20247650e+00
6590.46215566 -1.32296219e+01
6590.51845996 -9.81809998e+00
6590.57476426 4.26970673e+00
6590.63106856 3.21013870e+01
6590.68737286 -4.67006760e+01
6590.74367715 -1.01398048e+01
6590.79998145 2.62055283e+01
6590.85628575 7.22996521e+00
6590.91259005 2.11207504e+01
6590.96889435 -1.20105133e+01
6591.02519864 -2.40293770e+01
6591.08150294 9.48270950e+01
6591.13780724 2.33920517e+01
6591.19411154 6.24787140e+00
6591.25041583 4.38536682e+01
6591.30672013 -2.78449478e+01
6591.36302443 -1.85289459e+01
6591.41932873 -1.84489517e+01
6591.47563303 -1.09634628e+01
6591.53193732 -5.80324554e+00
6591.58824162 3.21655159e+01
6591.64454592 3.30424881e+01
6591.70085022 3.45776215e+01
6591.75715452 1.10556221e+01
6591.81345881 -3.01648712e+00
6591.86976311 2.30994720e+01
6591.92606741 2.97469215e+01
6591.98237171 -4.92980957e-01
6592.03867601 4.42464447e+01
6592.09498030 2.02107391e+01
6592.15128460 3.62760048e+01
6592.20758890 -1.52255402e+01
6592.26389320 4.15340919e+01
6592.32019749 1.56204224e-01
6592.37650179 3.40251999e+01
6592.43280609 -3.95446663e+01
6592.48911039 2.95309143e+01
6592.54541469 4.32264862e+01
6592.60171898 4.41347580e+01
6592.65802328 5.00953674e-01
6592.71432758 -1.00212669e+01
6592.77063188 -1.41783905e+00
6592.82693618 -2.93080559e+01
6592.88324047 -5.96240616e+00
6592.93954477 -2.04024506e+00
6592.99584907 8.73046875e-01
6593.05215337 -4.18299141e+01
6593.10845766 -1.46375961e+01
6593.16476196 1.53498993e+01
6593.22106626 5.19608002e+01
6593.27737056 4.13522644e+01
6593.33367486 1.08915195e+01
6593.38997915 4.30418510e+01
6593.44628345 1.84850922e+01
6593.50258775 3.29846153e+01
6593.55889205 1.03943024e+01
6593.61519635 2.41050606e+01
6593.67150064 5.05371170e+01
6593.72780494 4.91569862e+01
6593.78410924 -1.75230064e+01
6593.84041354 1.14388466e+01
6593.89671784 2.60533752e+01
6593.95302213 -6.21781921e+00
6594.00932643 6.29550095e+01
6594.06563073 -5.62449646e+00
6594.12193503 3.04182091e+01
6594.17823932 4.00010490e+01
6594.23454362 8.30816650e+00
6594.29084792 5.90908051e+00
6594.34715222 6.27584496e+01
6594.40345652 1.86567688e+00
6594.45976081 -4.45281219e+00
6594.51606511 2.39238625e+01
6594.57236941 6.61778717e+01
6594.62867371 2.31052589e+01
6594.68497801 -5.07964325e+00
6594.74128230 3.56742172e+01
6594.79758660 -1.20058632e+01
6594.85389090 -9.18866730e+00
6594.91019520 2.37521820e+01
6594.96649950 -1.53784904e+01
6595.02280379 -6.99404716e+00
6595.07910809 3.46339340e+01
6595.13541239 5.72294006e+01
6595.19171669 5.16191864e+00
6595.24802098 2.95692062e+01
6595.30432528 2.01856232e+01
6595.36062958 -8.15465546e+00
6595.41693388 1.48893204e+01
6595.47323818 7.19880524e+01
6595.52954247 2.76384354e+01
6595.58584677 -4.15230293e+01
6595.64215107 1.69850922e+01
6595.69845537 6.31034164e+01
6595.75475967 2.52920723e+01
6595.81106396 4.10600929e+01
6595.86736826 -1.05913849e+01
6595.92367256 1.11275635e+01
6595.97997686 -2.85506325e+01
6596.03628115 2.54136276e+01
