# Rest-frame spectrum generated from: N5204A0002o_1d.fits
# lambda_Ha_obs = 6566.37400000 Angstrom
# lambda_Ha_rest = 6562.80000000 Angstrom
# z_Ha = 5.4458462851e-04
# v_Ha_relativistic = 163.217909 km/s
# v_Ha_classical = 163.262364 km/s
# columns: wavelength_rest[Angstrom] flux_or_counts

6540.48209930 -1.73354721e+00
6540.53849637 -1.72709274e+00
6540.59489344 -1.73385620e+00
6540.65129051 -1.73366928e+00
6540.70768758 -1.73369980e+00
6540.76408465 -1.73397827e+00
6540.82048173 -1.73399734e+00
6540.87687880 -1.72409439e+00
6540.93327587 -1.71408844e+00
6540.98967294 -1.71097565e+00
6541.04607001 -1.69467545e+00
6541.10246708 -1.68521881e+00
6541.15886415 -1.67552948e+00
6541.21526122 -1.66588974e+00
6541.27165830 -1.65678024e+00
6541.32805537 -1.64739609e+00
6541.38445244 -1.63803864e+00
6541.44084951 -1.62832260e+00
6541.49724658 -1.61869431e+00
6541.55364365 3.76640320e-01
6541.61004072 -1.78957977e+01
6541.66643780 -4.93404388e+00
6541.72283487 -1.95360146e+01
6541.77923194 -1.42128372e+00
6541.83562901 -9.18322754e+00
6541.89202608 -1.30006752e+01
6541.94842315 1.66258278e+01
6542.00482022 9.43660355e+00
6542.06121729 1.19467583e+01
6542.11761437 -2.45478477e+01
6542.17401144 -3.96875763e+00
6542.23040851 6.06252937e+01
6542.28680558 -3.50034332e+01
6542.34320265 4.63351097e+01
6542.39959972 -1.95077705e+01
6542.45599679 -8.42784500e+00
6542.51239386 -4.27799988e+00
6542.56879094 -1.77040482e+01
6542.62518801 2.43368530e+01
6542.68158508 5.30162811e-01
6542.73798215 -5.48119736e+00
6542.79437922 -9.03553009e+00
6542.85077629 -1.52401161e+01
6542.90717336 4.61690521e+00
6542.96357043 9.51124573e+00
6543.01996751 -8.49515152e+00
6543.07636458 1.44407310e+01
6543.13276165 -3.08805847e+00
6543.18915872 1.01566772e+01
6543.24555579 1.80510864e+01
6543.30195286 -2.75268116e+01
6543.35834993 -3.51019783e+01
6543.41474701 -7.92507172e-01
6543.47114408 -1.65817070e+01
6543.52754115 -1.20544395e+01
6543.58393822 1.23951492e+01
6543.64033529 -9.74337769e+00
6543.69673236 1.21635017e+01
6543.75312943 1.61807938e+01
6543.80952650 6.74682999e+00
6543.86592358 1.29571457e+01
6543.92232065 -2.09228249e+01
6543.97871772 7.10269165e+00
6544.03511479 2.65785217e+00
6544.09151186 2.93179893e+01
6544.14790893 2.16185989e+01
6544.20430600 -3.08162689e+00
6544.26070307 2.05202103e+00
6544.31710015 2.45823441e+01
6544.37349722 1.44106445e+01
6544.42989429 1.02832108e+01
6544.48629136 1.83102455e+01
6544.54268843 3.13801537e+01
6544.59908550 1.91784630e+01
6544.65548257 2.88467407e+01
6544.71187964 -8.39752960e+00
6544.76827672 -8.84651184e+00
6544.82467379 2.65788536e+01
6544.88107086 9.42996979e-01
6544.93746793 1.26808548e+01
6544.99386500 1.45506668e+00
6545.05026207 -7.59896469e+00
6545.10665914 -6.25345230e+00
6545.16305621 1.35118904e+01
6545.21945329 1.18540955e+01
6545.27585036 -5.27944946e+00
6545.33224743 -3.88990021e+01
6545.38864450 1.07031670e+01
6545.44504157 -3.87145615e+00
6545.50143864 -1.41506805e+01
6545.55783571 2.65194740e+01
6545.61423279 1.34430313e+01
6545.67062986 -1.46465416e+01
6545.72702693 4.10756149e+01
6545.78342400 3.76584778e+01
6545.83982107 -2.06332359e+01
6545.89621814 -6.20269775e-02
6545.95261521 1.78807068e+00
6546.00901228 -9.03311539e+00
6546.06540936 -2.36678085e+01
6546.12180643 -1.99090958e+00
6546.17820350 -2.12087555e+01
6546.23460057 -1.14271889e+01
6546.29099764 -7.80658722e+00
6546.34739471 -3.27135506e+01
6546.40379178 1.89484024e+00
6546.46018885 -2.37398567e+01
6546.51658593 1.20675697e+01
6546.57298300 8.64295197e+00
6546.62938007 1.45998459e+01
6546.68577714 4.40755234e+01
6546.74217421 2.19670601e+01
6546.79857128 -2.29751987e+01
6546.85496835 -1.30488586e+01
6546.91136542 2.87475586e-02
6546.96776250 1.23816261e+01
6547.02415957 2.42282982e+01
6547.08055664 4.96812057e+00
6547.13695371 3.00243530e+01
6547.19335078 -9.08639526e+00
6547.24974785 3.66002579e+01
6547.30614492 3.35178986e+01
6547.36254200 2.33882599e+01
6547.41893907 5.27590179e+00
6547.47533614 1.42113419e+01
6547.53173321 3.49461250e+01
6547.58813028 7.33094940e+01
6547.64452735 5.12251701e+01
6547.70092442 4.75590210e+01
6547.75732149 2.53824959e+01
6547.81371857 3.37544594e+01
6547.87011564 3.24562607e+01
6547.92651271 -1.55992584e+01
6547.98290978 1.04307861e+01
6548.03930685 1.41119347e+01
6548.09570392 9.48166656e+00
6548.15210099 -4.43023682e+00
6548.20849806 2.01824112e+01
6548.26489514 3.43994675e+01
6548.32129221 -5.05361938e+00
6548.37768928 2.06552887e+01
6548.43408635 -8.59531021e+00
6548.49048342 -1.10000076e+01
6548.54688049 1.02765617e+01
6548.60327756 2.66934433e+01
6548.65967463 -5.50749207e+00
6548.71607171 -1.42475319e+01
6548.77246878 1.06018715e+01
6548.82886585 1.04154587e+00
6548.88526292 -1.78898163e+01
6548.94165999 -2.26341248e-01
6548.99805706 -2.26300812e+00
6549.05445413 -3.35231094e+01
6549.11085120 2.44364166e+00
6549.16724828 2.80940552e+01
6549.22364535 -3.73345947e+00
6549.28004242 -4.11699142e+01
6549.33643949 -1.24567814e+01
6549.39283656 1.26584091e+01
6549.44923363 6.25221252e-01
6549.50563070 1.75910187e+01
6549.56202778 1.78865356e+01
6549.61842485 -1.65376358e+01
6549.67482192 -2.67042542e+00
6549.73121899 3.10321503e+01
6549.78761606 5.44613495e+01
6549.84401313 5.89067535e+01
6549.90041020 2.41151428e+01
6549.95680727 1.94293976e+01
6550.01320435 2.50179596e+01
6550.06960142 4.65793381e+01
6550.12599849 1.14059448e-02
6550.18239556 2.38413467e+01
6550.23879263 9.30930328e+00
6550.29518970 9.75097656e-01
6550.35158677 3.56682510e+01
6550.40798384 2.63952026e+01
6550.46438092 4.55078583e+01
6550.52077799 -5.84644508e+01
6550.57717506 -2.02535706e+01
6550.63357213 -1.78235855e+01
6550.68996920 2.20048141e+01
6550.74636627 4.06343575e+01
6550.80276334 3.71208000e+01
6550.85916041 2.80312653e+01
6550.91555749 1.00129204e+01
6550.97195456 -2.82434082e+00
6551.02835163 -1.51537437e+01
6551.08474870 1.44685287e+01
6551.14114577 -1.35582962e+01
6551.19754284 8.23822937e+01
6551.25393991 1.23436928e+01
6551.31033699 4.05212402e+00
6551.36673406 -1.58577118e+01
6551.42313113 -7.21593475e+00
6551.47952820 -8.91778564e+00
6551.53592527 -1.40537071e+01
6551.59232234 1.47918930e+01
6551.64871941 6.33229065e+00
6551.70511648 -2.12100029e+01
6551.76151356 -2.67031860e+00
6551.81791063 4.19225311e+00
6551.87430770 -6.32286072e+00
6551.93070477 1.54493790e+01
6551.98710184 6.98925781e+00
6552.04349891 4.54754982e+01
6552.09989598 1.27893600e+01
6552.15629305 5.34276962e+00
6552.21269013 -1.17098541e+01
6552.26908720 -2.10308838e+00
6552.32548427 1.96091614e+01
6552.38188134 2.71655045e+01
6552.43827841 8.94931412e+00
6552.49467548 5.84556580e-01
6552.55107255 6.69149780e+00
6552.60746962 1.13498611e+01
6552.66386670 3.81031799e+00
6552.72026377 7.91650391e+00
6552.77666084 1.91842270e+01
6552.83305791 1.00672035e+01
6552.88945498 -1.46013145e+01
6552.94585205 1.32756805e+00
6553.00224912 3.12429924e+01
6553.05864619 -7.53131104e+00
6553.11504327 3.11674271e+01
6553.17144034 9.15796661e+00
6553.22783741 -1.89272308e+00
6553.28423448 6.44774399e+01
6553.34063155 2.43644676e+01
6553.39702862 -2.06067734e+01
6553.45342569 -1.39589691e+01
6553.50982277 -2.91140289e+01
6553.56621984 6.38162231e+00
6553.62261691 -2.53769951e+01
6553.67901398 -1.61670876e+01
6553.73541105 -2.32313309e+01
6553.79180812 -3.06417294e+01
6553.84820519 -5.06053162e+00
6553.90460226 1.94672012e+00
6553.96099934 2.69617233e+01
6554.01739641 1.60885620e+00
6554.07379348 7.93629837e+00
6554.13019055 3.48094177e+01
6554.18658762 2.19587936e+01
6554.24298469 6.12449646e-02
6554.29938176 -5.67805481e+00
6554.35577883 -2.01891518e+01
6554.41217591 2.29791489e+01
6554.46857298 -1.67103729e+01
6554.52497005 2.21745987e+01
6554.58136712 1.55196152e+01
6554.63776419 1.48269653e+00
6554.69416126 1.45906181e+01
6554.75055833 -1.87269516e+01
6554.80695540 3.88566437e+01
6554.86335248 4.01048508e+01
6554.91974955 -9.29509735e+00
6554.97614662 1.93994217e+01
6555.03254369 6.02236137e+01
6555.08894076 4.20250168e+01
6555.14533783 7.62451935e+00
6555.20173490 5.00669289e+01
6555.25813198 9.77628326e+00
6555.31452905 9.66830444e+00
6555.37092612 2.76520767e+01
6555.42732319 -1.39245491e+01
6555.48372026 2.03238754e+01
6555.54011733 1.76089096e+01
6555.59651440 3.06185913e+00
6555.65291147 1.94194374e+01
6555.70930855 1.02363205e+01
6555.76570562 -1.44970398e+01
6555.82210269 -3.67434692e+00
6555.87849976 1.16941299e+01
6555.93489683 -1.34161263e+01
6555.99129390 2.01169968e+01
6556.04769097 -2.02264252e+01
6556.10408804 -1.45720215e+01
6556.16048512 -2.49417267e+01
6556.21688219 -9.18489075e+00
6556.27327926 2.01356506e+00
6556.32967633 3.69549561e+00
6556.38607340 -7.62008667e+00
6556.44247047 1.18534698e+01
6556.49886754 4.61098518e+01
6556.55526461 -2.09869041e+01
6556.61166169 2.16151733e+01
6556.66805876 2.17217484e+01
6556.72445583 -2.89805031e+01
6556.78085290 2.16151505e+01
6556.83724997 -9.91592407e-02
6556.89364704 4.91905556e+01
6556.95004411 -1.72765846e+01
6557.00644118 -3.33496017e+01
6557.06283826 -4.04389954e+00
6557.11923533 8.68827057e+00
6557.17563240 4.43129692e+01
6557.23202947 6.74904633e+00
6557.28842654 -2.86736412e+01
6557.34482361 -2.02345619e+01
6557.40122068 2.10704880e+01
6557.45761776 7.47676468e+00
6557.51401483 -3.30399818e+01
6557.57041190 -2.73983841e+01
6557.62680897 -7.33141708e+00
6557.68320604 2.11646118e+01
6557.73960311 4.39617462e+01
6557.79600018 -2.03264160e+01
6557.85239725 6.15263367e+00
6557.90879433 1.46012802e+01
6557.96519140 1.60303345e+01
6558.02158847 1.77968750e+01
6558.07798554 -1.40189552e+01
6558.13438261 -1.24701080e+01
6558.19077968 -2.70790100e+01
6558.24717675 -2.13967896e+00
6558.30357382 3.99484749e+01
6558.35997090 1.54403687e+00
6558.41636797 1.94247818e+01
6558.47276504 -4.59832764e+00
6558.52916211 -4.04011574e+01
6558.58555918 4.97627258e-01
6558.64195625 2.98423080e+01
6558.69835332 1.48482819e+01
6558.75475039 -4.57285309e+00
6558.81114747 1.02850647e+01
6558.86754454 1.67867279e+00
6558.92394161 -1.90262070e+01
6558.98033868 -1.96310425e+01
6559.03673575 -2.36361694e+01
6559.09313282 2.07258453e+01
6559.14952989 -2.04924469e+01
6559.20592697 -1.90727158e+01
6559.26232404 -5.29892082e+01
6559.31872111 -2.76344986e+01
6559.37511818 1.09631729e+01
6559.43151525 -2.25772858e+00
6559.48791232 1.56726379e+01
6559.54430939 1.93924789e+01
6559.60070646 8.42285156e+00
6559.65710354 -1.27104759e+01
6559.71350061 -9.68254471e+00
6559.76989768 2.24254951e+01
6559.82629475 -1.56612434e+01
6559.88269182 -2.23717766e+01
6559.93908889 7.09888458e+00
6559.99548596 6.43973541e+00
6560.05188303 2.55819206e+01
6560.10828011 1.65308685e+01
6560.16467718 1.82054939e+01
6560.22107425 1.49311562e+01
6560.27747132 1.42051010e+01
6560.33386839 -9.61086273e+00
6560.39026546 -3.65641785e+00
6560.44666253 -6.85726166e+00
6560.50305960 -3.54280167e+01
6560.55945668 2.13600922e+01
6560.61585375 3.63650131e+01
6560.67225082 2.95647659e+01
6560.72864789 -3.23014755e+01
6560.78504496 1.25880432e+00
6560.84144203 3.60566406e+01
6560.89783910 7.70870209e+00
6560.95423617 8.56415939e+00
6561.01063325 2.00582314e+01
6561.06703032 -2.36069717e+01
6561.12342739 -7.88471985e+00
6561.17982446 2.98869019e+01
6561.23622153 2.86454697e+01
6561.29261860 5.54647293e+01
6561.34901567 3.15702591e+01
6561.40541275 5.08447418e+01
6561.46180982 1.59192810e+01
6561.51820689 3.35354996e+01
6561.57460396 2.79689484e+01
6561.63100103 4.79354935e+01
6561.68739810 4.83430328e+01
6561.74379517 4.53153839e+01
6561.80019224 1.19714424e+02
6561.85658932 1.15781525e+02
6561.91298639 1.53022659e+02
6561.96938346 1.61252411e+02
6562.02578053 1.95158218e+02
6562.08217760 2.36351746e+02
6562.13857467 3.31637299e+02
6562.19497174 3.66613068e+02
6562.25136881 4.72288544e+02
6562.30776589 5.77474487e+02
6562.36416296 6.41465515e+02
6562.42056003 7.45906921e+02
6562.47695710 8.65574707e+02
6562.53335417 1.09846045e+03
6562.58975124 1.21322192e+03
6562.64614831 1.34349280e+03
6562.70254538 1.38177795e+03
6562.75894246 1.40314197e+03
6562.81533953 1.48144324e+03
6562.87173660 1.48454407e+03
6562.92813367 1.40126123e+03
6562.98453074 1.29015466e+03
6563.04092781 1.13484351e+03
6563.09732488 9.44321777e+02
6563.15372196 7.86511658e+02
6563.21011903 6.41108948e+02
6563.26651610 4.58398926e+02
6563.32291317 3.49640564e+02
6563.37931024 2.37232803e+02
6563.43570731 1.39440979e+02
6563.49210438 1.31286423e+02
6563.54850145 4.94618607e+01
6563.60489853 7.52761841e-01
6563.66129560 4.61417389e+00
6563.71769267 2.49462204e+01
6563.77408974 -9.03414536e+00
6563.83048681 4.39469910e+00
6563.88688388 1.45675125e+01
6563.94328095 1.31925125e+01
6563.99967802 1.87223892e+01
6564.05607510 -1.23218842e+01
6564.11247217 -1.04139938e+01
6564.16886924 -9.94354248e-01
6564.22526631 2.03654099e+01
6564.28166338 1.20770111e+01
6564.33806045 -3.69463921e+01
6564.39445752 1.82699623e+01
6564.45085459 1.03301544e+01
6564.50725167 4.68352509e+00
6564.56364874 2.16470985e+01
6564.62004581 -2.47644501e+01
6564.67644288 -8.05106735e+00
6564.73283995 1.46524734e+01
6564.78923702 9.83280182e+00
6564.84563409 5.27178192e+00
6564.90203116 4.97621155e+00
6564.95842824 2.16910934e+01
6565.01482531 3.15830078e+01
6565.07122238 9.68141937e+00
6565.12761945 -1.57377472e+01
6565.18401652 -1.30253601e+00
6565.24041359 -3.71228256e+01
6565.29681066 -3.62134323e+01
6565.35320774 -4.11834717e-02
6565.40960481 -1.21830292e+01
6565.46600188 1.23506165e+00
6565.52239895 3.24394226e-01
6565.57879602 1.39305038e+01
6565.63519309 2.47355194e+01
6565.69159016 1.72453766e+01
6565.74798723 -4.82017059e+01
6565.80438431 -2.60004082e+01
6565.86078138 -1.42004128e+01
6565.91717845 -2.49328613e+01
6565.97357552 -2.22248344e+01
6566.02997259 4.91019974e+01
6566.08636966 2.02842331e+01
6566.14276673 2.61374435e+01
6566.19916380 -2.49714088e+01
6566.25556088 2.68295364e+01
6566.31195795 5.45807571e+01
6566.36835502 -2.69966125e-01
6566.42475209 -1.86226158e+01
6566.48114916 1.84376831e+01
6566.53754623 1.27493134e+01
6566.59394330 1.47200546e+01
6566.65034037 -1.35755539e+00
6566.70673745 -2.53507347e+01
6566.76313452 1.77455978e+01
6566.81953159 -5.88618088e+01
6566.87592866 4.21366997e+01
6566.93232573 1.74564819e+01
6566.98872280 -8.50119781e+00
6567.04511987 -2.62096252e+01
6567.10151695 1.32820511e+00
6567.15791402 1.21106720e+00
6567.21431109 -3.52834320e+00
6567.27070816 5.83016968e+00
6567.32710523 -1.76585388e+00
6567.38350230 1.37125244e+01
6567.43989937 -2.10055923e+00
6567.49629644 -2.17095375e+01
6567.55269352 2.03177567e+01
6567.60909059 1.00506439e+01
6567.66548766 1.60096970e+01
6567.72188473 3.05354156e+01
6567.77828180 -6.94091797e+00
6567.83467887 -4.46257782e+00
6567.89107594 2.13761826e+01
6567.94747301 -5.95436096e+00
6568.00387009 9.53054047e+00
6568.06026716 2.23697281e+01
6568.11666423 4.99479675e+01
6568.17306130 -1.33717270e+01
6568.22945837 -2.02114639e+01
6568.28585544 1.06073914e+01
6568.34225251 -1.04138641e+01
6568.39864958 -1.33685226e+01
6568.45504666 3.88332367e+00
6568.51144373 -1.33549004e+01
6568.56784080 2.97237396e+01
6568.62423787 -4.34516487e+01
6568.68063494 -6.90048981e+00
6568.73703201 4.27406311e+00
6568.79342908 -2.47558250e+01
6568.84982616 2.27035446e+01
6568.90622323 -1.14357758e+01
6568.96262030 -3.79804230e+00
6569.01901737 3.75046310e+01
6569.07541444 4.23873444e+01
6569.13181151 4.04323921e+01
6569.18820858 4.33235931e+00
6569.24460565 -4.13962555e+00
6569.30100273 -1.13977737e+01
6569.35739980 -2.39460983e+01
6569.41379687 1.17527313e+01
6569.47019394 -5.38402557e+00
6569.52659101 2.58165550e+01
6569.58298808 -1.90704727e+01
6569.63938515 -1.66476288e+01
6569.69578222 -1.05861664e+01
6569.75217930 2.13516006e+01
6569.80857637 1.63817368e+01
6569.86497344 -1.95863686e+01
6569.92137051 -3.10300446e+01
6569.97776758 -1.39925537e+01
6570.03416465 2.30628204e+00
6570.09056172 -3.05082245e+01
6570.14695879 -1.49398804e+00
6570.20335587 -5.83825302e+00
6570.25975294 2.04379349e+01
6570.31615001 2.31723251e+01
6570.37254708 2.30761719e+00
6570.42894415 -5.16822815e-01
6570.48534122 -1.27164078e+00
6570.54173829 -1.47426376e+01
6570.59813536 -9.29262924e+00
6570.65453244 3.42194138e+01
6570.71092951 1.20139389e+01
6570.76732658 3.68825531e+00
6570.82372365 -2.31050949e+01
6570.88012072 -3.58501282e+01
6570.93651779 -3.21434021e+00
6570.99291486 -2.48732376e+01
6571.04931194 -2.10775108e+01
6571.10570901 2.53520737e+01
6571.16210608 -6.11000061e+00
6571.21850315 9.11556625e+00
6571.27490022 2.32949562e+01
6571.33129729 2.12227631e+01
6571.38769436 3.86849594e+00
6571.44409143 2.22710037e+01
6571.50048851 -4.10396690e+01
6571.55688558 1.61948318e+01
6571.61328265 -1.18409996e+01
6571.66967972 -4.15103912e+00
6571.72607679 -3.15580750e+00
6571.78247386 -1.77395096e+01
6571.83887093 -2.65194168e+01
6571.89526800 3.87422943e+00
6571.95166508 -1.50353928e+01
6572.00806215 1.32897720e+01
6572.06445922 1.13594208e+01
6572.12085629 -1.12274933e+00
6572.17725336 1.83292809e+01
6572.23365043 1.47667809e+01
6572.29004750 2.79994965e+00
6572.34644457 8.26362610e-01
6572.40284165 8.74232483e+00
6572.45923872 -3.13533859e+01
6572.51563579 3.27184410e+01
6572.57203286 -1.70227051e+01
6572.62842993 -4.17011147e+01
6572.68482700 -7.65866852e+00
6572.74122407 5.49663544e+00
6572.79762115 6.05788422e+00
6572.85401822 2.94029541e+01
6572.91041529 5.80284119e-01
6572.96681236 3.50724487e+01
6573.02320943 2.71940079e+01
6573.07960650 4.73040771e+00
6573.13600357 -1.65206528e+01
6573.19240064 -8.00690460e+00
6573.24879772 -2.00366974e+00
6573.30519479 1.05092239e+01
6573.36159186 -9.35346222e+00
6573.41798893 -3.01434326e+00
6573.47438600 -3.00648193e+01
6573.53078307 8.77177429e+00
6573.58718014 -4.72035217e+00
6573.64357721 -2.05968170e+01
6573.69997429 1.71544342e+01
6573.75637136 4.31002655e+01
6573.81276843 4.50529556e+01
6573.86916550 -8.60147858e+00
6573.92556257 3.92164612e+01
6573.98195964 2.91321564e+00
6574.03835671 1.25760269e+01
6574.09475378 8.27093506e+00
6574.15115086 9.10949707e-01
6574.20754793 -3.33797417e+01
6574.26394500 -1.17937546e+01
6574.32034207 -1.08554688e+01
6574.37673914 -3.79703445e+01
6574.43313621 -3.73571014e+00
6574.48953328 -2.54041138e+01
6574.54593035 3.44220734e+00
6574.60232743 -3.71369934e+00
6574.65872450 -1.03340340e+01
6574.71512157 -6.87021637e+00
6574.77151864 2.36016235e+01
6574.82791571 2.70930786e+01
6574.88431278 -7.50100327e+00
6574.94070985 3.21437836e+00
6574.99710693 4.88313293e+01
6575.05350400 2.19350052e+01
6575.10990107 -4.62830162e+01
6575.16629814 -2.28079681e+01
6575.22269521 2.78318787e+00
6575.27909228 -5.50949173e+01
6575.33548935 1.66251221e+01
6575.39188642 -2.29762039e+01
6575.44828350 -8.05124664e+00
6575.50468057 6.58424377e-01
6575.56107764 1.03767319e+01
6575.61747471 -2.79141235e+00
6575.67387178 1.59369431e+01
6575.73026885 4.82717819e+01
6575.78666592 3.21986771e+00
6575.84306299 -1.49025040e+01
6575.89946007 -1.17918816e+01
6575.95585714 8.82559204e+00
6576.01225421 2.40356140e+01
6576.06865128 9.74851227e+00
6576.12504835 -1.82707291e+01
6576.18144542 -4.31780243e+00
6576.23784249 3.58021431e+01
6576.29423956 7.68413544e+00
6576.35063664 -4.41093445e+00
6576.40703371 -7.62036133e+00
6576.46343078 -9.89284515e+00
6576.51982785 -1.29628143e+01
6576.57622492 9.41786194e+00
6576.63262199 -1.95358658e+00
6576.68901906 -2.82815323e+01
6576.74541614 2.67871323e+01
6576.80181321 -2.70425911e+01
6576.85821028 -2.29105415e+01
6576.91460735 -6.60485840e+00
6576.97100442 -8.52386475e-01
6577.02740149 1.02112274e+01
6577.08379856 -1.05367279e+00
6577.14019563 -2.50555038e+01
6577.19659271 -2.33904686e+01
6577.25298978 6.72707367e+00
6577.30938685 8.88914490e+00
6577.36578392 1.42173004e+00
6577.42218099 2.20818329e+01
6577.47857806 1.14999352e+01
6577.53497513 3.44882202e+00
6577.59137220 -6.17781143e+01
6577.64776928 7.03117371e-01
6577.70416635 -1.75770454e+01
6577.76056342 -1.42964859e+01
6577.81696049 -1.50421066e+01
6577.87335756 -1.82407265e+01
6577.92975463 -3.10529327e+00
6577.98615170 3.07046738e+01
6578.04254877 -2.18362656e+01
6578.09894585 3.51712074e+01
6578.15534292 -7.01821899e+00
6578.21173999 5.67713165e+00
6578.26813706 3.69423294e+01
6578.32453413 1.58306198e+01
6578.38093120 1.77426834e+01
6578.43732827 4.35216904e+00
6578.49372534 -1.42311859e+00
6578.55012242 -2.27096634e+01
6578.60651949 1.45309219e+01
6578.66291656 1.34639206e+01
6578.71931363 2.74298668e+01
6578.77571070 -3.41776276e+00
6578.83210777 1.69580765e+01
6578.88850484 -2.73171005e+01
6578.94490192 4.63508453e+01
6579.00129899 -2.85018921e-01
6579.05769606 2.61938133e+01
6579.11409313 -2.10664253e+01
6579.17049020 -1.11650009e+01
6579.22688727 4.93007126e+01
6579.28328434 3.79282379e+01
6579.33968141 6.17814636e+00
6579.39607849 -3.16955032e+01
6579.45247556 8.31058502e+00
6579.50887263 4.51779099e+01
6579.56526970 1.84068756e+01
6579.62166677 -4.54263840e+01
6579.67806384 3.79628754e+01
6579.73446091 2.58720856e+01
6579.79085798 -2.05147552e+00
6579.84725506 -1.77079926e+01
6579.90365213 -2.48646927e+01
6579.96004920 -2.44319763e+01
6580.01644627 2.49831543e+01
6580.07284334 1.03508911e+01
6580.12924041 -3.33715134e+01
6580.18563748 -1.36423950e+01
6580.24203455 3.57827759e+01
6580.29843163 5.07078171e+01
6580.35482870 2.71271133e+01
6580.41122577 -3.08300781e+00
6580.46762284 2.20325623e+01
6580.52401991 -7.21173859e+00
6580.58041698 -6.75165176e+00
6580.63681405 1.66415939e+01
6580.69321113 3.75316734e+01
6580.74960820 -3.82536469e+01
6580.80600527 8.22463989e+00
6580.86240234 2.56233292e+01
6580.91879941 1.55746460e+01
6580.97519648 -1.86433525e+01
6581.03159355 -1.27389297e+01
6581.08799062 1.50315247e+01
6581.14438770 -3.17986298e+01
6581.20078477 -2.15780334e+01
6581.25718184 -1.01502533e+01
6581.31357891 -2.61882057e+01
6581.36997598 2.95262909e+01
6581.42637305 -1.25648880e+01
6581.48277012 6.66606216e+01
6581.53916719 2.13447418e+01
6581.59556427 -1.48694153e+01
6581.65196134 2.61659317e+01
6581.70835841 2.48982697e+01
6581.76475548 1.40866165e+01
6581.82115255 -3.44001236e+01
6581.87754962 -4.88262939e+00
6581.93394669 2.75879822e+01
6581.99034376 2.89486237e+01
6582.04674084 1.54431763e+01
6582.10313791 2.52996674e+01
6582.15953498 2.28819122e+01
6582.21593205 -2.25360565e+01
6582.27232912 -1.82855072e+01
6582.32872619 2.70660782e+01
6582.38512326 3.62187881e+01
6582.44152033 1.34554062e+01
6582.49791741 2.38644943e+01
6582.55431448 -3.24704971e+01
6582.61071155 2.19944916e+01
6582.66710862 -2.61487122e+01
6582.72350569 2.99082413e+01
6582.77990276 2.08138657e+01
6582.83629983 2.37942429e+01
6582.89269691 -1.77234917e+01
6582.94909398 9.72852325e+00
6583.00549105 2.30067902e+01
6583.06188812 5.00111542e+01
6583.11828519 2.12959442e+01
6583.17468226 3.60201492e+01
6583.23107933 1.61326599e+01
6583.28747640 3.57489853e+01
6583.34387348 1.75753860e+01
6583.40027055 2.19635620e+01
6583.45666762 5.96317520e+01
6583.51306469 5.29816437e+00
6583.56946176 3.23413315e+01
6583.62585883 8.56661987e+00
6583.68225590 7.75592041e+00
6583.73865297 7.06166077e+00
6583.79505005 5.20372772e+00
6583.85144712 3.45947723e+01
6583.90784419 1.15624619e+01
6583.96424126 3.29371262e+01
6584.02063833 2.19844666e+01
6584.07703540 1.48630524e+00
6584.13343247 4.26308441e+00
6584.18982954 2.88856659e+01
6584.24622662 -6.37777710e+00
6584.30262369 -8.04031372e+00
6584.35902076 -1.90736847e+01
6584.41541783 2.97937469e+01
6584.47181490 -9.16069794e+00
6584.52821197 -6.07632256e+01
6584.58460904 -3.23913574e-01
6584.64100612 2.06394653e+01
6584.69740319 1.24426270e+00
6584.75380026 -8.30632019e+00
6584.81019733 -4.22105789e+01
6584.86659440 1.21791077e+01
6584.92299147 -1.59730530e+00
6584.97938854 1.76902237e+01
6585.03578561 4.97847595e+01
6585.09218269 -1.35637360e+01
6585.14857976 9.14446259e+00
6585.20497683 -9.57678604e+00
6585.26137390 -1.13187637e+01
6585.31777097 1.49672699e+01
6585.37416804 1.10856323e+01
6585.43056511 -2.92557144e+01
6585.48696218 -2.20606766e+01
6585.54335926 2.06217041e+01
6585.59975633 7.50126648e+00
6585.65615340 -3.47243958e+01
6585.71255047 -4.76183167e+01
6585.76894754 3.17561340e+00
6585.82534461 2.50997772e+01
6585.88174168 3.80501404e+01
6585.93813875 -2.36496658e+01
6585.99453583 3.37220459e+01
6586.05093290 9.08382416e+00
6586.10732997 -1.60206184e+01
6586.16372704 -1.75964279e+01
6586.22012411 1.29752731e+01
6586.27652118 3.43371506e+01
6586.33291825 4.09577942e+00
6586.38931532 -1.89031143e+01
6586.44571240 -2.55026627e+01
6586.50210947 2.11450958e+00
6586.55850654 -2.81565399e+01
6586.61490361 -1.73801117e+01
6586.67130068 1.53683243e+01
6586.72769775 1.45067978e+01
6586.78409482 -6.43867493e+00
6586.84049190 4.92298126e+00
6586.89688897 4.39115601e+01
6586.95328604 -2.89375343e+01
6587.00968311 2.29068604e+01
6587.06608018 7.72663879e+00
6587.12247725 2.43428497e+01
6587.17887432 -3.42058449e+01
6587.23527139 1.30047302e+01
6587.29166847 3.34308090e+01
6587.34806554 -1.41888313e+01
6587.40446261 2.60040283e+00
6587.46085968 -3.00208664e+00
6587.51725675 1.41577911e+00
6587.57365382 1.37150726e+01
6587.63005089 -7.58304596e+00
6587.68644796 6.64260864e-01
6587.74284504 -4.37393188e-02
6587.79924211 -1.49208832e+01
6587.85563918 -6.25521088e+00
6587.91203625 -5.78752899e+00
6587.96843332 7.00579834e+00
6588.02483039 1.89795151e+01
6588.08122746 9.42108917e+00
6588.13762453 -3.52563591e+01
6588.19402161 1.22497864e+01
6588.25041868 -2.15646210e+01
6588.30681575 1.47628021e+00
6588.36321282 1.25917664e+01
6588.41960989 1.77201157e+01
6588.47600696 -3.82496643e+00
6588.53240403 -2.55280418e+01
6588.58880111 1.57189636e+01
6588.64519818 -4.26857758e+00
6588.70159525 1.44588623e+01
6588.75799232 -1.41979752e+01
6588.81438939 5.70710754e+00
6588.87078646 2.27417908e+01
6588.92718353 4.40482292e+01
6588.98358060 -1.16093369e+01
6589.03997768 6.87268829e+00
6589.09637475 1.21975021e+01
6589.15277182 9.17224121e+00
6589.20916889 8.77670288e-01
6589.26556596 -3.79855347e+00
6589.32196303 -3.63992310e+00
6589.37836010 -1.96837845e+01
6589.43475717 -2.85552979e+00
6589.49115425 -2.58036118e+01
6589.54755132 -9.44208527e+00
6589.60394839 2.20585022e+01
6589.66034546 -3.54109955e+01
6589.71674253 1.35181885e+01
6589.77313960 3.30966949e+01
6589.82953667 -1.03664246e+01
6589.88593374 1.88763657e+01
6589.94233082 6.05449677e+00
6589.99872789 -1.04890671e+01
6590.05512496 1.55927887e+01
6590.11152203 -1.36335678e+01
6590.16791910 -3.39431763e-01
6590.22431617 -3.66416168e+00
6590.28071324 -5.69431305e+00
6590.33711031 -6.55202484e+00
6590.39350739 -2.14965210e+01
6590.44990446 -1.40773926e+01
6590.50630153 -1.94911270e+01
6590.56269860 7.88807678e+00
6590.61909567 -1.31335297e+01
6590.67549274 -5.30278015e+00
6590.73188981 -2.14323044e+01
6590.78828689 -4.68119812e+00
6590.84468396 8.31957245e+00
6590.90108103 9.60482788e+00
6590.95747810 -1.17510376e+01
6591.01387517 1.85103760e+01
6591.07027224 -1.13413925e+01
6591.12666931 -3.68504333e+01
6591.18306638 3.22159195e+01
6591.23946346 -7.41600800e+00
6591.29586053 2.21387634e+01
6591.35225760 -3.94269524e+01
6591.40865467 -1.95730743e+01
6591.46505174 -4.24895897e+01
6591.52144881 -1.46640091e+01
6591.57784588 -2.34400635e+01
6591.63424295 7.21618652e-01
6591.69064003 -3.59348297e+00
6591.74703710 1.21205826e+01
6591.80343417 1.78499603e+01
6591.85983124 4.89810944e+00
6591.91622831 -2.67943192e+01
6591.97262538 -2.41770935e+01
6592.02902245 -1.53169861e+01
6592.08541952 -4.33365479e+01
6592.14181660 -8.05002594e+00
6592.19821367 -6.73828125e-01
6592.25461074 -9.92090607e+00
6592.31100781 -1.59738159e+00
6592.36740488 6.74188995e+00
6592.42380195 5.46202087e+00
6592.48019902 -5.51498413e+00
6592.53659610 9.65052032e+00
6592.59299317 7.58560181e-01
6592.64939024 -1.10453796e+01
6592.70578731 -8.55906677e+00
6592.76218438 -2.82572594e+01
6592.81858145 7.12341309e-01
6592.87497852 -2.00213547e+01
6592.93137559 -3.36836586e+01
6592.98777267 1.88533859e+01
6593.04416974 2.77807388e+01
6593.10056681 8.84230804e+00
6593.15696388 1.97612915e+01
6593.21336095 5.78205185e+01
6593.26975802 2.02170639e+01
6593.32615509 -2.43096771e+01
6593.38255216 -3.83109207e+01
6593.43894924 -2.21266174e+01
6593.49534631 1.13455353e+01
6593.55174338 1.77322769e+01
6593.60814045 -9.89784241e+00
6593.66453752 -1.51644745e+01
6593.72093459 7.13949585e+00
6593.77733166 3.10318756e+00
6593.83372873 -3.62708435e+01
6593.89012581 1.03948593e+01
6593.94652288 6.05771866e+01
6594.00291995 -2.16985321e+00
6594.05931702 -5.91341400e+00
6594.11571409 2.25310974e+01
6594.17211116 2.68060875e+01
6594.22850823 2.20577316e+01
6594.28490530 -1.58702621e+01
6594.34130238 -1.31859055e+01
6594.39769945 -6.84603882e+00
6594.45409652 -3.03944778e+01
6594.51049359 2.69385986e+01
6594.56689066 3.57037163e+01
6594.62328773 -1.02203598e+01
6594.67968480 2.24661102e+01
6594.73608188 -1.03830032e+01
6594.79247895 1.39951324e+00
6594.84887602 2.06950989e+01
6594.90527309 -1.78198624e+01
6594.96167016 2.78785400e+01
6595.01806723 3.79555511e+00
6595.07446430 -3.27042389e+00
6595.13086137 2.47693405e+01
6595.18725845 -1.65796127e+01
6595.24365552 -5.95800781e+00
6595.30005259 -1.62242889e+01
6595.35644966 -3.12487411e+01
6595.41284673 2.22898407e+01
6595.46924380 -6.38709564e+01
6595.52564087 -2.27378845e+00
6595.58203794 5.64524078e+00
6595.63843502 -4.09804535e+00
6595.69483209 2.95545464e+01
6595.75122916 -1.68721313e+01
6595.80762623 2.29423370e+01
6595.86402330 -1.15189590e+01
6595.92042037 2.54709930e+01
6595.97681744 1.83103333e+01
6596.03321451 -1.92372131e+00
6596.08961159 -3.16657257e+01
6596.14600866 -1.03631744e+01
6596.20240573 -1.39966049e+01
6596.25880280 2.38466187e+01
6596.31519987 -1.81225357e+01
6596.37159694 -1.83835983e+01
6596.42799401 -8.06353760e+00
6596.48439109 6.01029205e+00
6596.54078816 1.46976166e+01
6596.59718523 3.75795212e+01
6596.65358230 6.74989014e+01
6596.70997937 4.47776642e+01
6596.76637644 -2.99455872e+01
6596.82277351 -2.02267456e+01
6596.87917058 2.27987518e+01
6596.93556766 -7.73773193e-01
6596.99196473 -5.28622055e+01
6597.04836180 6.86100006e+00
6597.10475887 1.65511780e+01
6597.16115594 -2.50100899e+01
6597.21755301 9.80655670e+00
6597.27395008 -2.97659912e+01
6597.33034715 -4.97344208e+00
6597.38674423 -3.29512787e+00
6597.44314130 -2.05211334e+01
6597.49953837 7.66617584e+00
6597.55593544 -1.34607697e+01
6597.61233251 1.80742645e+01
6597.66872958 -1.87000084e+01
