# Rest-frame spectrum generated from: N7331B0003o_1d.fits
# lambda_Ha_obs = 6577.69000000 Angstrom
# lambda_Ha_rest = 6562.80000000 Angstrom
# z_Ha = 2.2688486622e-03
# v_Ha_relativistic = 679.412102 km/s
# v_Ha_classical = 680.183717 km/s
# columns: wavelength_rest[Angstrom] flux_or_counts

6528.97141990 1.19326157e+02
6529.02772283 1.19321678e+02
6529.08402576 1.19320213e+02
6529.14032869 1.19327232e+02
6529.19663163 1.19321976e+02
6529.25293456 1.19327744e+02
6529.30923749 1.19321899e+02
6529.36554042 1.19325356e+02
6529.42184336 1.19320526e+02
6529.47814629 1.19322182e+02
6529.53444922 1.19325546e+02
6529.59075215 1.19329636e+02
6529.64705508 1.19322449e+02
6529.70335802 1.19321434e+02
6529.75966095 1.19331841e+02
6529.81596388 1.19320122e+02
6529.87226681 1.19322197e+02
6529.92856975 1.19322525e+02
6529.98487268 1.12829910e+02
6530.04117561 1.06577072e+02
6530.09747854 1.11089981e+02
6530.15378147 5.84530792e+01
6530.21008441 -8.60072327e+00
6530.26638734 -1.02907791e+01
6530.32269027 1.50364685e+01
6530.37899320 -7.33811951e+00
6530.43529614 -4.57625771e+01
6530.49159907 8.96072388e+00
6530.54790200 -1.46796341e+01
6530.60420493 -2.23791885e+01
6530.66050787 -2.32938004e+01
6530.71681080 4.86966705e+00
6530.77311373 1.43515549e+01
6530.82941666 1.17732544e+01
6530.88571959 -6.66394806e+00
6530.94202253 -4.38980103e+00
6530.99832546 -2.96851349e+00
6531.05462839 -2.61298294e+01
6531.11093132 -3.57023621e+00
6531.16723426 -3.62640381e-01
6531.22353719 -1.18927917e+01
6531.27984012 -2.46847458e+01
6531.33614305 -6.19242096e+00
6531.39244598 2.91916046e+01
6531.44874892 8.66297913e+00
6531.50505185 -6.78292847e+00
6531.56135478 -1.45249481e+01
6531.61765771 2.05751038e+01
6531.67396065 3.85486603e+00
6531.73026358 1.00776520e+01
6531.78656651 -1.45903778e+01
6531.84286944 -2.48428879e+01
6531.89917237 9.98870850e-01
6531.95547531 -1.64812622e+01
6532.01177824 7.31692505e+00
6532.06808117 3.01989746e+01
6532.12438410 1.10415649e+00
6532.18068704 -2.64887924e+01
6532.23698997 -1.15487823e+01
6532.29329290 -8.89855194e+00
6532.34959583 -5.30438995e+00
6532.40589877 -1.39352341e+01
6532.46220170 -3.01919174e+01
6532.51850463 -4.46937561e-01
6532.57480756 4.78163910e+00
6532.63111049 1.74214935e+00
6532.68741343 1.34768524e+01
6532.74371636 -2.74888535e+01
6532.80001929 8.36180878e+00
6532.85632222 -3.42580948e+01
6532.91262516 -2.02529907e+00
6532.96892809 2.20247955e+01
6533.02523102 2.43697357e+00
6533.08153395 1.16716156e+01
6533.13783688 -1.06618042e+01
6533.19413982 1.26871872e+01
6533.25044275 4.92378082e+01
6533.30674568 2.03961716e+01
6533.36304861 3.47409210e+01
6533.41935155 2.49803848e+01
6533.47565448 2.72530518e+01
6533.53195741 3.12204666e+01
6533.58826034 -4.34684753e+00
6533.64456327 1.76397095e+01
6533.70086621 -1.69770279e+01
6533.75716914 3.59262848e+00
6533.81347207 1.70647812e+01
6533.86977500 -3.56135406e+01
6533.92607794 1.69111023e+01
6533.98238087 2.19493332e+01
6534.03868380 -2.35731506e+00
6534.09498673 2.31616287e+01
6534.15128967 1.35881042e+00
6534.20759260 -7.15784454e+00
6534.26389553 1.93563004e+01
6534.32019846 5.13682404e+01
6534.37650139 -1.97655029e+01
6534.43280433 3.19882126e+01
6534.48910726 2.14572372e+01
6534.54541019 -2.62721100e+01
6534.60171312 -2.03783417e+01
6534.65801606 -1.60298157e+00
6534.71431899 1.31378860e+01
6534.77062192 7.18974304e+00
6534.82692485 1.02774124e+01
6534.88322778 9.46434021e+00
6534.93953072 -1.33429718e+01
6534.99583365 1.43414917e+01
6535.05213658 -7.79638672e+00
6535.10843951 1.33389893e+01
6535.16474245 -2.51659393e+00
6535.22104538 3.24799652e+01
6535.27734831 -1.77516479e+01
6535.33365124 -5.53740463e+01
6535.38995417 6.62860107e+00
6535.44625711 1.36852875e+01
6535.50256004 1.21475220e+00
6535.55886297 -1.46686478e+01
6535.61516590 -9.64996338e+00
6535.67146884 1.81218185e+01
6535.72777177 3.45682220e+01
6535.78407470 2.45836868e+01
6535.84037763 -2.50306396e+01
6535.89668057 -2.38672638e+01
6535.95298350 -7.65190125e+00
6536.00928643 2.73519745e+01
6536.06558936 4.09847031e+01
6536.12189229 2.31658096e+01
6536.17819523 1.16818619e+01
6536.23449816 -1.31014404e+01
6536.29080109 -9.81957245e+00
6536.34710402 1.74844894e+01
6536.40340696 6.75101471e+00
6536.45970989 -9.06600952e-02
6536.51601282 2.62010193e+00
6536.57231575 -1.55755081e+01
6536.62861868 -5.89505768e+00
6536.68492162 -2.64817886e+01
6536.74122455 2.36043320e+01
6536.79752748 5.69532013e+00
6536.85383041 8.61221313e-01
6536.91013335 -5.44164276e+00
6536.96643628 2.75423050e+01
6537.02273921 2.66369400e+01
6537.07904214 7.19923401e+00
6537.13534507 3.85548553e+01
6537.19164801 -2.67560196e+01
6537.24795094 -3.87506866e+00
6537.30425387 -3.28116608e+00
6537.36055680 -8.04682159e+00
6537.41685974 -1.03858795e+01
6537.47316267 -2.78499222e+01
6537.52946560 -2.94828796e+00
6537.58576853 2.85606461e+01
6537.64207147 2.52644730e+01
6537.69837440 -2.44517517e+00
6537.75467733 5.57030487e+00
6537.81098026 -1.04397125e+01
6537.86728319 -1.98554993e+00
6537.92358613 3.08687592e+00
6537.97988906 1.12494659e+00
6538.03619199 -1.67050858e+01
6538.09249492 5.78209686e+00
6538.14879786 3.16881256e+01
6538.20510079 6.95010376e+00
6538.26140372 3.36868362e+01
6538.31770665 -1.08837738e+01
6538.37400958 -4.23871765e+01
6538.43031252 -3.57109833e+01
6538.48661545 -1.43133850e+01
6538.54291838 1.14113312e+01
6538.59922131 -1.51274261e+01
6538.65552425 -4.35197449e+00
6538.71182718 1.19439850e+01
6538.76813011 -8.68461609e+00
6538.82443304 3.70005646e+01
6538.88073597 4.08201141e+01
6538.93703891 1.38056107e+01
6538.99334184 -5.91156769e+00
6539.04964477 -1.02910843e+01
6539.10594770 -1.49164429e+01
6539.16225064 9.57428741e+00
6539.21855357 8.67240906e-01
6539.27485650 -1.60015869e+00
6539.33115943 -4.40423355e+01
6539.38746236 -8.98886871e+00
6539.44376530 1.02933960e+01
6539.50006823 -4.45470581e+01
6539.55637116 9.15351868e-01
6539.61267409 3.26423874e+01
6539.66897703 1.33252335e+01
6539.72527996 -4.71939087e+00
6539.78158289 2.70255280e+01
6539.83788582 -1.59431686e+01
6539.89418876 4.51830368e+01
6539.95049169 1.32722626e+01
6540.00679462 -2.54882050e+01
6540.06309755 2.69416122e+01
6540.11940048 4.82395248e+01
6540.17570342 -1.07106247e+01
6540.23200635 -2.42417526e+01
6540.28830928 8.78100586e+00
6540.34461221 2.83756409e+01
6540.40091515 3.48598099e+01
6540.45721808 1.11944504e+01
6540.51352101 8.34215546e+00
6540.56982394 1.02090302e+01
6540.62612687 2.52886124e+01
6540.68242981 -2.81438980e+01
6540.73873274 -2.04845200e+01
6540.79503567 5.52874985e+01
6540.85133860 5.25201187e+01
6540.90764154 3.13538132e+01
6540.96394447 -1.46307755e+01
6541.02024740 1.35062790e+01
6541.07655033 8.83686066e+00
6541.13285326 -3.45971909e+01
6541.18915620 -3.76721344e+01
6541.24545913 -9.93433380e+00
6541.30176206 9.15980530e+00
6541.35806499 -3.37815170e+01
6541.41436793 4.57580566e+00
6541.47067086 2.77929077e+01
6541.52697379 1.70629578e+01
6541.58327672 -5.06051636e+00
6541.63957966 -1.53764725e+01
6541.69588259 1.48391647e+01
6541.75218552 -2.16426849e+00
6541.80848845 6.07350235e+01
6541.86479138 6.98005676e-01
6541.92109432 -7.18689728e+00
6541.97739725 1.19312515e+01
6542.03370018 4.42483521e+00
6542.09000311 3.11849060e+01
6542.14630605 -1.66323853e+01
6542.20260898 5.86174774e+00
6542.25891191 1.66636810e+01
6542.31521484 2.25532455e+01
6542.37151777 -1.78582230e+01
6542.42782071 4.00390625e-01
6542.48412364 1.19515533e+01
6542.54042657 1.29768448e+01
6542.59672950 4.19968338e+01
6542.65303244 3.80737305e-01
6542.70933537 -5.82958221e+00
6542.76563830 -8.86769867e+00
6542.82194123 -3.68547974e+01
6542.87824416 -2.10774841e+01
6542.93454710 4.21240234e+00
6542.99085003 3.49743652e+00
6543.04715296 4.20827866e+01
6543.10345589 -1.86764526e+01
6543.15975883 -2.93818893e+01
6543.21606176 -5.06202698e-01
6543.27236469 -5.26847839e+00
6543.32866762 6.38092041e-01
6543.38497056 1.26860657e+01
6543.44127349 1.64191055e+01
6543.49757642 1.57844162e+01
6543.55387935 -7.74436951e-01
6543.61018228 -4.59723434e+01
6543.66648522 -3.24060059e+00
6543.72278815 5.96643066e+00
6543.77909108 1.34973145e+00
6543.83539401 -1.07916794e+01
6543.89169695 -3.40853958e+01
6543.94799988 -4.86445618e+00
6544.00430281 -6.55116272e+00
6544.06060574 1.95245972e+01
6544.11690867 2.58765640e+01
6544.17321161 1.31918564e+01
6544.22951454 -1.62106552e+01
6544.28581747 -5.53578186e+00
6544.34212040 1.95600510e+01
6544.39842334 3.38320160e+00
6544.45472627 -3.36476669e+01
6544.51102920 2.45962372e+01
6544.56733213 5.53841095e+01
6544.62363506 3.72204590e+01
6544.67993800 2.63170929e+01
6544.73624093 1.66180191e+01
6544.79254386 3.72865982e+01
6544.84884679 2.15390472e+01
6544.90514973 -1.28535919e+01
6544.96145266 3.91343613e+01
6545.01775559 1.69458313e+01
6545.07405852 -1.53830032e+01
6545.13036146 1.53773193e+01
6545.18666439 -1.38740540e+00
6545.24296732 -1.82711105e+01
6545.29927025 -5.62969208e+00
6545.35557318 -4.58662415e+00
6545.41187612 -3.63403091e+01
6545.46817905 -7.23545837e+00
6545.52448198 3.64640198e+01
6545.58078491 -6.26781464e+00
6545.63708785 1.76595230e+01
6545.69339078 1.85225677e+01
6545.74969371 4.66439209e+01
6545.80599664 -2.40534439e+01
6545.86229957 -6.27105713e-01
6545.91860251 -1.49536743e+01
6545.97490544 2.88319168e+01
6546.03120837 2.06028748e+00
6546.08751130 5.70343018e+00
6546.14381424 -3.06641464e+01
6546.20011717 3.24507141e+01
6546.25642010 -9.67747498e+00
6546.31272303 -5.51010132e+00
6546.36902596 -2.85646057e+00
6546.42532890 -7.51078796e+00
6546.48163183 -1.63591003e+01
6546.53793476 -5.57876587e+00
6546.59423769 -2.81026382e+01
6546.65054063 -2.00514374e+01
6546.70684356 -1.29263687e+01
6546.76314649 3.00860748e+01
6546.81944942 -7.20728302e+00
6546.87575236 2.14745712e+01
6546.93205529 -3.29683838e+01
6546.98835822 -2.25997772e+01
6547.04466115 2.89990540e+01
6547.10096408 7.49534607e+00
6547.15726702 1.74060059e+01
6547.21356995 6.24927521e+00
6547.26987288 2.31971130e+01
6547.32617581 4.60176849e+00
6547.38247875 1.18350220e+01
6547.43878168 2.65491638e+01
6547.49508461 3.11656494e+01
6547.55138754 6.53186035e+00
6547.60769047 2.73318939e+01
6547.66399341 3.24339905e+01
6547.72029634 2.96358948e+01
6547.77659927 7.83620300e+01
6547.83290220 8.54192352e+01
6547.88920514 5.95509796e+01
6547.94550807 8.15746155e+01
6548.00181100 6.84162140e+01
6548.05811393 7.47463913e+01
6548.11441686 5.06357574e+01
6548.17071980 9.16681671e+00
6548.22702273 -1.55863953e+00
6548.28332566 -4.99687958e+00
6548.33962859 3.50329056e+01
6548.39593153 5.38485870e+01
6548.45223446 3.85045166e+01
6548.50853739 -1.58984528e+01
6548.56484032 8.12796783e+00
6548.62114326 2.41923218e+01
6548.67744619 4.78985138e+01
6548.73374912 -1.26921921e+01
6548.79005205 1.15788269e+00
6548.84635498 3.20064011e+01
6548.90265792 -3.20143967e+01
6548.95896085 -2.25795975e+01
6549.01526378 2.98927078e+01
6549.07156671 1.22164764e+01
6549.12786965 -2.90432663e+01
6549.18417258 -2.50290375e+01
6549.24047551 -6.58792114e+00
6549.29677844 -2.01708984e+00
6549.35308137 2.26532059e+01
6549.40938431 1.92092819e+01
6549.46568724 -8.66276550e+00
6549.52199017 -1.01436157e+01
6549.57829310 -1.83274307e+01
6549.63459604 -1.28567276e+01
6549.69089897 -3.92938461e+01
6549.74720190 -4.73740082e+01
6549.80350483 3.39149551e+01
6549.85980776 1.46276779e+01
6549.91611070 4.07519531e+00
6549.97241363 9.71650696e+00
6550.02871656 -1.06073761e+00
6550.08501949 2.51300049e+01
6550.14132243 -2.17860794e+01
6550.19762536 7.72254944e-01
6550.25392829 -2.19589996e+00
6550.31023122 -4.35256805e+01
6550.36653416 1.72681198e+01
6550.42283709 -7.64290619e+00
6550.47914002 -5.76682281e+00
6550.53544295 -1.26313553e+01
6550.59174588 -2.18495941e+00
6550.64804882 7.84471130e+00
6550.70435175 3.90917053e+01
6550.76065468 -2.35444565e+01
6550.81695761 -1.93393860e+01
6550.87326055 2.04397812e+01
6550.92956348 2.03537598e+01
6550.98586641 4.51300049e+00
6551.04216934 -1.19693298e+01
6551.09847227 -4.86576691e+01
6551.15477521 -3.27740173e+01
6551.21107814 1.53036728e+01
6551.26738107 -2.26646423e+00
6551.32368400 -1.29293060e+00
6551.37998694 -2.87922440e+01
6551.43628987 -2.52148743e+01
6551.49259280 -2.96855698e+01
6551.54889573 -1.19586182e+00
6551.60519866 3.09921417e+01
6551.66150160 3.15543137e+01
6551.71780453 6.06869507e+00
6551.77410746 3.31773834e+01
6551.83041039 5.50765991e-02
6551.88671333 2.31105118e+01
6551.94301626 1.55254288e+01
6551.99931919 3.29609375e+01
6552.05562212 6.84149170e+00
6552.11192506 1.81512604e+01
6552.16822799 1.64374695e+01
6552.22453092 -6.43112183e-01
6552.28083385 2.86019897e+00
6552.33713678 -3.98955307e+01
6552.39343972 2.73708572e+01
6552.44974265 8.57470703e+00
6552.50604558 -5.73590088e+00
6552.56234851 5.17181396e-01
6552.61865145 4.66830444e+00
6552.67495438 1.23827972e+01
6552.73125731 -1.21866684e+01
6552.78756024 -1.39787903e+01
6552.84386317 -3.08612823e+00
6552.90016611 -2.38699722e+01
6552.95646904 -8.83450317e+00
6553.01277197 4.08534622e+01
6553.06907490 1.29769974e+01
6553.12537784 -1.63929749e+01
6553.18168077 -7.57955170e+00
6553.23798370 1.13301468e+01
6553.29428663 1.75958862e+01
6553.35058956 5.99865723e+00
6553.40689250 9.63051605e+00
6553.46319543 2.24535141e+01
6553.51949836 -4.87352753e+00
6553.57580129 -1.48819504e+01
6553.63210423 -3.57705688e+00
6553.68840716 -4.38699341e+00
6553.74471009 -2.37035675e+01
6553.80101302 1.20128937e+01
6553.85731595 2.08064728e+01
6553.91361889 8.31306458e+00
6553.96992182 -2.65969238e+01
6554.02622475 -3.83154449e+01
6554.08252768 7.79510498e-01
6554.13883062 2.99485016e+01
6554.19513355 1.29132233e+01
6554.25143648 -2.41135330e+01
6554.30773941 -3.99943542e+00
6554.36404235 -9.69398499e+00
6554.42034528 -3.45299530e+00
6554.47664821 9.23399353e+00
6554.53295114 -1.75826874e+01
6554.58925407 -9.59602356e+00
6554.64555701 -5.76331558e+01
6554.70185994 1.06827087e+01
6554.75816287 -1.99629898e+01
6554.81446580 1.24160919e+01
6554.87076874 8.20625305e+00
6554.92707167 2.70760956e+01
6554.98337460 -1.49243774e+01
6555.03967753 -1.26279602e+01
6555.09598046 8.54312134e+00
6555.15228340 2.53340378e+01
6555.20858633 2.56928558e+01
6555.26488926 4.01267090e+01
6555.32119219 -1.91170349e+01
6555.37749513 -7.70739746e+00
6555.43379806 -4.19060059e+01
6555.49010099 -2.83956985e+01
6555.54640392 -1.16361771e+01
6555.60270685 -2.02087402e+01
6555.65900979 -1.73663864e+01
6555.71531272 5.62788391e+00
6555.77161565 -2.05133362e+01
6555.82791858 1.32058868e+01
6555.88422152 -1.50471268e+01
6555.94052445 -1.07038498e+01
6555.99682738 4.56829300e+01
6556.05313031 -1.10892868e+01
6556.10943325 -7.90735626e+00
6556.16573618 -2.92285919e+00
6556.22203911 -4.76322174e+00
6556.27834204 -4.42678833e+01
6556.33464497 2.58297806e+01
6556.39094791 8.76878357e+00
6556.44725084 3.05973053e+00
6556.50355377 -6.85637665e+00
6556.55985670 1.90031509e+01
6556.61615964 1.08588181e+01
6556.67246257 5.44444809e+01
6556.72876550 -1.04997635e+01
6556.78506843 2.47683868e+01
6556.84137136 4.34049225e+01
6556.89767430 -1.36723099e+01
6556.95397723 5.17084503e+00
6557.01028016 4.15303040e+00
6557.06658309 7.25696564e+00
6557.12288603 1.62674637e+01
6557.17918896 -3.86694336e+00
6557.23549189 3.30849838e+01
6557.29179482 5.24124146e+00
6557.34809775 1.52916718e+00
6557.40440069 -1.56971970e+01
6557.46070362 1.05917358e+01
6557.51700655 3.92705841e+01
6557.57330948 6.02301025e+00
6557.62961242 5.08056641e+00
6557.68591535 3.78295898e-01
6557.74221828 -2.87652130e+01
6557.79852121 -7.45493317e+00
6557.85482415 -1.11409607e+01
6557.91112708 1.42727280e+01
6557.96743001 -1.26985245e+01
6558.02373294 2.61572723e+01
6558.08003587 1.62293320e+01
6558.13633881 3.31049347e+00
6558.19264174 4.43400421e+01
6558.24894467 3.03281097e+01
6558.30524760 1.50581284e+01
6558.36155054 7.10912323e+00
6558.41785347 1.63477020e+01
6558.47415640 -5.94537354e+00
6558.53045933 -5.26187668e+01
6558.58676226 -2.68716278e+01
6558.64306520 6.16126251e+00
6558.69936813 -8.42357635e+00
6558.75567106 1.26905518e+01
6558.81197399 1.73188019e+00
6558.86827693 -1.78860855e+01
6558.92457986 -3.37462921e+01
6558.98088279 -1.32022705e+01
6559.03718572 -2.08448639e+01
6559.09348865 2.60039520e+00
6559.14979159 -2.20969315e+01
6559.20609452 -3.12737503e+01
6559.26239745 3.04659653e+01
6559.31870038 3.03758011e+01
6559.37500332 -1.09875488e+00
6559.43130625 -2.30202026e+01
6559.48760918 2.10812607e+01
6559.54391211 2.02426910e+01
6559.60021505 -2.57510757e+01
6559.65651798 -2.37558365e+01
6559.71282091 -9.82128906e+00
6559.76912384 -6.57625580e+00
6559.82542677 -2.94369583e+01
6559.88172971 2.51883469e+01
6559.93803264 1.42503052e+01
6559.99433557 -6.52895584e+01
6560.05063850 2.68543777e+01
6560.10694144 2.88333893e+00
6560.16324437 -2.32878876e+00
6560.21954730 1.82579346e+01
6560.27585023 8.40376282e+00
6560.33215316 -1.14625702e+01
6560.38845610 1.72671814e+01
6560.44475903 -7.30862427e+00
6560.50106196 -1.61563187e+01
6560.55736489 -1.50900116e+01
6560.61366783 -2.44372482e+01
6560.66997076 -3.45649796e+01
6560.72627369 -1.78472900e+00
6560.78257662 -1.89631271e+01
6560.83887955 1.05982819e+01
6560.89518249 8.38233948e+00
6560.95148542 1.32057114e+01
6561.00778835 -3.70006104e+01
6561.06409128 -3.38918304e+01
6561.12039422 4.30538864e+01
6561.17669715 3.55467224e+01
6561.23300008 1.28569489e+01
6561.28930301 1.08105011e+01
6561.34560595 4.28615265e+01
6561.40190888 3.43597946e+01
6561.45821181 -2.48130035e+01
6561.51451474 2.19504852e+01
6561.57081767 -6.89377594e+00
6561.62712061 6.82115479e+01
6561.68342354 3.78474197e+01
6561.73972647 4.18234482e+01
6561.79602940 7.72855225e+01
6561.85233234 4.76533051e+01
6561.90863527 6.50235291e+01
6561.96493820 9.11999283e+01
6562.02124113 1.18848328e+02
6562.07754406 8.05926056e+01
6562.13384700 1.37694305e+02
6562.19014993 1.43601242e+02
6562.24645286 1.73214371e+02
6562.30275579 2.21568359e+02
6562.35905873 2.17796890e+02
6562.41536166 2.02623932e+02
6562.47166459 3.33056091e+02
6562.52796752 3.74395813e+02
6562.58427045 3.74475311e+02
6562.64057339 3.32485138e+02
6562.69687632 3.97093750e+02
6562.75317925 4.26445068e+02
6562.80948218 4.03713837e+02
6562.86578512 4.11768372e+02
6562.92208805 4.41567688e+02
6562.97839098 3.74165283e+02
6563.03469391 3.32927307e+02
6563.09099685 3.32955933e+02
6563.14729978 3.04281860e+02
6563.20360271 3.36788818e+02
6563.25990564 2.48397629e+02
6563.31620857 1.92929779e+02
6563.37251151 1.70278824e+02
6563.42881444 1.72963699e+02
6563.48511737 1.58643417e+02
6563.54142030 1.46610092e+02
6563.59772324 9.24926987e+01
6563.65402617 1.09052505e+02
6563.71032910 1.07280235e+02
6563.76663203 3.56510468e+01
6563.82293496 6.54197693e+01
6563.87923790 3.39006348e+01
6563.93554083 -6.64802551e+00
6563.99184376 -1.14129639e+01
6564.04814669 6.94343567e+00
6564.10444963 2.20884094e+01
6564.16075256 -3.19678955e+01
6564.21705549 1.77815781e+01
6564.27335842 -4.59179993e+01
6564.32966135 -2.08454895e+00
6564.38596429 1.35874023e+01
6564.44226722 9.16540527e+00
6564.49857015 -2.37221298e+01
6564.55487308 -1.48598099e+01
6564.61117602 -1.95654755e+01
6564.66747895 2.56905289e+01
6564.72378188 7.93988800e+00
6564.78008481 1.17186890e+01
6564.83638775 1.04175949e+01
6564.89269068 -3.49285889e+00
6564.94899361 6.45921326e+00
6565.00529654 8.79702759e+00
6565.06159947 -1.86383820e+00
6565.11790241 -9.52183533e+00
6565.17420534 -4.93417740e+01
6565.23050827 4.05232239e+00
6565.28681120 -8.83265686e+00
6565.34311414 6.18265533e+00
6565.39941707 -2.03537369e+01
6565.45572000 -1.10511780e+00
6565.51202293 3.18694611e+01
6565.56832586 -4.19952698e+01
6565.62462880 4.97810364e-01
6565.68093173 3.62775192e+01
6565.73723466 -7.69866943e-01
6565.79353759 -1.28686523e+00
6565.84984053 2.77069092e+00
6565.90614346 7.01293945e-02
6565.96244639 3.42214737e+01
6566.01874932 -1.14144440e+01
6566.07505225 -4.00188751e+01
6566.13135519 -2.72442169e+01
6566.18765812 -7.25456238e-01
6566.24396105 -2.52649612e+01
6566.30026398 5.19660187e+00
6566.35656692 -2.35665894e+00
6566.41286985 -3.48918457e+01
6566.46917278 -5.81035614e+00
6566.52547571 8.72618866e+00
6566.58177865 4.39224243e+00
6566.63808158 1.37068024e+01
6566.69438451 -2.05006866e+01
6566.75068744 2.26437912e+01
6566.80699037 -4.49769440e+01
6566.86329331 1.38704376e+01
6566.91959624 6.20002747e-01
6566.97589917 1.89191742e+01
6567.03220210 -5.81097260e+01
6567.08850504 -2.40430374e+01
6567.14480797 -2.05499268e+01
6567.20111090 -1.72036133e+01
6567.25741383 7.70155334e+00
6567.31371676 -3.87292099e+01
6567.37001970 2.98059692e+01
6567.42632263 2.61757278e+01
6567.48262556 -7.14416504e+00
6567.53892849 6.83729553e+00
6567.59523143 3.48000870e+01
6567.65153436 -1.19138336e+01
6567.70783729 -1.07643738e+01
6567.76414022 -1.21677856e+01
6567.82044315 1.43909836e+01
6567.87674609 -8.77426147e+00
6567.93304902 -2.95805130e+01
6567.98935195 5.65488434e+00
6568.04565488 -1.42231598e+01
6568.10195782 -2.09436035e+01
6568.15826075 -1.70007858e+01
6568.21456368 -9.24446869e+00
6568.27086661 -3.83248596e+01
6568.32716954 -3.16181183e+01
6568.38347248 -2.32247314e+01
6568.43977541 -9.37407684e+00
6568.49607834 -2.07162933e+01
6568.55238127 1.79476242e+01
6568.60868421 2.91473465e+01
6568.66498714 4.34886627e+01
6568.72129007 -1.69192352e+01
6568.77759300 4.82486420e+01
6568.83389594 -2.24569397e+01
6568.89019887 4.19300842e+00
6568.94650180 -3.19738770e+01
6569.00280473 -2.20196457e+01
6569.05910766 -2.75598831e+01
6569.11541060 -4.42221298e+01
6569.17171353 -3.02490311e+01
6569.22801646 -4.03420410e+01
6569.28431939 5.60899353e+00
6569.34062233 8.40043640e+00
6569.39692526 -1.32156372e+00
6569.45322819 -2.39683762e+01
6569.50953112 -2.14311981e+00
6569.56583405 -1.16699982e+01
6569.62213699 -2.72166595e+01
6569.67843992 -4.82738495e+00
6569.73474285 2.00414276e+00
6569.79104578 -1.45538864e+01
6569.84734872 -3.61316681e+01
6569.90365165 -2.83208466e+00
6569.95995458 6.87712631e+01
6570.01625751 1.79843750e+01
6570.07256044 -3.00108490e+01
6570.12886338 2.73550415e+01
6570.18516631 -3.30875320e+01
6570.24146924 -4.51770477e+01
6570.29777217 -1.42389221e+01
6570.35407511 2.77818298e+00
6570.41037804 6.57260132e+00
6570.46668097 1.76170120e+01
6570.52298390 2.13311844e+01
6570.57928684 -1.39559021e+01
6570.63558977 -1.40298615e+01
6570.69189270 2.15489349e+01
6570.74819563 2.89461517e+01
6570.80449856 -2.46525192e+01
6570.86080150 -1.80267792e+01
6570.91710443 -2.08175201e+01
6570.97340736 -4.74481049e+01
6571.02971029 -1.92505646e+01
6571.08601323 6.92082977e+00
6571.14231616 5.10282593e+01
6571.19861909 1.19916077e+01
6571.25492202 -1.08022766e+01
6571.31122495 4.01049805e+01
6571.36752789 3.77288666e+01
6571.42383082 4.76186218e+01
6571.48013375 2.48797684e+01
6571.53643668 4.44168091e+00
6571.59273962 -5.88020325e-01
6571.64904255 2.80968857e+01
6571.70534548 5.38783569e+01
6571.76164841 -3.89561462e+00
6571.81795134 -1.83946381e+01
6571.87425428 2.00740051e+00
6571.93055721 9.14850616e+00
6571.98686014 4.27047729e+00
6572.04316307 5.32300491e+01
6572.09946601 -7.39214325e+00
6572.15576894 -3.53212280e+01
6572.21207187 4.04090118e+00
6572.26837480 2.24140320e+01
6572.32467774 -2.13617325e+01
6572.38098067 6.15266418e+00
6572.43728360 1.02248001e+01
6572.49358653 -1.41844254e+01
6572.54988946 -4.13789749e+01
6572.60619240 -1.85283966e+01
6572.66249533 3.11584473e-02
6572.71879826 2.51883545e+01
6572.77510119 4.37108612e+00
6572.83140413 -7.68399048e+00
6572.88770706 -8.13589478e+00
6572.94400999 -2.82755890e+01
6573.00031292 -1.29714203e+00
6573.05661585 -7.32061768e+00
6573.11291879 -1.37728729e+01
6573.16922172 5.75201416e+00
6573.22552465 -2.78383179e+01
6573.28182758 -3.53380585e+00
6573.33813052 -1.78607712e+01
6573.39443345 3.22560883e+00
6573.45073638 -6.00161667e+01
6573.50703931 1.56058578e+01
6573.56334224 1.78405380e+01
6573.61964518 -7.30461884e+00
6573.67594811 -1.59612045e+01
6573.73225104 -1.51299057e+01
6573.78855397 -4.69184875e+01
6573.84485691 -1.55057526e+01
6573.90115984 -2.79926300e+00
6573.95746277 -9.12319183e+00
6574.01376570 1.42791748e+00
6574.07006864 -4.22223663e+01
6574.12637157 -6.50041122e+01
6574.18267450 3.80376892e+01
6574.23897743 1.20327454e+01
6574.29528036 -7.82275391e+00
6574.35158330 6.71626282e+00
6574.40788623 -3.42230835e+01
6574.46418916 3.10843353e+01
6574.52049209 1.20320053e+01
6574.57679503 -5.06906509e+01
6574.63309796 1.11866760e+00
6574.68940089 1.11446152e+01
6574.74570382 -6.64973450e+00
6574.80200675 -2.48199844e+01
6574.85830969 9.89578247e-01
6574.91461262 1.63768921e+01
6574.97091555 -1.08918762e+01
6575.02721848 1.78607178e+01
6575.08352142 6.32804108e+00
6575.13982435 -4.43756790e+01
6575.19612728 -4.47432785e+01
6575.25243021 3.40316772e+00
6575.30873314 1.15934067e+01
6575.36503608 -3.39240952e+01
6575.42133901 -5.86120605e+00
6575.47764194 3.78036499e-01
6575.53394487 1.29527435e+01
6575.59024781 -1.64328766e+00
6575.64655074 -1.49305725e+00
6575.70285367 1.59124527e+01
6575.75915660 -1.28034286e+01
6575.81545954 3.15848236e+01
6575.87176247 -9.25757599e+00
6575.92806540 -5.53039169e+01
6575.98436833 -8.42260742e+00
6576.04067126 2.06489639e+01
6576.09697420 6.04531860e+00
6576.15327713 2.75025558e+01
6576.20958006 -1.29535370e+01
6576.26588299 -8.11972046e+00
6576.32218593 3.27252655e+01
6576.37848886 2.75356064e+01
6576.43479179 3.80713730e+01
6576.49109472 1.51373901e+01
6576.54739765 -6.48809433e+01
6576.60370059 2.74801636e+00
6576.66000352 -2.73401489e+01
6576.71630645 3.71112595e+01
6576.77260938 -8.65249634e-01
6576.82891232 -5.98887634e+00
6576.88521525 5.84991455e-01
6576.94151818 -5.71881943e+01
6576.99782111 -1.71758575e+01
6577.05412404 2.44102249e+01
6577.11042698 1.95106201e+01
6577.16672991 -2.61539993e+01
6577.22303284 2.56958008e-02
6577.27933577 2.28797150e+00
6577.33563871 1.88383331e+01
6577.39194164 -1.63168411e+01
6577.44824457 3.65540390e+01
6577.50454750 -3.70289917e+01
6577.56085044 -2.43080597e+01
6577.61715337 -1.02571869e+00
6577.67345630 1.76319351e+01
6577.72975923 1.04238205e+01
6577.78606216 2.46838379e+00
6577.84236510 -1.52935104e+01
6577.89866803 2.46417084e+01
6577.95497096 2.25121078e+01
6578.01127389 -5.45137634e+01
6578.06757683 1.77632370e+01
6578.12387976 4.05968246e+01
6578.18018269 -7.61100006e+00
6578.23648562 1.77518845e+01
6578.29278855 3.67633286e+01
6578.34909149 3.90983124e+01
6578.40539442 6.28053970e+01
6578.46169735 1.27876358e+01
6578.51800028 1.01954346e+01
6578.57430322 1.08343124e+01
6578.63060615 1.06974030e+01
6578.68690908 -1.68945999e+01
6578.74321201 -1.30478592e+01
6578.79951494 -6.88652039e+00
6578.85581788 1.70725403e+01
6578.91212081 1.23946304e+01
6578.96842374 -1.32526627e+01
6579.02472667 -6.08303223e+01
6579.08102961 -8.26100922e+00
6579.13733254 1.52938080e+01
6579.19363547 1.65744019e+00
6579.24993840 -9.29197693e+00
6579.30624134 1.28771896e+01
6579.36254427 6.38644409e+00
6579.41884720 1.72822418e+01
6579.47515013 -2.34778824e+01
6579.53145306 8.39317322e+00
6579.58775600 -3.87390137e+00
6579.64405893 2.78569946e+01
6579.70036186 3.58439636e+01
6579.75666479 1.13881760e+01
6579.81296773 -2.10725403e+00
6579.86927066 5.97157288e+00
6579.92557359 -2.57854462e+01
6579.98187652 -4.08828888e+01
6580.03817945 -1.35899811e+01
6580.09448239 2.96037292e+00
6580.15078532 -4.95035172e+01
6580.20708825 -1.34189606e+00
6580.26339118 -4.62844772e+01
6580.31969412 2.96944885e+01
6580.37599705 2.83362045e+01
6580.43229998 -4.30054474e+00
6580.48860291 -3.97608185e+00
6580.54490584 -1.92663345e+01
6580.60120878 2.44867020e+01
6580.65751171 1.25236359e+01
6580.71381464 1.20341492e+00
6580.77011757 -2.15063858e+01
6580.82642051 -7.90350342e+00
6580.88272344 -2.98824310e+00
6580.93902637 2.22332764e+01
6580.99532930 1.68118744e+01
6581.05163224 5.96443863e+01
6581.10793517 -3.40102386e+01
6581.16423810 4.70300293e+00
6581.22054103 -1.53129578e+00
6581.27684396 1.08733597e+01
6581.33314690 -6.34301758e+00
6581.38944983 2.11486359e+01
6581.44575276 -1.32375336e+01
6581.50205569 5.66696854e+01
6581.55835863 -8.17286682e+00
6581.61466156 -2.37260895e+01
6581.67096449 1.34746552e+01
6581.72726742 3.98936768e+01
6581.78357035 2.32706757e+01
6581.83987329 -2.02208633e+01
6581.89617622 -6.68996429e+00
6581.95247915 1.13023453e+01
6582.00878208 1.61874695e+01
6582.06508502 -3.03350525e+01
6582.12138795 6.17379761e+00
6582.17769088 -2.86774750e+01
6582.23399381 -5.73515320e+00
6582.29029674 4.16160889e+01
6582.34659968 5.88474350e+01
6582.40290261 2.55728302e+01
6582.45920554 -3.39142456e+01
6582.51550847 3.40018997e+01
6582.57181141 9.67871094e+00
6582.62811434 4.55337524e-01
6582.68441727 -9.41764832e+00
6582.74072020 5.26403580e+01
6582.79702313 1.12473602e+01
6582.85332607 8.39215088e+01
6582.90962900 2.00302582e+01
6582.96593193 3.81562042e+01
6583.02223486 5.81969376e+01
6583.07853780 6.49774246e+01
6583.13484073 1.21183472e+01
6583.19114366 5.59396591e+01
6583.24744659 9.10128174e+01
6583.30374953 5.58144836e+01
6583.36005246 1.10399208e+02
6583.41635539 6.90802307e+01
6583.47265832 1.24038368e+02
6583.52896125 4.83275146e+01
6583.58526419 1.11713081e+02
6583.64156712 1.04130791e+02
6583.69787005 1.41790604e+02
6583.75417298 7.06897430e+01
6583.81047592 5.78876419e+01
6583.86677885 4.60408401e+01
6583.92308178 3.38642883e+00
6583.97938471 7.20415955e+01
6584.03568764 7.65022583e+01
6584.09199058 3.06427917e+01
6584.14829351 2.86928177e+01
6584.20459644 2.65060730e+01
6584.26089937 1.66098175e+01
6584.31720231 2.78042679e+01
6584.37350524 4.77133255e+01
6584.42980817 2.93271332e+01
6584.48611110 -4.93147278e+00
6584.54241403 -1.17057800e+00
6584.59871697 4.10441895e+01
6584.65501990 -4.61120605e-01
6584.71132283 -2.57299652e+01
6584.76762576 -1.93084717e+00
6584.82392870 -6.60626984e+00
6584.88023163 1.10073090e+01
6584.93653456 -1.62383499e+01
6584.99283749 -3.78123779e+01
6585.04914043 3.06486969e+01
6585.10544336 5.15019989e+00
6585.16174629 3.40884399e+00
6585.21804922 -2.18856049e+00
6585.27435215 1.38076935e+01
6585.33065509 1.47791290e+01
6585.38695802 1.47805405e+01
6585.44326095 4.93879700e+01
6585.49956388 3.85144043e+00
6585.55586682 -2.23808594e+01
6585.61216975 -9.66404724e+00
6585.66847268 2.50482101e+01
6585.72477561 -6.28685760e+00
6585.78107854 1.00972595e+01
6585.83738148 1.18219376e+01
6585.89368441 1.60995331e+01
6585.94998734 3.39215927e+01
6586.00629027 9.46493530e+00
6586.06259321 6.77650452e+00
