# Rest-frame spectrum generated from: M106A0001o_1d.fits
# lambda_Ha_obs = 6570.33200000 Angstrom
# lambda_Ha_rest = 6562.80000000 Angstrom
# z_Ha = 1.1476808679e-03
# v_Ha_relativistic = 343.868630 km/s
# v_Ha_classical = 344.066068 km/s
# columns: wavelength_rest[Angstrom] flux_or_counts

6548.71414653 -1.50071716e+00
6548.76976795 -1.50012970e+00
6548.82538937 -1.50121307e+00
6548.88101078 -1.49916077e+00
6548.93663220 -1.50095367e+00
6548.99225361 -1.49973297e+00
6549.04787503 -1.49962616e+00
6549.10349645 -1.49961090e+00
6549.15911786 5.64950562e+00
6549.21473928 5.64962006e+00
6549.27036070 9.74843216e+00
6549.32598211 -1.49785614e+00
6549.38160353 1.19926453e-01
6549.43722495 2.48537483e+01
6549.49284636 6.67687225e+00
6549.54846778 -6.95889282e+00
6549.60408919 -3.60210724e+01
6549.65971061 -4.85374718e+01
6549.71533203 2.57565842e+01
6549.77095344 5.54776611e+01
6549.82657486 4.76195641e+01
6549.88219628 3.73546829e+01
6549.93781769 6.58526993e+00
6549.99343911 -2.08279495e+01
6550.04906052 6.31116486e+00
6550.10468194 -2.51178207e+01
6550.16030336 1.02820511e+01
6550.21592477 1.46789436e+01
6550.27154619 -1.10950699e+01
6550.32716761 1.38520050e+00
6550.38278902 -2.13826752e+00
6550.43841044 6.02108765e+00
6550.49403186 7.09648132e-01
6550.54965327 9.08028793e+00
6550.60527469 -1.88195267e+01
6550.66089610 2.02342987e-01
6550.71651752 5.11106453e+01
6550.77213894 -8.71673965e+00
6550.82776035 -9.13154602e+00
6550.88338177 1.20178604e+01
6550.93900319 2.37613678e+00
6550.99462460 2.51982956e+01
6551.05024602 2.41603432e+01
6551.10586743 3.16376152e+01
6551.16148885 1.38667984e+01
6551.21711027 -1.40825844e+01
6551.27273168 7.09706116e+00
6551.32835310 4.57134209e+01
6551.38397452 1.46532745e+01
6551.43959593 -1.32075462e+01
6551.49521735 4.73289108e+01
6551.55083877 -3.30337639e+01
6551.60646018 -7.66620064e+00
6551.66208160 -2.37082672e+00
6551.71770301 1.15328293e+01
6551.77332443 -4.03305779e+01
6551.82894585 1.09592056e+01
6551.88456726 1.60812378e+00
6551.94018868 2.21573982e+01
6551.99581010 1.92196655e+01
6552.05143151 6.15165710e-01
6552.10705293 2.93108978e+01
6552.16267434 3.50022926e+01
6552.21829576 -8.61050034e+00
6552.27391718 -1.08651428e+01
6552.32953859 1.97605247e+01
6552.38516001 2.51452255e+01
6552.44078143 2.54254265e+01
6552.49640284 -2.62566376e+01
6552.55202426 -2.20515442e+00
6552.60764568 3.30281143e+01
6552.66326709 1.06513824e+01
6552.71888851 -1.06687927e+00
6552.77450992 1.77714043e+01
6552.83013134 3.02484894e+00
6552.88575276 -4.80824776e+01
6552.94137417 -4.39149094e+00
6552.99699559 6.33073997e+01
6553.05261701 2.71207047e+01
6553.10823842 -1.56634064e+01
6553.16385984 7.96357727e+00
6553.21948125 1.34968567e+01
6553.27510267 2.45366211e+01
6553.33072409 1.02457733e+01
6553.38634550 3.34400444e+01
6553.44196692 2.21390724e+01
6553.49758834 1.54678421e+01
6553.55320975 9.98992920e-02
6553.60883117 2.95736427e+01
6553.66445259 1.76568947e+01
6553.72007400 7.23463440e+00
6553.77569542 -2.61136169e+01
6553.83131683 1.26139450e+01
6553.88693825 3.49579964e+01
6553.94255967 1.65110321e+01
6553.99818108 -4.94640350e-01
6554.05380250 3.07620201e+01
6554.10942392 1.41995926e+01
6554.16504533 2.08681602e+01
6554.22066675 1.27494850e+01
6554.27628816 -4.54955292e+00
6554.33190958 3.03717289e+01
6554.38753100 1.07855415e+01
6554.44315241 4.96101685e+01
6554.49877383 -4.15698624e+00
6554.55439525 -2.03267918e+01
6554.61001666 4.00841217e+01
6554.66563808 -3.05599747e+01
6554.72125950 -2.44278717e+00
6554.77688091 3.78932037e+01
6554.83250233 1.44310760e+01
6554.88812374 6.68869019e-01
6554.94374516 -1.23441772e+01
6554.99936658 3.00824890e+01
6555.05498799 -1.42112732e-01
6555.11060941 -2.60783615e+01
6555.16623083 8.98831177e+00
6555.22185224 4.65393219e+01
6555.27747366 3.20202980e+01
6555.33309507 1.92145538e+01
6555.38871649 -2.26171799e+01
6555.44433791 -1.15434036e+01
6555.49995932 -3.41365356e+01
6555.55558074 -3.36828995e+00
6555.61120216 6.70207825e+01
6555.66682357 -1.68079433e+01
6555.72244499 5.14598198e+01
6555.77806641 2.06950779e+01
6555.83368782 1.88494263e+01
6555.88930924 3.88404350e+01
6555.94493065 1.91284027e+01
6556.00055207 5.64585114e+00
6556.05617349 1.75609512e+01
6556.11179490 1.44619675e+01
6556.16741632 -2.01027107e+01
6556.22303774 1.44185028e+01
6556.27865915 1.07293625e+01
6556.33428057 2.70339699e+01
6556.38990198 -1.43967896e+01
6556.44552340 8.16968155e+00
6556.50114482 3.52412033e+01
6556.55676623 2.90356445e+01
6556.61238765 -3.23340225e+00
6556.66800907 4.42252769e+01
6556.72363048 2.38117867e+01
6556.77925190 6.34174995e+01
6556.83487332 1.70512314e+01
6556.89049473 6.14166260e-01
6556.94611615 3.50539131e+01
6557.00173756 5.68754578e+00
6557.05735898 1.07960739e+01
6557.11298040 4.03151436e+01
6557.16860181 2.36986656e+01
6557.22422323 1.66381569e+01
6557.27984465 2.20334930e+01
6557.33546606 1.98951263e+01
6557.39108748 -1.54053802e+01
6557.44670889 4.05040207e+01
6557.50233031 3.53436546e+01
6557.55795173 5.75589371e+01
6557.61357314 -8.97191620e+00
6557.66919456 4.28646088e-01
6557.72481598 2.16801147e+01
6557.78043739 2.35713959e+00
6557.83605881 1.60884895e+01
6557.89168023 2.11651535e+01
6557.94730164 -1.12101517e+01
6558.00292306 -2.12092628e+01
6558.05854447 2.86749344e+01
6558.11416589 4.71470261e+00
6558.16978731 1.94234848e+01
6558.22540872 -3.31500854e+01
6558.28103014 6.77409515e+01
6558.33665156 4.30619202e+01
6558.39227297 -1.49588318e+01
6558.44789439 2.97117348e+01
6558.50351580 2.14272957e+01
6558.55913722 1.11236725e+01
6558.61475864 8.63597107e+00
6558.67038005 5.37416420e+01
6558.72600147 -2.61853294e+01
6558.78162289 -2.17605667e+01
6558.83724430 2.62816620e+00
6558.89286572 4.33477783e+00
6558.94848714 4.74899673e+00
6559.00410855 2.28648949e+01
6559.05972997 6.03177261e+00
6559.11535138 3.70395660e-01
6559.17097280 -2.06623840e+01
6559.22659422 1.53213730e+01
6559.28221563 -1.05580139e+01
6559.33783705 -5.52754593e+00
6559.39345847 8.37715912e+00
6559.44907988 1.23644104e+01
6559.50470130 -1.40445061e+01
6559.56032271 4.79077072e+01
6559.61594413 2.19772186e+01
6559.67156555 5.08298454e+01
6559.72718696 8.23414612e+00
6559.78280838 -1.42757759e+01
6559.83842980 -4.69612503e+00
6559.89405121 -6.97177124e+00
6559.94967263 -5.36763763e+00
6560.00529405 4.10891342e+01
6560.06091546 -2.60565567e+00
6560.11653688 2.40694427e+01
6560.17215829 3.04259567e+01
6560.22777971 5.66791267e+01
6560.28340113 1.61273575e+01
6560.33902254 1.24318085e+01
6560.39464396 8.05916595e+01
6560.45026538 3.17225075e+01
6560.50588679 3.38198776e+01
6560.56150821 7.56335526e+01
6560.61712962 7.49023743e+01
6560.67275104 5.68222618e+01
6560.72837246 6.19742661e+01
6560.78399387 6.63586578e+01
6560.83961529 4.59433594e+01
6560.89523671 5.56569977e+01
6560.95085812 8.07928467e+01
6561.00647954 8.72467880e+01
6561.06210096 6.32987289e+01
6561.11772237 1.38745651e+02
6561.17334379 1.67191742e+02
6561.22896520 1.71770844e+02
6561.28458662 1.87403549e+02
6561.34020804 1.89637115e+02
6561.39582945 2.15109344e+02
6561.45145087 2.74507416e+02
6561.50707229 3.09141815e+02
6561.56269370 3.13773071e+02
6561.61831512 4.35174347e+02
6561.67393653 4.85770966e+02
6561.72955795 5.08563477e+02
6561.78517937 5.97559509e+02
6561.84080078 6.87227783e+02
6561.89642220 7.43788086e+02
6561.95204362 8.54505676e+02
6562.00766503 9.33301392e+02
6562.06328645 1.02217279e+03
6562.11890787 1.18532251e+03
6562.17452928 1.26345410e+03
6562.23015070 1.49205273e+03
6562.28577211 1.61469434e+03
6562.34139353 1.67539294e+03
6562.39701495 1.87646448e+03
6562.45263636 1.99337891e+03
6562.50825778 2.16737524e+03
6562.56387920 2.33839966e+03
6562.61950061 2.43594897e+03
6562.67512203 2.66004858e+03
6562.73074344 2.70958496e+03
6562.78636486 2.89922437e+03
6562.84198628 2.98857715e+03
6562.89760769 2.90823242e+03
6562.95322911 2.98022461e+03
6563.00885053 2.80801880e+03
6563.06447194 2.62795288e+03
6563.12009336 2.47496899e+03
6563.17571478 2.32121362e+03
6563.23133619 2.00458960e+03
6563.28695761 1.66197607e+03
6563.34257902 1.51885095e+03
6563.39820044 1.28443665e+03
6563.45382186 1.06519604e+03
6563.50944327 8.56603699e+02
6563.56506469 7.24392944e+02
6563.62068611 6.13767273e+02
6563.67630752 4.91929443e+02
6563.73192894 3.77542175e+02
6563.78755035 3.92486481e+02
6563.84317177 2.78722412e+02
6563.89879319 2.05183350e+02
6563.95441460 1.49429581e+02
6564.01003602 1.47551086e+02
6564.06565744 1.07105774e+02
6564.12127885 1.14699661e+02
6564.17690027 1.16411125e+02
6564.23252169 6.96065826e+01
6564.28814310 5.28829803e+01
6564.34376452 4.38053436e+01
6564.39938593 7.83776627e+01
6564.45500735 6.88832169e+01
6564.51062877 7.81546783e+00
6564.56625018 2.45730743e+01
6564.62187160 1.20542831e+01
6564.67749302 5.69740753e+01
6564.73311443 5.47833405e+01
6564.78873585 6.02951088e+01
6564.84435726 3.71155815e+01
6564.89997868 6.21069603e+01
6564.95560010 6.04228668e+01
6565.01122151 -2.92150116e+00
6565.06684293 3.40596733e+01
6565.12246435 5.74753532e+01
6565.17808576 -1.26741028e+00
6565.23370718 -1.57339020e+01
6565.28932860 2.20303383e+01
6565.34495001 1.61069183e+01
6565.40057143 2.53075638e+01
6565.45619284 2.42034225e+01
6565.51181426 -5.30021667e+00
6565.56743568 3.43604965e+01
6565.62305709 1.07099838e+01
6565.67867851 9.76018524e+00
6565.73429993 -8.02423859e+00
6565.78992134 3.83852234e+01
6565.84554276 5.85436020e+01
6565.90116417 9.69050598e+00
6565.95678559 1.21445351e+01
6566.01240701 2.57466812e+01
6566.06802842 3.41514587e+00
6566.12364984 1.94592056e+01
6566.17927126 1.29586639e+01
6566.23489267 -1.25889511e+01
6566.29051409 1.47994461e+01
6566.34613551 -4.92141037e+01
6566.40175692 -1.70629044e+01
6566.45737834 3.57274170e+01
6566.51299975 3.29484558e+00
6566.56862117 -2.45259857e+00
6566.62424259 1.66420441e+01
6566.67986400 -1.32584152e+01
6566.73548542 3.40232315e+01
6566.79110684 -1.13248367e+01
6566.84672825 9.48388290e+00
6566.90234967 1.94463348e+00
6566.95797108 1.13600769e+01
6567.01359250 1.12760315e+01
6567.06921392 -2.18711815e+01
6567.12483533 -1.52893143e+01
6567.18045675 3.43801727e+01
6567.23607817 7.44660187e+00
6567.29169958 2.95635147e+01
6567.34732100 3.80486794e+01
6567.40294242 -8.92784882e+00
6567.45856383 -4.99137878e-01
6567.51418525 3.89550743e+01
6567.56980666 -1.16394768e+01
6567.62542808 -9.17154694e+00
6567.68104950 1.55265656e+01
6567.73667091 6.73047638e+00
6567.79229233 3.58563271e+01
6567.84791375 -1.40470810e+01
6567.90353516 2.26214752e+01
6567.95915658 3.89687271e+01
6568.01477799 2.88052902e+01
6568.07039941 4.17747574e+01
6568.12602083 -2.66518021e+01
6568.18164224 -4.64323044e+00
6568.23726366 6.37309265e+00
6568.29288508 3.63396454e+00
6568.34850649 -3.46631241e+00
6568.40412791 1.20766830e+01
6568.45974933 -1.48226891e+01
6568.51537074 2.65943146e+00
6568.57099216 2.20108795e+01
6568.62661357 4.03771706e+01
6568.68223499 1.37898598e+01
6568.73785641 1.71297760e+01
6568.79347782 -1.12735863e+01
6568.84909924 -1.70232620e+01
6568.90472066 -1.33945465e+00
6568.96034207 9.19219208e+00
6569.01596349 -9.72692871e+00
6569.07158490 -2.29622116e+01
6569.12720632 3.39204712e+01
6569.18282774 1.96430054e+01
6569.23844915 -3.58724594e+00
6569.29407057 -1.91583366e+01
6569.34969199 1.45564423e+01
6569.40531340 3.26843719e+01
6569.46093482 -2.39426193e+01
6569.51655624 -2.17150192e+01
6569.57217765 4.06375885e+00
6569.62779907 -2.37541275e+01
6569.68342048 2.81204910e+01
6569.73904190 -3.68797150e+01
6569.79466332 -2.45126266e+01
6569.85028473 3.67170334e+01
6569.90590615 1.14455185e+01
6569.96152757 4.87203217e+00
6570.01714898 -9.93827057e+00
6570.07277040 2.71348953e+01
6570.12839181 5.97931824e+01
6570.18401323 4.06594582e+01
6570.23963465 7.48997498e+00
6570.29525606 9.48458862e+00
6570.35087748 -9.77309799e+00
6570.40649890 -1.18418999e+01
6570.46212031 -2.05376511e+01
6570.51774173 -3.08675461e+01
6570.57336315 2.91157074e+01
6570.62898456 4.10844574e+01
6570.68460598 -1.36814499e+00
6570.74022739 -1.37844009e+01
6570.79584881 -2.02014656e+01
6570.85147023 4.30328979e+01
6570.90709164 2.18640175e+01
6570.96271306 4.06267815e+01
6571.01833448 1.85709991e+01
6571.07395589 -7.83609390e+00
6571.12957731 4.06926804e+01
6571.18519872 8.67090607e+00
6571.24082014 -2.19330788e+01
6571.29644156 2.25098915e+01
6571.35206297 -5.37640762e+00
6571.40768439 -1.60421333e+01
6571.46330581 2.37868614e+01
6571.51892722 1.38219337e+01
6571.57454864 2.00189095e+01
6571.63017006 -5.47552109e+00
6571.68579147 -8.35084152e+00
6571.74141289 2.14633942e+00
6571.79703430 -2.25985985e+01
6571.85265572 -1.27678833e+01
6571.90827714 2.89130783e+01
6571.96389855 4.64786911e+00
6572.01951997 2.86966019e+01
6572.07514139 -6.51428223e-01
6572.13076280 1.38842049e+01
6572.18638422 -3.23253403e+01
6572.24200563 6.38556671e+00
6572.29762705 4.42693062e+01
6572.35324847 -2.13117599e+00
6572.40886988 -3.69001236e+01
6572.46449130 -3.22072716e+01
6572.52011272 -2.37500763e+00
6572.57573413 3.22810516e+01
6572.63135555 6.39373360e+01
6572.68697697 3.29655991e+01
6572.74259838 -2.69342957e+01
6572.79821980 8.36847687e+00
6572.85384121 -4.56142349e+01
6572.90946263 -1.43198586e+01
6572.96508405 5.72910309e+00
6573.02070546 9.43087006e+00
6573.07632688 -8.78067017e-01
6573.13194830 -2.55418968e+01
6573.18756971 4.05200157e+01
6573.24319113 2.41972351e+00
6573.29881254 -3.50433350e+00
6573.35443396 -2.24279442e+01
6573.41005538 -3.53886452e+01
6573.46567679 1.80555534e+01
6573.52129821 -1.98697701e+01
6573.57691963 -6.94942856e+00
6573.63254104 4.13489952e+01
6573.68816246 1.90476913e+01
6573.74378388 -4.85269928e+00
6573.79940529 9.85241699e+00
6573.85502671 4.71651917e+01
6573.91064812 6.09338760e+00
6573.96626954 1.43793869e+01
6574.02189096 2.20642853e+01
6574.07751237 1.52427597e+01
6574.13313379 1.73327980e+01
6574.18875521 5.30184212e+01
6574.24437662 3.96865768e+01
6574.29999804 -1.05858002e+01
6574.35561945 6.53586578e+00
6574.41124087 1.18520508e+01
6574.46686229 8.60036850e+00
6574.52248370 -4.04545593e+00
6574.57810512 1.36985550e+01
6574.63372654 2.37886047e+00
6574.68934795 -3.47277603e+01
6574.74496937 3.87035789e+01
6574.80059079 -5.85742950e+00
6574.85621220 -3.16125431e+01
6574.91183362 2.43906097e+01
6574.96745503 3.60353432e+01
6575.02307645 -1.36666641e+01
6575.07869787 1.31563950e+01
6575.13431928 6.96591949e+00
6575.18994070 -1.31287842e+01
6575.24556212 -1.86262207e+01
6575.30118353 -8.63677979e-01
6575.35680495 -2.92290497e+00
6575.41242636 1.79393768e+01
6575.46804778 -8.32410431e+00
6575.52366920 -9.84202194e+00
6575.57929061 8.22105408e+00
6575.63491203 -2.78379555e+01
6575.69053345 4.79259605e+01
6575.74615486 1.70638161e+01
6575.80177628 3.43997536e+01
6575.85739770 1.65154953e+01
6575.91301911 3.56035805e+01
6575.96864053 1.80852318e+01
6576.02426194 7.80810165e+00
6576.07988336 -1.26640320e+00
6576.13550478 -1.59328194e+01
6576.19112619 1.37271919e+01
6576.24674761 2.97243195e+01
6576.30236903 1.26130714e+01
6576.35799044 -2.19867592e+01
6576.41361186 7.65882874e+00
6576.46923327 -4.79679298e+01
6576.52485469 3.96644173e+01
6576.58047611 1.94276733e+01
6576.63609752 1.36032486e+01
6576.69171894 -7.63275146e+00
6576.74734036 2.97319412e+00
6576.80296177 1.14975510e+01
6576.85858319 4.54036369e+01
6576.91420461 1.71946793e+01
6576.96982602 2.86417770e+00
6577.02544744 -1.49279785e+00
6577.08106885 2.10477715e+01
6577.13669027 7.81362152e+00
6577.19231169 3.42329903e+01
6577.24793310 -4.39495468e+01
6577.30355452 6.32947159e+00
6577.35917594 2.74554443e+01
6577.41479735 3.18382263e+00
6577.47041877 -1.17813644e+01
6577.52604018 4.32785339e+01
6577.58166160 3.59485168e+01
6577.63728302 4.41761017e+00
6577.69290443 -3.27405853e+01
6577.74852585 -4.60615654e+01
6577.80414727 -1.07847252e+01
6577.85976868 1.39102478e+01
6577.91539010 1.53884811e+01
6577.97101152 -1.62036514e+00
6578.02663293 1.25506706e+01
6578.08225435 1.19888687e+01
6578.13787576 2.05005493e+01
6578.19349718 -9.45570755e+00
6578.24911860 -2.88595581e+00
6578.30474001 6.73735046e+00
6578.36036143 -1.22387390e+01
6578.41598285 -2.00574570e+01
6578.47160426 2.26864319e+01
6578.52722568 -2.11439514e+01
6578.58284709 -1.70391846e+00
6578.63846851 9.98435974e-01
6578.69408993 -8.54995728e-01
6578.74971134 4.53843842e+01
6578.80533276 6.18986511e+00
6578.86095418 2.05269241e+00
6578.91657559 1.89900513e+01
6578.97219701 3.71120682e+01
6579.02781843 2.23313026e+01
6579.08343984 2.45157356e+01
6579.13906126 1.67924881e+00
6579.19468267 2.12833633e+01
6579.25030409 1.80759506e+01
6579.30592551 -1.93119049e+01
6579.36154692 1.01596832e-01
6579.41716834 1.54407310e+01
6579.47278976 -8.25881958e-01
6579.52841117 2.58935623e+01
6579.58403259 -3.16251411e+01
6579.63965400 1.48112793e+01
6579.69527542 5.42842407e+01
6579.75089684 3.75956421e+01
6579.80651825 2.28826752e+01
6579.86213967 5.07980347e-01
6579.91776109 1.95734291e+01
6579.97338250 7.00848694e+01
6580.02900392 3.96912422e+01
6580.08462534 1.85269012e+01
6580.14024675 5.27907562e+01
6580.19586817 1.34743652e+01
6580.25148958 3.22502556e+01
6580.30711100 1.34216080e+01
6580.36273242 5.59064865e+00
6580.41835383 4.98852539e+00
6580.47397525 6.04734306e+01
6580.52959667 1.84675560e+01
6580.58521808 -4.90827942e+01
6580.64083950 1.56136742e+01
6580.69646091 -4.53684998e+00
6580.75208233 4.11755104e+01
6580.80770375 -4.44823456e+00
6580.86332516 2.84280090e+01
6580.91894658 2.24030685e+01
6580.97456800 1.31057510e+01
6581.03018941 4.45869751e+01
6581.08581083 -7.34364319e+00
6581.14143225 1.10378380e+01
6581.19705366 1.62590332e+01
6581.25267508 2.77688751e+01
6581.30829649 3.05896950e+01
6581.36391791 6.17537308e+00
6581.41953933 1.44051285e+01
6581.47516074 9.25339890e+00
6581.53078216 2.00654373e+01
6581.58640358 2.74864960e+01
6581.64202499 -4.52930450e+00
6581.69764641 1.76146278e+01
6581.75326782 1.24883041e+01
6581.80888924 3.12152100e+01
6581.86451066 3.32729797e+01
6581.92013207 3.07249298e+01
6581.97575349 2.79797363e+01
6582.03137491 5.39309616e+01
6582.08699632 4.17647705e+01
6582.14261774 5.32689476e+01
6582.19823916 1.00310638e+02
6582.25386057 8.77493057e+01
6582.30948199 4.37633400e+01
6582.36510340 6.67254486e+01
6582.42072482 6.55026245e+01
6582.47634624 8.64194565e+01
6582.53196765 1.28487350e+02
6582.58758907 1.14169594e+02
6582.64321049 8.76646881e+01
6582.69883190 1.65491425e+02
6582.75445332 1.47947495e+02
6582.81007473 1.58094574e+02
6582.86569615 2.14227570e+02
6582.92131757 2.61416077e+02
6582.97693898 2.76990784e+02
6583.03256040 2.98435608e+02
6583.08818182 2.98965881e+02
6583.14380323 3.66798157e+02
6583.19942465 3.77063232e+02
6583.25504607 3.72221710e+02
6583.31066748 4.05602875e+02
6583.36628890 4.54982452e+02
6583.42191031 4.64506866e+02
6583.47753173 5.80291260e+02
6583.53315315 5.65328552e+02
6583.58877456 6.15855957e+02
6583.64439598 5.35575684e+02
6583.70001740 5.40190125e+02
6583.75563881 5.18355713e+02
6583.81126023 4.07979889e+02
6583.86688164 3.65745728e+02
6583.92250306 3.43561096e+02
6583.97812448 2.01643875e+02
6584.03374589 1.91404053e+02
6584.08936731 1.48297699e+02
6584.14498873 1.05588669e+02
6584.20061014 6.50299911e+01
6584.25623156 6.51309280e+01
6584.31185298 9.60323257e+01
6584.36747439 5.17751503e+01
6584.42309581 7.59904938e+01
6584.47871722 6.24126968e+01
6584.53433864 5.57357101e+01
6584.58996006 1.34427986e+01
6584.64558147 1.89139557e+01
6584.70120289 4.46003952e+01
6584.75682431 8.40509033e+00
6584.81244572 4.17851334e+01
6584.86806714 2.11210251e+01
6584.92368855 -1.23609390e+01
6584.97930997 2.50608101e+01
6585.03493139 -4.53018951e+00
6585.09055280 1.58651428e+01
6585.14617422 4.94709358e+01
6585.20179564 -3.30229874e+01
6585.25741705 -1.75708618e+01
6585.31303847 3.19318123e+01
6585.36865989 2.05391235e+01
6585.42428130 2.61450958e+01
6585.47990272 5.06731262e+01
6585.53552413 -1.48282852e+01
6585.59114555 2.22140579e+01
6585.64676697 7.93961334e+00
6585.70238838 3.50030937e+01
6585.75800980 1.31305656e+01
6585.81363122 1.78162155e+01
6585.86925263 1.31210518e+01
6585.92487405 -1.01816559e+00
6585.98049546 1.24665947e+01
6586.03611688 4.34416389e+01
6586.09173830 -1.42145615e+01
6586.14735971 -9.90180969e-01
6586.20298113 -2.56971855e+01
6586.25860255 1.64697647e+01
6586.31422396 3.53215675e+01
6586.36984538 -1.76321030e+00
6586.42546680 1.52312469e+00
6586.48108821 3.00587692e+01
6586.53670963 3.36590309e+01
6586.59233104 -1.69315338e+00
6586.64795246 5.95409393e+00
6586.70357388 -2.24661636e+01
6586.75919529 1.13063889e+01
6586.81481671 5.16438141e+01
6586.87043813 8.63477325e+00
6586.92605954 1.65929108e+01
6586.98168096 3.07657623e+00
6587.03730237 -2.07089806e+01
6587.09292379 -3.69821930e+00
6587.14854521 4.47190857e+00
6587.20416662 -1.39144440e+01
6587.25978804 2.59091644e+01
6587.31540946 1.36134911e+01
6587.37103087 -1.27732201e+01
6587.42665229 -1.65116768e+01
6587.48227371 -6.89685822e+00
6587.53789512 -4.94429855e+01
6587.59351654 -2.64167786e+00
6587.64913795 -1.78599358e+01
6587.70475937 -5.88680267e-01
6587.76038079 2.23139038e+01
6587.81600220 -2.53644562e+00
6587.87162362 -1.59569855e+01
6587.92724504 1.47965012e+01
6587.98286645 2.62672768e+01
6588.03848787 5.33649063e+00
6588.09410928 -1.33019943e+01
6588.14973070 1.59479523e+00
6588.20535212 8.69606781e+00
6588.26097353 2.63036499e+01
6588.31659495 -1.51477737e+01
6588.37221637 -2.01691093e+01
6588.42783778 3.80958176e+00
6588.48345920 2.73229294e+01
6588.53908062 -3.76607971e+01
6588.59470203 -1.62343254e+01
6588.65032345 -5.40109253e+00
6588.70594486 1.01617966e+01
6588.76156628 6.62544556e+01
6588.81718770 2.80863190e+00
6588.87280911 1.92512741e+01
6588.92843053 -2.98981018e+01
6588.98405195 1.76131897e+01
6589.03967336 6.60816040e+01
6589.09529478 3.33321075e+01
6589.15091619 1.30386314e+01
6589.20653761 2.33355217e+01
6589.26215903 5.14331055e+00
6589.31778044 5.35961876e+01
6589.37340186 6.80288391e+01
6589.42902328 3.04119949e+01
6589.48464469 -2.34081573e+01
6589.54026611 2.92168808e+00
6589.59588753 1.02589417e+01
6589.65150894 -1.83887939e+01
6589.70713036 4.88800278e+01
6589.76275177 5.65092468e+00
6589.81837319 2.52156830e+00
6589.87399461 -5.21295166e+00
6589.92961602 -2.80948639e-01
6589.98523744 7.37794113e+00
6590.04085886 5.27483368e+00
6590.09648027 3.55703735e+00
6590.15210169 3.31620979e+01
6590.20772310 1.19798088e+01
6590.26334452 -1.40788307e+01
6590.31896594 -6.98685074e+00
6590.37458735 2.52971382e+01
6590.43020877 2.77640343e+01
6590.48583019 1.57121468e+01
6590.54145160 -1.57781754e+01
6590.59707302 1.32094765e+01
6590.65269444 -3.28279648e+01
6590.70831585 1.59697723e+00
6590.76393727 3.66519356e+01
6590.81955868 -1.19239388e+01
6590.87518010 -3.07173729e+01
6590.93080152 1.19010162e+00
6590.98642293 -2.42680244e+01
6591.04204435 4.30243683e+00
6591.09766577 1.97343521e+01
6591.15328718 3.82244835e+01
6591.20890860 4.74302597e+01
6591.26453001 1.36408539e+01
6591.32015143 1.87237778e+01
6591.37577285 4.11900139e+01
6591.43139426 -4.63854599e+01
6591.48701568 -1.54637451e+01
6591.54263710 -2.61365509e+01
6591.59825851 7.87754059e-01
6591.65387993 -7.03526306e+00
6591.70950135 6.49893951e+00
6591.76512276 1.88480415e+01
6591.82074418 3.48565598e+01
6591.87636559 2.80004196e+01
6591.93198701 1.88875580e+01
6591.98760843 7.01422119e+00
6592.04322984 7.90083313e+01
6592.09885126 -1.27976837e+01
6592.15447268 2.39518814e+01
6592.21009409 -1.76130104e+01
6592.26571551 -2.19662514e+01
6592.32133692 1.64998283e+01
6592.37695834 4.28446999e+01
6592.43257976 1.41749954e+00
6592.48820117 -4.77194214e+00
6592.54382259 -3.10233803e+01
6592.59944401 -1.20030212e+00
6592.65506542 2.40866547e+01
6592.71068684 1.80677299e+01
6592.76630826 -4.08816681e+01
6592.82192967 2.44060516e+01
6592.87755109 5.35917664e+00
6592.93317250 -1.90897141e+01
6592.98879392 -2.78454895e+01
6593.04441534 -8.17997742e+00
6593.10003675 -2.47448807e+01
6593.15565817 -3.32920074e-01
6593.21127959 -2.35159569e+01
6593.26690100 -3.33980560e+00
6593.32252242 -1.21319046e+01
6593.37814383 4.15076294e+01
6593.43376525 -2.50833893e+00
6593.48938667 -2.35415192e+01
6593.54500808 -2.28414040e+01
6593.60062950 2.52623825e+01
6593.65625092 5.72870636e+00
6593.71187233 -5.65905380e+00
6593.76749375 1.09163666e+01
6593.82311517 -9.99297333e+00
6593.87873658 -8.42051697e+00
6593.93435800 4.92446518e+01
6593.98997941 1.98021698e+00
6594.04560083 3.46362305e+00
6594.10122225 6.50077820e-01
6594.15684366 1.51417542e+00
6594.21246508 -2.62329102e+01
6594.26808650 -1.27433090e+01
6594.32370791 2.77391510e+01
6594.37932933 1.21477509e+00
6594.43495074 -1.78881607e+01
6594.49057216 3.80372543e+01
6594.54619358 4.60459290e+01
6594.60181499 1.07587357e+01
6594.65743641 7.12363052e+00
6594.71305783 -2.66716118e+01
6594.76867924 -3.66512260e+01
6594.82430066 8.69721985e+00
6594.87992208 3.16749573e-01
6594.93554349 -1.05163841e+01
6594.99116491 3.21608810e+01
6595.04678632 -3.10589600e+01
6595.10240774 3.68783913e+01
6595.15802916 4.04491920e+01
6595.21365057 2.13936348e+01
6595.26927199 6.84095001e+00
6595.32489341 -4.81758118e-01
6595.38051482 1.35706482e+01
6595.43613624 7.53929138e+00
6595.49175765 -6.65513611e+00
6595.54737907 6.81461334e-01
6595.60300049 3.50714111e+01
6595.65862190 1.77031784e+01
6595.71424332 -3.06459808e+01
6595.76986474 -6.06729126e+00
6595.82548615 -2.48834915e+01
6595.88110757 -8.99975586e+00
6595.93672899 -2.49310036e+01
6595.99235040 -2.51994934e+01
6596.04797182 -3.36648026e+01
6596.10359323 5.35057487e+01
6596.15921465 -2.17038040e+01
6596.21483607 3.99904633e+00
6596.27045748 -1.33016586e+00
6596.32607890 7.62348938e+00
6596.38170032 -8.34408951e+00
6596.43732173 -3.78131866e+00
6596.49294315 7.27101288e+01
6596.54856456 2.32455215e+01
6596.60418598 3.94225540e+01
6596.65980740 -3.59158401e+01
6596.71542881 1.07087250e+01
6596.77105023 -3.88212700e+01
6596.82667165 2.69129257e+01
6596.88229306 1.28133888e+01
6596.93791448 1.86769791e+01
6596.99353590 2.49130974e+01
6597.04915731 -3.24033356e+00
6597.10477873 1.21350632e+01
6597.16040014 -8.76136017e+00
6597.21602156 -1.45736847e+01
6597.27164298 6.85446930e+00
6597.32726439 1.21357689e+01
6597.38288581 1.22519531e+01
6597.43850723 -2.78482819e+00
6597.49412864 2.04830551e+01
6597.54975006 2.40286293e+01
6597.60537147 -1.99863815e+01
6597.66099289 4.10244522e+01
6597.71661431 -1.74912796e+01
6597.77223572 -2.98364105e+01
6597.82785714 2.62347221e+01
6597.88347856 3.29140091e+01
6597.93909997 -4.97260513e+01
6597.99472139 1.97549400e+01
6598.05034281 -2.39973373e+01
6598.10596422 5.84651184e+00
6598.16158564 1.50532074e+01
6598.21720705 -1.42072220e+01
6598.27282847 5.09635925e+00
6598.32844989 4.08290787e+01
6598.38407130 -8.44819641e+00
6598.43969272 -2.79743958e+00
6598.49531414 2.18107452e+01
6598.55093555 -3.55952454e+00
6598.60655697 2.73640671e+01
6598.66217838 9.35625839e+00
6598.71779980 5.52070618e-01
6598.77342122 2.30919380e+01
6598.82904263 -5.48170929e+01
6598.88466405 -3.05507240e+01
6598.94028547 -5.34636688e+00
6598.99590688 -1.97982788e+01
6599.05152830 2.06035767e+01
6599.10714972 2.83086014e+01
6599.16277113 7.05330734e+01
6599.21839255 6.90457153e+00
6599.27401396 6.22286987e+00
6599.32963538 2.51707077e+01
6599.38525680 3.32328033e+00
6599.44087821 -9.85530472e+00
6599.49649963 -8.59815979e+00
6599.55212105 3.65293427e+01
6599.60774246 -1.87454224e+01
6599.66336388 -3.66602859e+01
6599.71898529 -5.35684967e+00
6599.77460671 -7.07874298e+00
6599.83022813 2.55405731e+01
6599.88584954 -8.95499039e+00
6599.94147096 2.58036003e+01
6599.99709238 1.49669266e+00
6600.05271379 2.61546173e+01
6600.10833521 1.87003174e+01
6600.16395663 2.21687813e+01
6600.21957804 2.10110168e+01
6600.27519946 -1.84576492e+01
6600.33082087 -9.43756104e-02
6600.38644229 7.51630402e+00
6600.44206371 4.26722527e+01
6600.49768512 -1.62160683e+01
6600.55330654 -1.54841461e+01
6600.60892796 2.20396957e+01
6600.66454937 -1.30001221e+01
6600.72017079 -3.32371407e+01
6600.77579220 3.82576752e+00
6600.83141362 3.86798630e+01
6600.88703504 4.18274612e+01
6600.94265645 -1.39110107e+01
6600.99827787 6.26274109e-01
6601.05389929 1.58460617e+01
6601.10952070 3.07902946e+01
6601.16514212 -1.10289917e+01
6601.22076354 -2.42710533e+01
6601.27638495 -2.10408134e+01
6601.33200637 4.29228210e+00
6601.38762778 -1.11435547e+01
6601.44324920 -1.14802971e+01
6601.49887062 2.67301826e+01
6601.55449203 -5.62904358e+00
6601.61011345 1.17651825e+01
6601.66573487 -4.23423996e+01
6601.72135628 6.24754333e+00
6601.77697770 -1.07391891e+01
6601.83259911 -1.02742214e+01
6601.88822053 6.72874832e+00
6601.94384195 -4.34999352e+01
6601.99946336 1.14105225e+00
6602.05508478 8.90403748e-01
6602.11070620 -2.56044006e+00
6602.16632761 -1.36431503e+00
6602.22194903 -2.81781960e+01
6602.27757045 -1.78500443e+01
6602.33319186 3.19230270e+00
6602.38881328 -1.71276398e+01
6602.44443469 6.56032562e+00
6602.50005611 2.81618118e+00
6602.55567753 -5.23290977e+01
6602.61129894 1.01321182e+01
6602.66692036 2.85309906e+01
6602.72254178 -7.20809937e+00
6602.77816319 1.41758652e+01
6602.83378461 -4.00457764e+00
6602.88940602 5.52511597e+00
6602.94502744 1.52829056e+01
6603.00064886 -1.38676071e+00
6603.05627027 3.05820961e+01
6603.11189169 -1.44836807e+01
6603.16751311 9.38340759e+00
6603.22313452 -1.31351089e+01
6603.27875594 -7.24022293e+00
6603.33437736 1.02195663e+01
6603.38999877 -1.77338333e+01
6603.44562019 -1.13629074e+01
6603.50124160 2.88437424e+01
6603.55686302 1.34365158e+01
6603.61248444 -5.90545502e+01
6603.66810585 1.86138916e+00
6603.72372727 -6.33736420e+00
6603.77934869 2.75791168e-01
6603.83497010 7.90679550e+00
6603.89059152 8.13495636e+00
6603.94621293 3.42642212e+00
6604.00183435 -8.58733368e+00
6604.05745577 1.91093597e+01
6604.11307718 1.40135384e+01
6604.16869860 1.27088928e+00
6604.22432002 -1.94910049e+00
6604.27994143 2.37233315e+01
6604.33556285 2.30349884e+01
6604.39118427 3.23291206e+01
6604.44680568 2.50242844e+01
6604.50242710 -2.69531212e+01
6604.55804851 5.79808655e+01
6604.61366993 -2.84227219e+01
6604.66929135 -1.94822521e+01
6604.72491276 -2.56248474e-01
6604.78053418 1.31961670e+01
6604.83615560 3.81649017e+00
6604.89177701 1.86483269e+01
6604.94739843 -2.19792442e+01
6605.00301984 1.18491745e+00
6605.05864126 3.36810799e+01
6605.11426268 -4.66728821e+01
