# Rest-frame spectrum generated from: N5204A0003o_1d.fits
# lambda_Ha_obs = 6566.16400000 Angstrom
# lambda_Ha_rest = 6562.80000000 Angstrom
# z_Ha = 5.1258609130e-04
# v_Ha_relativistic = 153.630060 km/s
# v_Ha_classical = 153.669444 km/s
# columns: wavelength_rest[Angstrom] flux_or_counts

6552.91352861 1.92131767e+01
6552.96917811 1.92132759e+01
6553.02482761 1.92144661e+01
6553.08047712 1.92146149e+01
6553.13612662 1.92115898e+01
6553.19177612 1.92134533e+01
6553.24742563 1.92133789e+01
6553.30307513 1.92144318e+01
6553.35872463 1.92136078e+01
6553.41437414 1.92133331e+01
6553.47002364 1.92129917e+01
6553.52567314 1.92146416e+01
6553.58132265 1.92142429e+01
6553.63697215 1.92629948e+01
6553.69262165 2.20916462e+01
6553.74827116 2.79412403e+01
6553.80392066 1.33446388e+01
6553.85957016 1.90883026e+01
6553.91521967 -1.32445374e+01
6553.97086917 1.98931885e+01
6554.02651867 -8.65727997e+00
6554.08216818 -7.12642670e-01
6554.13781768 6.42373276e+00
6554.19346718 4.25240898e+01
6554.24911669 2.85893402e+01
6554.30476619 -1.10595322e+01
6554.36041569 -2.22834644e+01
6554.41606520 1.63262367e+01
6554.47171470 1.50437889e+01
6554.52736421 1.09756393e+01
6554.58301371 -1.59373837e+01
6554.63866321 -4.36643410e+00
6554.69431272 -1.27409573e+01
6554.74996222 6.50918198e+00
6554.80561172 -4.97719345e+01
6554.86126123 1.79578056e+01
6554.91691073 3.36438751e+01
6554.97256023 4.36286926e-01
6555.02820974 -5.36804628e+00
6555.08385924 8.01884270e+00
6555.13950874 -1.62956085e+01
6555.19515825 -5.43399124e+01
6555.25080775 6.64419174e+00
6555.30645725 1.51323662e+01
6555.36210676 -2.88339405e+01
6555.41775626 2.60881844e+01
6555.47340576 1.59219513e+01
6555.52905527 -8.17741394e-01
6555.58470477 3.31220245e+00
6555.64035427 -5.46083069e+00
6555.69600378 1.68772621e+01
6555.75165328 -1.14931583e+01
6555.80730278 1.01711349e+01
6555.86295229 3.29011612e+01
6555.91860179 -1.79049072e+01
6555.97425130 1.17553253e+01
6556.02990080 8.33943176e+00
6556.08555030 6.63959885e+00
6556.14119981 1.05498428e+01
6556.19684931 1.82821808e+01
6556.25249881 -6.93653679e+00
6556.30814832 -2.20506935e+01
6556.36379782 -8.30703735e-01
6556.41944732 -6.59825134e+00
6556.47509683 -1.04387531e+01
6556.53074633 -4.14458466e+00
6556.58639583 2.47078705e+00
6556.64204534 1.52408676e+01
6556.69769484 1.21177063e+01
6556.75334434 -3.22723999e+01
6556.80899385 -2.16495247e+01
6556.86464335 -1.07115059e+01
6556.92029285 2.27575531e+01
6556.97594236 -1.06541595e+01
6557.03159186 -1.71669807e+01
6557.08724136 3.24331131e+01
6557.14289087 1.06756210e+00
6557.19854037 1.23780212e+01
6557.25418987 3.13297272e-01
6557.30983938 -1.77904015e+01
6557.36548888 -3.55713272e+00
6557.42113838 2.51765633e+01
6557.47678789 3.70957031e+01
6557.53243739 -2.01156235e+00
6557.58808690 -2.01664867e+01
6557.64373640 -2.09081364e+01
6557.69938590 -5.10878639e+01
6557.75503541 7.40426254e+00
6557.81068491 -2.47134609e+01
6557.86633441 -1.26787281e+01
6557.92198392 -7.52699089e+00
6557.97763342 -9.49002457e+00
6558.03328292 -7.20429802e+00
6558.08893243 -2.06370602e+01
6558.14458193 -3.57522392e+01
6558.20023143 1.41796150e+01
6558.25588094 8.73473549e+00
6558.31153044 2.82498779e+01
6558.36717994 4.06170807e+01
6558.42282945 2.46776581e-01
6558.47847895 -4.02752914e+01
6558.53412845 7.65185165e+00
6558.58977796 -2.52138519e+00
6558.64542746 1.38127651e+01
6558.70107696 2.78459625e+01
6558.75672647 1.34979210e+01
6558.81237597 -1.56424179e+01
6558.86802547 5.49993896e+00
6558.92367498 -1.45242043e+01
6558.97932448 6.56692123e+00
6559.03497398 -5.41023254e-01
6559.09062349 -1.22839355e+01
6559.14627299 -1.77758064e+01
6559.20192250 4.60591125e+00
6559.25757200 -2.33567047e+00
6559.31322150 -2.25877991e+01
6559.36887101 5.35145569e+00
6559.42452051 1.12661667e+01
6559.48017001 -1.67923050e+01
6559.53581952 1.22197800e+01
6559.59146902 1.28019104e+01
6559.64711852 3.43331528e+00
6559.70276803 4.58317947e+00
6559.75841753 5.99382019e+00
6559.81406703 -9.05054474e+00
6559.86971654 8.65977859e+00
6559.92536604 2.00935287e+01
6559.98101554 9.87533951e+00
6560.03666505 1.63031750e+01
6560.09231455 1.64740868e+01
6560.14796405 -1.65961056e+01
6560.20361356 -2.32879639e-01
6560.25926306 9.03507614e+00
6560.31491256 1.51951408e+01
6560.37056207 -1.77700596e+01
6560.42621157 5.43266296e+00
6560.48186107 3.02444038e+01
6560.53751058 -2.30661945e+01
6560.59316008 5.05597305e+00
6560.64880959 4.51193237e+00
6560.70445909 1.84333687e+01
6560.76010859 7.40362930e+00
6560.81575810 1.38563271e+01
6560.87140760 2.41561661e+01
6560.92705710 -4.10667038e+00
6560.98270661 4.66267014e+00
6561.03835611 2.49311066e+00
6561.09400561 -3.06789398e-01
6561.14965512 1.06721344e+01
6561.20530462 1.47674637e+01
6561.26095412 8.85137558e+00
6561.31660363 -4.61604881e+00
6561.37225313 -2.47674770e+01
6561.42790263 2.32436028e+01
6561.48355214 -1.09347458e+01
6561.53920164 6.74447632e+00
6561.59485114 1.21861191e+01
6561.65050065 1.71343727e+01
6561.70615015 -1.64244747e+01
6561.76179965 1.52371635e+01
6561.81744916 -2.79253006e+00
6561.87309866 2.32273254e+01
6561.92874816 2.65326920e+01
6561.98439767 4.36478653e+01
6562.04004717 6.14876556e+01
6562.09569667 6.91995316e+01
6562.15134618 7.68376694e+01
6562.20699568 1.15257507e+02
6562.26264519 1.52034515e+02
6562.31829469 1.96024109e+02
6562.37394419 2.56147400e+02
6562.42959370 3.42743500e+02
6562.48524320 3.84405151e+02
6562.54089270 3.64182617e+02
6562.59654221 3.47955719e+02
6562.65219171 4.11431580e+02
6562.70784121 4.55775879e+02
6562.76349072 4.89304016e+02
6562.81914022 4.72514160e+02
6562.87478972 4.82568878e+02
6562.93043923 3.88274933e+02
6562.98608873 4.44914032e+02
6563.04173823 3.39877106e+02
6563.09738774 2.96356293e+02
6563.15303724 2.54920441e+02
6563.20868674 2.40614578e+02
6563.26433625 1.69310883e+02
6563.31998575 1.20671951e+02
6563.37563525 1.15729469e+02
6563.43128476 6.51858292e+01
6563.48693426 7.33407974e+01
6563.54258376 6.70680389e+01
6563.59823327 2.70792046e+01
6563.65388277 -9.93003082e+00
6563.70953227 1.48415604e+01
6563.76518178 1.75833893e+00
6563.82083128 6.95804520e+01
6563.87648079 3.43711472e+00
6563.93213029 4.38156128e+00
6563.98777979 6.30497742e+00
6564.04342930 1.58106441e+01
6564.09907880 1.88584023e+01
6564.15472830 2.64350510e+00
6564.21037781 2.09991379e+01
6564.26602731 1.56649704e+01
6564.32167681 -1.14918022e+01
6564.37732632 -1.22907448e+01
6564.43297582 1.40043449e+01
6564.48862532 -3.05364723e+01
6564.54427483 2.89214897e+00
6564.59992433 1.42211151e+01
6564.65557383 3.69596939e+01
6564.71122334 -1.03559456e+01
6564.76687284 -9.34073639e+00
6564.82252234 6.62178040e-01
6564.87817185 1.30111656e+01
6564.93382135 9.16808319e+00
6564.98947085 -2.23300037e+01
6565.04512036 -1.46331367e+01
6565.10076986 -8.02651596e+00
6565.15641936 -1.01295738e+01
6565.21206887 -5.75804520e+00
6565.26771837 -6.28971481e+00
6565.32336787 -1.70105095e+01
6565.37901738 -1.28804169e+01
6565.43466688 -3.33041000e+00
6565.49031639 4.92852554e+01
6565.54596589 -1.13935051e+01
6565.60161539 9.15995789e+00
6565.65726490 2.14234047e+01
6565.71291440 2.62813950e+00
6565.76856390 1.24679813e+01
6565.82421341 -7.90908051e+00
6565.87986291 1.19592590e+01
6565.93551241 3.54126015e+01
6565.99116192 2.80762482e+00
6566.04681142 -2.37720490e-01
6566.10246092 -2.02991867e+00
6566.15811043 3.72259369e+01
6566.21375993 -9.68596458e+00
6566.26940943 3.02447510e+00
6566.32505894 -1.38088379e+01
6566.38070844 -3.38693237e+00
6566.43635794 1.90940285e+00
6566.49200745 3.03177395e+01
6566.54765695 2.33568020e+01
6566.60330645 4.59812546e+00
6566.65895596 2.91442394e+01
6566.71460546 5.27111816e+00
6566.77025496 -3.88059998e+00
6566.82590447 2.59605598e+01
6566.88155397 -1.30087795e+01
6566.93720348 1.10890160e+01
6566.99285298 -2.11490231e+01
6567.04850248 3.06653214e+00
6567.10415199 4.76033783e+00
6567.15980149 1.01535282e+01
6567.21545099 -5.71116257e+00
6567.27110050 -5.80047607e-01
6567.32675000 5.20210266e-02
6567.38239950 -2.56034851e+00
6567.43804901 -1.92630043e+01
6567.49369851 9.79617882e+00
6567.54934801 8.45087814e+00
6567.60499752 1.15567055e+01
6567.66064702 1.36974335e+00
6567.71629652 -2.72110901e+01
6567.77194603 -1.06889153e+01
6567.82759553 1.85395050e+01
6567.88324503 1.28439236e+01
6567.93889454 4.65788460e+00
6567.99454404 4.75189972e+00
6568.05019354 1.37147980e+01
6568.10584305 -5.62099838e+00
6568.16149255 9.05159378e+00
6568.21714205 2.03092918e+01
6568.27279156 3.30173950e+01
6568.32844106 2.24630394e+01
6568.38409056 3.31649742e+01
6568.43974007 -4.29865265e+00
6568.49538957 -9.75789261e+00
6568.55103908 4.21212769e+00
6568.60668858 -2.35606899e+01
6568.66233808 -2.00177631e+01
6568.71798759 2.52041359e+01
6568.77363709 8.14650726e+00
6568.82928659 1.04018250e+01
6568.88493610 -8.27205467e+00
6568.94058560 6.68722534e+00
6568.99623510 2.93780117e+01
6569.05188461 1.47322731e+01
6569.10753411 -3.26615067e+01
6569.16318361 -1.55481300e+01
6569.21883312 -8.20475006e+00
6569.27448262 -2.17482414e+01
6569.33013212 1.69934273e+01
6569.38578163 8.29887390e-02
6569.44143113 -3.42610474e+01
6569.49708063 -1.35827408e+01
6569.55273014 5.55022430e+00
6569.60837964 1.77215576e+01
6569.66402914 1.29394188e+01
6569.71967865 -2.56534348e+01
6569.77532815 -2.28620148e+01
6569.83097765 -3.15827103e+01
6569.88662716 -1.05581894e+01
6569.94227666 1.62975807e+01
6569.99792616 -6.84089661e-01
6570.05357567 -2.93330002e+00
6570.10922517 -1.31986847e+01
6570.16487468 -3.01690922e+01
6570.22052418 -6.79050446e+00
6570.27617368 5.64037552e+01
6570.33182319 2.06796608e+01
6570.38747269 -3.92670059e+00
6570.44312219 1.94610329e+01
6570.49877170 -4.25039673e+00
6570.55442120 5.87223816e+00
6570.61007070 -1.19938469e+01
6570.66572021 1.98904839e+01
6570.72136971 1.31116867e+01
6570.77701921 3.69735336e+00
6570.83266872 2.62833405e+01
6570.88831822 -1.63376617e+00
6570.94396772 -8.80550575e+00
6570.99961723 -1.83235168e-01
6571.05526673 -1.71873283e+01
6571.11091623 3.81809616e+00
6571.16656574 -1.95609417e+01
6571.22221524 6.08799744e+00
6571.27786474 -1.07723846e+01
6571.33351425 1.74991989e+00
6571.38916375 2.62570610e+01
6571.44481325 -2.62546539e+00
6571.50046276 2.41391907e+01
6571.55611226 2.37884521e+01
6571.61176177 -9.30408287e+00
6571.66741127 1.55250454e+01
6571.72306077 1.79408340e+01
6571.77871028 5.01432991e+00
6571.83435978 -6.01862717e+00
6571.89000928 -2.61178970e+00
6571.94565879 1.88262787e+01
6572.00130829 -3.43033638e+01
6572.05695779 4.27652550e+01
6572.11260730 4.25081177e+01
6572.16825680 8.80729866e+00
6572.22390630 -3.45002174e+01
6572.27955581 2.76528168e+00
6572.33520531 2.74205399e+00
6572.39085481 -8.30924225e+00
6572.44650432 -2.76553154e+00
6572.50215382 -1.71424389e+01
6572.55780332 3.71275711e+00
6572.61345283 3.36426544e+00
6572.66910233 -1.16648369e+01
6572.72475183 1.43527985e+00
6572.78040134 5.96412277e+00
6572.83605084 -1.09853878e+01
6572.89170034 1.41662521e+01
6572.94734985 1.34520302e+01
6573.00299935 -2.44258747e+01
6573.05864885 -8.55369186e+00
6573.11429836 -3.91807175e+00
6573.16994786 -2.41451492e+01
6573.22559737 5.24932861e+00
6573.28124687 7.52285385e+00
6573.33689637 3.36975021e+01
6573.39254588 2.01086025e+01
6573.44819538 1.34717865e+01
6573.50384488 4.73168945e+00
6573.55949439 -1.24908409e+01
6573.61514389 1.47593689e+00
6573.67079339 3.01132965e+00
6573.72644290 -4.68505096e+00
6573.78209240 2.64738541e+01
6573.83774190 7.44890594e+00
6573.89339141 2.54421310e+01
6573.94904091 1.40012589e+01
6574.00469041 -1.55927658e+01
6574.06033992 -4.34576416e+00
6574.11598942 4.42356987e+01
6574.17163892 1.74930878e+01
6574.22728843 4.20284882e+01
6574.28293793 -2.31615448e+00
6574.33858743 -4.16785889e+01
6574.39423694 1.46419525e-01
6574.44988644 -5.57603073e+00
6574.50553594 -6.42299652e+00
6574.56118545 3.89226151e+00
6574.61683495 3.75662994e+00
6574.67248445 -3.53164291e+00
6574.72813396 1.67191849e+01
6574.78378346 4.72217560e-01
6574.83943297 -4.62363052e+00
6574.89508247 -3.42934418e+00
6574.95073197 2.69111252e+01
6575.00638148 1.25923538e+01
6575.06203098 -1.74626122e+01
6575.11768048 2.76666260e+00
6575.17332999 9.13289642e+00
6575.22897949 3.13763809e+00
6575.28462899 7.09219360e+00
6575.34027850 6.62536621e-02
6575.39592800 -2.12623024e+01
6575.45157750 2.30676193e+01
6575.50722701 7.63560104e+00
6575.56287651 -1.56559944e+01
6575.61852601 -2.39307594e+01
6575.67417552 -8.24950790e+00
6575.72982502 8.22308350e+00
6575.78547452 -1.45275574e+01
6575.84112403 3.52366104e+01
6575.89677353 1.19834900e+00
6575.95242303 -1.71986160e+01
6576.00807254 -2.35127811e+01
6576.06372204 -1.12409363e+01
6576.11937154 1.97843704e+01
6576.17502105 6.94128036e+00
6576.23067055 1.30587349e+01
6576.28632006 2.58552513e+01
6576.34196956 -7.71393967e+00
6576.39761906 2.58285370e+01
6576.45326857 2.75609360e+01
6576.50891807 -1.35433064e+01
6576.56456757 -2.03037262e-01
6576.62021708 -2.44793987e+01
6576.67586658 2.26045456e+01
6576.73151608 7.64900208e+00
6576.78716559 -4.47631836e-01
6576.84281509 -6.18362236e+00
6576.89846459 -1.18186264e+01
6576.95411410 -6.11289597e+00
6577.00976360 1.29263039e+01
6577.06541310 -2.14240456e+01
6577.12106261 5.59858322e+00
6577.17671211 -2.25392380e+01
6577.23236161 1.94973755e+00
6577.28801112 4.20940323e+01
6577.34366062 7.39783478e+00
6577.39931012 -2.98550663e+01
6577.45495963 2.96329060e+01
6577.51060913 -5.79193878e+00
6577.56625863 -1.08504295e+01
6577.62190814 6.16083145e+00
6577.67755764 3.24822426e+00
6577.73320714 -2.77832851e+01
6577.78885665 3.65451660e+01
6577.84450615 3.77300529e+01
6577.90015566 -3.88348770e+00
6577.95580516 -2.45242538e+01
6578.01145466 9.08992767e+00
6578.06710417 3.45286179e+00
6578.12275367 5.80453110e+00
6578.17840317 -3.17301292e+01
6578.23405268 -9.02282333e+00
6578.28970218 7.63458252e-01
6578.34535168 1.12173615e+01
6578.40100119 1.70759354e+01
6578.45665069 -4.37607574e+00
6578.51230019 1.84396362e+01
6578.56794970 -2.77863712e+01
6578.62359920 -5.12884521e+00
6578.67924870 3.00582848e+01
6578.73489821 -5.14801025e+00
6578.79054771 2.65985413e+01
6578.84619721 -7.38345718e+00
6578.90184672 2.49527359e+00
6578.95749622 -3.35801964e+01
6579.01314572 -1.04943085e+00
6579.06879523 1.34622345e+01
6579.12444473 -1.85508919e+01
6579.18009423 1.74760246e+01
6579.23574374 1.90833092e+01
6579.29139324 7.46214294e+00
6579.34704274 8.02828979e+00
6579.40269225 6.27827454e+00
6579.45834175 3.65835571e+00
6579.51399126 -1.95319977e+01
6579.56964076 4.27124405e+01
6579.62529026 2.42122192e+01
6579.68093977 -3.12010574e+00
6579.73658927 -2.00886440e+01
6579.79223877 3.39874382e+01
6579.84788828 2.80606499e+01
6579.90353778 1.60012321e+01
6579.95918728 1.32140503e+01
6580.01483679 1.10219460e+01
6580.07048629 1.50698853e+00
6580.12613579 2.34863586e+01
6580.18178530 6.12172699e+00
6580.23743480 3.45607834e+01
6580.29308430 -1.08052673e+01
6580.34873381 -3.86095428e+01
6580.40438331 1.46273460e+01
6580.46003281 -4.60857391e+01
6580.51568232 2.51727562e+01
6580.57133182 4.93007278e+00
6580.62698132 -1.35268135e+01
6580.68263083 1.88968658e+01
6580.73828033 -2.15972500e+01
6580.79392983 -5.64475250e+00
6580.84957934 2.04778366e+01
6580.90522884 -1.25848351e+01
6580.96087834 1.40086517e+01
6581.01652785 1.43283539e+01
6581.07217735 -4.71775436e+00
6581.12782686 7.12186241e+00
6581.18347636 2.13076210e+00
6581.23912586 -1.91654396e+01
6581.29477537 -7.40887833e+00
6581.35042487 3.97798767e+01
6581.40607437 4.98680954e+01
6581.46172388 1.24197006e+00
6581.51737338 8.27243805e+00
6581.57302288 1.42871399e+01
6581.62867239 -1.16542854e+01
6581.68432189 -1.78302002e+00
6581.73997139 1.79662170e+01
6581.79562090 -2.94381580e+01
6581.85127040 2.36889000e+01
6581.90691990 -1.11364822e+01
6581.96256941 -3.88131447e+01
6582.01821891 3.80465202e+01
6582.07386841 4.69388504e+01
6582.12951792 1.58468895e+01
6582.18516742 2.20941505e+01
6582.24081692 -1.11000786e+01
6582.29646643 -2.61118698e+00
6582.35211593 -6.53477478e+00
6582.40776543 -1.81747360e+01
6582.46341494 -9.28071976e+00
6582.51906444 2.98593521e+00
6582.57471395 -1.05541763e+01
6582.63036345 4.77898674e+01
6582.68601295 2.66103058e+01
6582.74166246 1.11895485e+01
6582.79731196 -1.96921539e+00
6582.85296146 1.59809456e+01
6582.90861097 -3.06741905e+01
6582.96426047 3.09333801e-01
6583.01990997 -5.05358887e+00
6583.07555948 9.59324265e+00
6583.13120898 -1.42566185e+01
6583.18685848 7.59875107e+00
6583.24250799 2.82410812e+00
6583.29815749 5.90790939e+01
6583.35380699 1.12118797e+01
6583.40945650 -1.48608017e+00
6583.46510600 2.86296043e+01
6583.52075550 5.07155952e+01
6583.57640501 5.85422134e+00
6583.63205451 -2.26417923e+00
6583.68770401 -9.86723328e+00
6583.74335352 -1.88985500e+01
6583.79900302 -8.40042877e+00
6583.85465252 1.97747231e+01
6583.91030203 -1.67412930e+01
6583.96595153 -2.16473389e+01
6584.02160103 2.06907654e+01
6584.07725054 2.80137939e+01
6584.13290004 2.47413559e+01
6584.18854955 -1.76971169e+01
6584.24419905 2.50793076e+01
6584.29984855 3.21986237e+01
6584.35549806 2.64713707e+01
6584.41114756 -4.00399284e+01
6584.46679706 -7.90882874e+00
6584.52244657 1.38885078e+01
6584.57809607 -1.90803566e+01
6584.63374557 -3.62163925e+01
6584.68939508 -3.64523239e+01
6584.74504458 -2.97016907e+00
6584.80069408 3.87788010e+00
6584.85634359 7.82916260e+00
6584.91199309 1.27488098e+01
6584.96764259 -2.50069695e+01
6585.02329210 1.14917412e+01
6585.07894160 1.70125542e+01
6585.13459110 3.79557266e+01
6585.19024061 2.13809776e+01
6585.24589011 9.01068878e+00
6585.30153961 -1.80125771e+01
6585.35718912 -1.71959171e+01
6585.41283862 5.79081726e+00
6585.46848812 1.72439575e-01
6585.52413763 -5.16626740e+00
6585.57978713 2.72914505e+00
6585.63543663 -6.41929626e+00
6585.69108614 -5.34439850e+00
6585.74673564 8.70819855e+00
6585.80238515 -2.03705807e+01
6585.85803465 -1.78857269e+01
6585.91368415 -6.83441162e-02
6585.96933366 -9.57740784e-01
6586.02498316 -2.10947800e+00
6586.08063266 -5.09056091e-01
6586.13628217 -1.42113552e+01
6586.19193167 -1.61012554e+01
6586.24758117 -6.73891830e+00
6586.30323068 1.28782387e+01
6586.35888018 -3.93869591e+00
6586.41452968 8.45132828e+00
6586.47017919 1.55359001e+01
6586.52582869 -4.88463974e+00
6586.58147819 -3.10724564e+01
6586.63712770 -4.92593918e+01
6586.69277720 -1.26602173e+01
6586.74842670 -8.16543579e+00
6586.80407621 1.60295963e+01
6586.85972571 1.76250191e+01
6586.91537521 -1.12527351e+01
6586.97102472 3.63661575e+00
6587.02667422 8.98628235e-01
6587.08232372 1.60702553e+01
6587.13797323 2.17648277e+01
6587.19362273 2.13301277e+01
6587.24927224 2.43099365e+01
6587.30492174 1.59104919e+00
6587.36057124 -1.17613297e+01
6587.41622075 1.28307152e+01
6587.47187025 4.68571091e+00
6587.52751975 -2.50353622e+00
6587.58316926 -1.89491539e+01
6587.63881876 -2.01953983e+01
6587.69446826 -1.31293888e+01
6587.75011777 8.57635117e+00
6587.80576727 -9.60927582e+00
6587.86141677 5.77696991e+00
6587.91706628 -8.26506233e+00
6587.97271578 -9.15316772e+00
6588.02836528 6.48356628e+00
6588.08401479 -2.96907043e+00
6588.13966429 -3.04784050e+01
6588.19531379 2.07319832e+01
6588.25096330 -2.47388458e+01
6588.30661280 2.03743210e+01
6588.36226230 -3.82759857e+00
6588.41791181 1.84109039e+01
6588.47356131 3.19103756e+01
6588.52921081 2.85062447e+01
6588.58486032 3.07733498e+01
6588.64050982 -1.54987411e+01
6588.69615932 -7.59404373e+00
6588.75180883 1.13173561e+01
6588.80745833 5.36979675e-01
6588.86310784 3.48659096e+01
6588.91875734 -1.90811577e+01
6588.97440684 -1.46379395e+01
6589.03005635 1.60779572e+00
6589.08570585 2.48255997e+01
6589.14135535 -1.96410370e+01
6589.19700486 -2.35529900e+01
6589.25265436 1.02726440e+01
6589.30830386 2.12958202e+01
6589.36395337 -1.14631424e+01
6589.41960287 -7.43392944e+00
6589.47525237 1.40180435e+01
6589.53090188 -1.28833275e+01
6589.58655138 -3.10086403e+01
6589.64220088 -4.01012421e-01
6589.69785039 -1.62118797e+01
6589.75349989 -3.57410812e+00
6589.80914939 4.86484528e-01
6589.86479890 9.03555870e+00
6589.92044840 1.27936440e+01
6589.97609790 -2.70510101e+00
6590.03174741 9.49734879e+00
6590.08739691 -3.42629242e+00
6590.14304641 -3.22686577e+01
6590.19869592 1.99681587e+01
6590.25434542 2.87279358e+01
6590.30999492 -7.99339294e+00
6590.36564443 3.27803955e+01
6590.42129393 -1.36855659e+01
6590.47694344 -2.55327606e+00
6590.53259294 -1.55822201e+01
6590.58824244 -1.66835632e+01
6590.64389195 2.67457581e+01
6590.69954145 -6.18780136e+00
6590.75519095 6.97585297e+00
6590.81084046 1.19294548e+01
6590.86648996 2.20436363e+01
6590.92213946 -1.34573746e+01
6590.97778897 -4.53648758e+00
6591.03343847 -3.54705429e+00
6591.08908797 -8.50358963e+00
6591.14473748 1.87648163e+01
6591.20038698 2.31290054e+01
6591.25603648 4.07205772e+01
6591.31168599 1.18305206e+01
6591.36733549 2.62073517e+00
6591.42298499 -9.97625732e+00
6591.47863450 -2.02338600e+01
6591.53428400 -4.44965363e+00
6591.58993350 -4.53301620e+00
6591.64558301 -2.36675262e+00
6591.70123251 -1.82054520e+00
6591.75688201 1.66465721e+01
6591.81253152 -6.31085587e+00
6591.86818102 1.84231186e+00
6591.92383052 3.54303780e+01
6591.97948003 5.41191101e-01
6592.03512953 3.70585518e+01
6592.09077904 -2.21386662e+01
6592.14642854 -6.60034561e+00
6592.20207804 1.43985252e+01
6592.25772755 6.09601212e+00
6592.31337705 -1.67809219e+01
6592.36902655 1.19466667e+01
6592.42467606 -4.99267578e+00
6592.48032556 -1.48893509e+01
6592.53597506 -3.36092453e+01
6592.59162457 -1.45305634e-01
6592.64727407 1.10723686e+01
6592.70292357 -4.74021530e+00
6592.75857308 -1.33010139e+01
6592.81422258 4.12793732e+00
6592.86987208 8.78560638e+00
6592.92552159 -1.73941803e+01
6592.98117109 3.08461761e+00
6593.03682059 -4.34651299e+01
6593.09247010 1.73069992e+01
6593.14811960 6.13608170e+00
6593.20376910 -8.32111740e+00
6593.25941861 -6.81639099e+00
6593.31506811 -3.80015945e+00
6593.37071761 -1.78786850e+01
6593.42636712 3.85949249e+01
6593.48201662 2.71602631e+00
6593.53766613 -1.65768890e+01
6593.59331563 5.53690338e+00
6593.64896513 -4.26466217e+01
6593.70461464 2.57799416e+01
6593.76026414 -1.36208286e+01
6593.81591364 -3.10585938e+01
6593.87156315 -9.37404633e+00
6593.92721265 7.02199173e+00
6593.98286215 -2.85519638e+01
6594.03851166 -8.63301086e+00
6594.09416116 2.34613647e+01
6594.14981066 3.71384697e+01
6594.20546017 -3.24946594e+00
6594.26110967 -2.19860077e-01
6594.31675917 -2.29664459e+01
6594.37240868 -1.23501930e+01
6594.42805818 8.59154892e+00
6594.48370768 1.53326416e+00
6594.53935719 -1.63070068e+01
6594.59500669 -4.05050278e+00
6594.65065619 -1.50455093e+01
6594.70630570 -8.60972595e+00
6594.76195520 1.73858757e+01
6594.81760470 5.29776001e+00
6594.87325421 5.52758026e+00
6594.92890371 1.33521004e+01
6594.98455321 1.53899841e+01
6595.04020272 2.58900452e+01
6595.09585222 2.59672241e+01
6595.15150173 1.07991257e+01
6595.20715123 2.24472046e-01
6595.26280073 2.38228226e+00
6595.31845024 9.38424301e+00
6595.37409974 3.93923950e+00
6595.42974924 -6.91522598e+00
6595.48539875 -2.42380371e+01
6595.54104825 -2.96925545e+01
6595.59669775 -1.71452866e+01
6595.65234726 -2.33215942e+01
6595.70799676 -2.46397285e+01
6595.76364626 -1.55412025e+01
6595.81929577 2.06818466e+01
6595.87494527 1.12914276e+01
6595.93059477 6.95436096e+00
6595.98624428 8.14546204e+00
6596.04189378 3.86167755e+01
6596.09754328 1.81679192e+01
6596.15319279 4.41539001e+00
6596.20884229 1.89345741e+01
6596.26449179 9.08665848e+00
6596.32014130 3.83061638e+01
6596.37579080 -3.41202927e+00
6596.43144030 -3.11281548e+01
6596.48708981 -2.87119942e+01
6596.54273931 2.90763626e+01
6596.59838881 8.58384323e+00
6596.65403832 3.91342506e+01
6596.70968782 -3.23194122e+00
6596.76533733 -3.43152542e+01
6596.82098683 -2.18898163e+01
6596.87663633 5.64601898e-01
6596.93228584 7.98853302e+00
6596.98793534 6.62899017e-01
6597.04358484 8.77992249e+00
6597.09923435 -1.19360390e+01
6597.15488385 2.30049706e+01
6597.21053335 -9.34019089e+00
6597.26618286 2.17780685e+00
6597.32183236 2.28520279e+01
6597.37748186 -1.94771252e+01
6597.43313137 -1.64049072e+01
6597.48878087 -2.19880867e+01
6597.54443037 2.47107315e+00
6597.60007988 -2.08067818e+01
6597.65572938 -3.22762680e+00
6597.71137888 -4.05860786e+01
6597.76702839 3.79623795e+00
6597.82267789 -4.15616913e+01
6597.87832739 1.14951324e+01
6597.93397690 1.37599640e+01
6597.98962640 -9.99080276e+00
6598.04527590 -1.03302116e+01
6598.10092541 -1.00983086e+01
6598.15657491 1.80859127e+01
6598.21222442 -1.00980377e+01
6598.26787392 -7.16419220e-01
6598.32352342 -1.27481194e+01
6598.37917293 4.08325958e+00
6598.43482243 2.28740921e+01
6598.49047193 1.15456505e+01
6598.54612144 3.66121979e+01
6598.60177094 2.93867493e+00
6598.65742044 2.46157703e+01
6598.71306995 -5.31564140e+00
6598.76871945 -2.98734779e+01
6598.82436895 8.13461304e-01
6598.88001846 -4.32943878e+01
6598.93566796 1.06452522e+01
6598.99131746 -4.19008255e+01
6599.04696697 -2.19400177e+01
6599.10261647 6.18907166e+00
6599.15826597 -3.88410950e+00
6599.21391548 -1.72427559e+01
6599.26956498 1.00509377e+01
6599.32521448 2.98778648e+01
6599.38086399 -1.35670776e+01
6599.43651349 5.04186630e+00
6599.49216299 -2.18190651e+01
6599.54781250 3.21517944e+00
6599.60346200 1.85971184e+01
6599.65911150 -1.28164902e+01
6599.71476101 2.14013290e+00
6599.77041051 6.04989624e+00
6599.82606002 1.87008705e+01
6599.88170952 -2.21590538e+01
6599.93735902 4.43408585e+00
6599.99300853 -3.76001511e+01
6600.04865803 1.24481049e+01
6600.10430753 3.48053703e+01
6600.15995704 -3.35684433e+01
6600.21560654 2.25383015e+01
6600.27125604 2.73738441e+01
6600.32690555 2.77607307e+01
6600.38255505 -1.83110313e+01
6600.43820455 -1.45810471e+01
6600.49385406 -4.15457153e+00
6600.54950356 -1.83277359e+01
6600.60515306 6.89366913e+00
6600.66080257 -1.35254326e+01
6600.71645207 -2.54628716e+01
6600.77210157 1.13531723e+01
6600.82775108 2.68549957e+01
6600.88340058 -1.57450027e+01
6600.93905008 -2.96331406e+01
6600.99469959 -7.00534439e+00
6601.05034909 -7.64198685e+00
6601.10599859 -1.25565872e+01
6601.16164810 -1.26340981e+01
6601.21729760 -1.47419949e+01
6601.27294710 -2.19014130e+01
6601.32859661 1.47130318e+01
6601.38424611 6.22381210e+00
6601.43989562 6.20987320e+00
6601.49554512 1.58578453e+01
6601.55119462 -2.18913231e+01
6601.60684413 1.06494026e+01
6601.66249363 -8.83551788e+00
6601.71814313 -1.64661198e+01
6601.77379264 -1.12516670e+01
6601.82944214 4.92340088e+00
6601.88509164 5.68728256e+00
6601.94074115 -1.22495499e+01
6601.99639065 -9.92316437e+00
6602.05204015 -1.09188461e+00
6602.10768966 1.40090637e+01
6602.16333916 2.50563126e+01
6602.21898866 1.40848999e+01
6602.27463817 1.24684563e+01
6602.33028767 -1.76575909e+01
6602.38593717 -1.28622627e+01
6602.44158668 -1.91194916e+01
6602.49723618 -1.31038418e+01
6602.55288568 -5.18101883e+00
6602.60853519 6.68761826e+00
6602.66418469 1.01592751e+01
6602.71983419 3.40444946e+00
6602.77548370 9.10396957e+00
6602.83113320 1.25483437e+01
6602.88678271 -1.64595490e+01
6602.94243221 -1.92862473e+01
6602.99808171 8.63853455e-01
6603.05373122 -1.03719845e+01
6603.10938072 8.50797653e+00
6603.16503022 -6.56541443e+00
6603.22067973 1.46659470e+00
6603.27632923 4.88740540e+00
6603.33197873 1.79287529e+01
6603.38762824 7.84641266e+00
6603.44327774 2.26837769e+01
6603.49892724 1.66078033e+01
6603.55457675 -2.35484772e+01
6603.61022625 1.28144417e+01
6603.66587575 2.04200745e+00
6603.72152526 -1.79062958e+01
6603.77717476 3.44491196e+00
6603.83282426 3.81728935e+01
6603.88847377 -1.17248116e+01
6603.94412327 -8.33558083e+00
6603.99977277 -4.17144699e+01
6604.05542228 -6.02545929e+00
6604.11107178 3.33004761e+00
6604.16672128 -2.47386932e+00
6604.22237079 -2.18974953e+01
6604.27802029 -2.21727352e+01
6604.33366979 4.30179977e+00
6604.38931930 7.66185760e-01
6604.44496880 8.20854568e+00
6604.50061831 -2.25785675e+01
6604.55626781 1.30875587e+01
6604.61191731 2.01647072e+01
6604.66756682 1.36932297e+01
6604.72321632 -4.38613319e+01
6604.77886582 1.65019226e+00
6604.83451533 9.38167572e+00
6604.89016483 -4.73094177e+00
6604.94581433 2.24150467e+00
6605.00146384 3.61198425e+00
6605.05711334 8.10939407e+00
6605.11276284 -2.52058945e+01
6605.16841235 5.64155960e+00
6605.22406185 -2.36394596e+01
6605.27971135 2.08472748e+01
6605.33536086 5.11443710e+00
6605.39101036 -1.00578842e+01
6605.44665986 3.51938248e+00
6605.50230937 -1.88941956e-01
6605.55795887 2.23619919e+01
6605.61360837 5.53486633e+00
6605.66925788 -1.78376465e+01
6605.72490738 1.06321144e+01
6605.78055688 -9.54462051e+00
6605.83620639 2.42765694e+01
6605.89185589 -1.74701424e+01
6605.94750539 1.13514023e+01
6606.00315490 -4.03278351e+00
6606.05880440 -1.60393677e+01
6606.11445391 -2.43751221e+01
6606.17010341 -1.13583260e+01
6606.22575291 -3.24058533e-01
6606.28140242 -2.62381191e+01
6606.33705192 -5.36444855e+00
6606.39270142 -4.21605759e+01
6606.44835093 1.57913742e+01
6606.50400043 -2.57440987e+01
6606.55964993 -1.58636971e+01
6606.61529944 3.00792313e+01
6606.67094894 3.67060585e+01
6606.72659844 -1.71925812e+01
6606.78224795 -1.81130142e+01
6606.83789745 4.94375610e+00
6606.89354695 1.10712738e+01
6606.94919646 -1.17291641e+00
6607.00484596 6.65026855e+00
6607.06049546 3.24440765e+00
6607.11614497 -3.77208710e-01
6607.17179447 -2.92214394e+01
6607.22744397 1.04356956e+01
6607.28309348 -8.45164871e+00
6607.33874298 2.69140396e+01
6607.39439248 8.88866425e+00
6607.45004199 -4.86696243e+00
6607.50569149 -6.11121368e+00
6607.56134099 -1.30407677e+01
6607.61699050 3.06599426e+01
6607.67264000 8.92450333e+00
6607.72828951 -2.37313118e+01
6607.78393901 -4.45471191e+00
6607.83958851 3.30245209e+00
6607.89523802 -8.76379776e+00
6607.95088752 2.87947655e+00
6608.00653702 -9.26021576e-01
6608.06218653 -8.99302292e+00
6608.11783603 4.34098053e+00
6608.17348553 -4.72036743e+00
6608.22913504 8.83812332e+00
6608.28478454 1.05376472e+01
6608.34043404 1.19821491e+01
6608.39608355 1.43385754e+01
6608.45173305 9.72438049e+00
6608.50738255 -2.31103363e+01
6608.56303206 -1.51462288e+01
6608.61868156 -1.20908852e+01
6608.67433106 -1.08056374e+01
6608.72998057 4.40552139e+00
6608.78563007 2.44469299e+01
6608.84127957 -9.02688217e+00
6608.89692908 -9.70810890e+00
6608.95257858 -2.13921204e+01
6609.00822808 8.58439255e+00
6609.06387759 4.61085739e+01
6609.11952709 -2.64152164e+01
6609.17517660 -1.20185871e+01
6609.23082610 2.38961029e+00
6609.28647560 -1.05944748e+01
6609.34212511 -2.12476349e+01
