N4214C	0.8076763832567767	0.001014469846579992	15.651626634139816	0.01965899164494347	0.7739083916022125	0.0012252369692038298	14.997251450886644	0.023743361764084484	0.12187750176946142	0.01794937068547622	2.356692396936616	0.3470791968174235	9.1	2.4	12.282077073554621	0.07115394589708901	11.436500864658855	0.07800516771406223
N4214C	0.8122391508833654	0.0008895781871762869	15.740100560840116	0.01723882689926535	0.7773972648520925	0.0011129215926293837	15.064912302646842	0.02156692202393281	0.11883988562098702	0.018531235570335418	2.297955330800631	0.3583304657578217	9.1	2.4	12.405650606195724	0.06988609228969532	11.53693997488438	0.07672824060070217
N4214C	0.8158568776084596	0.0009058250679428982	15.810238196711389	0.01755370394217904	0.775422666564924	0.0011231183000308276	15.02667680971374	0.021764563303780227	0.11465855203024802	0.021297120012696794	2.2171026964810503	0.4118131737349524	9.1	2.4	12.509120171699056	0.07628670738199786	11.502846238077131	0.08431300410621989
M106B	1.1749267221557471	0.005643164400932942	22.748075787629098	0.10925884061853552	1.1338657054299166	0.006946970810853762	21.95308436669029	0.13450220389705037	0.12019223063700032	0.019681715622822542	2.324105039902005	0.3805767996025397	9.1	2.4	20.57920036841129	0.12819368103179757	19.696863937554216	0.15649038829793988
M106B	1.2207296904826361	0.004916175198137919	23.634883246665783	0.09518341999382744	1.1875733539216708	0.005923854939354682	22.992934487928135	0.11469338553848651	0.12087864616794325	0.019274244730149714	2.337377959345106	0.3726977116593731	9.1	2.4	21.55398734245454	0.11192479763867837	20.848062275456748	0.13321600874544207
M106B	1.2144275870227819	0.005404569052550039	23.512863600243318	0.10463933486741639	1.1852283042265441	0.0066764504395308	22.94752795090359	0.12926457504230465	0.12074230300515373	0.018796272062872234	2.334741550734367	0.36345536147527535	9.1	2.4	21.420404678131586	0.12150074098347678	20.798269662372785	0.14834370151708057
N6822A	0.7441033880564242	0.0011781964411206375	14.437825206772274	0.022860525229662088	0.7356038791574361	0.0015217724540000153	14.272909535413245	0.029526924999776175	0.11753265928740371	0.018840214704170966	2.2726780620947253	0.36430506127340484	9.1	2.4	10.710542989381175	0.0832180929039571	10.487176981064241	0.08858769154330126
N6822A	0.7278609039182604	0.0011435176899819222	14.122679736264088	0.022187665282515052	0.718280923710565	0.0014855438567523116	13.936799686454089	0.028823996953790867	0.11651391534065558	0.020241525029600197	2.252979052196509	0.39140159132810387	9.1	2.4	10.286115317429024	0.09098074421443804	10.029380384186778	0.09661712273082347
N6822A	0.7194742319835927	0.0010489301428709989	13.959951120503266	0.020352380769677908	0.7103080531485421	0.001408542247587752	13.78210006303401	0.02732993116608461	0.11624737165155387	0.023086591311826273	2.247825012472708	0.4464154042038036	9.1	2.4	10.06267946424522	0.10364144459595195	9.814456931526275	0.10920909018468328
N6822B	0.7091100264354719	0.0004157357695504854	13.759029217995407	0.008066619264946265	0.7014761521501532	0.0005477534828654118	13.610907401675057	0.01062819015496662	0.12327055777806822	0.01859095429210512	2.38362931684658	0.35948522078238443	9.1	2.4	9.749830578093182	0.08862078376799341	9.539659929832004	0.09109386518656723
N6822B	0.6988437542887931	0.0004564337571379838	13.559860620799897	0.008856311716941309	0.6894815656799527	0.0005936591057379341	13.378203505981446	0.011518933536545983	0.1128978814051525	0.02198002424503638	2.1830573721559667	0.4250181967197097	9.1	2.4	9.51493986136514	0.09832731463220881	9.254220094493634	0.1016346396797584
N6822B	0.6948901405777711	0.0005199547445090488	13.48319068804859	0.010088859461356063	0.6779826771771135	0.0006663576044959449	13.155129756201006	0.012929564495178724	0.12138786335482878	0.020561807329921595	2.3472244712550117	0.3975947512721645	9.1	2.4	9.36573373590248	0.1006974940580953	8.886955394510924	0.10674269233109342
