# Rest-frame spectrum generated from: N2541A0001o_1d.fits
# lambda_Ha_obs = 6576.22200000 Angstrom
# lambda_Ha_rest = 6562.80000000 Angstrom
# z_Ha = 2.0451636497e-03
# v_Ha_relativistic = 612.497669 km/s
# v_Ha_classical = 613.124638 km/s
# columns: wavelength_rest[Angstrom] flux_or_counts

6542.73914492 -5.78520584e+00
6542.79472132 -5.78448105e+00
6542.85029772 -5.78429031e+00
6542.90587413 -5.78491592e+00
6542.96145053 -5.78442764e+00
6543.01702693 -5.78438568e+00
6543.07260333 -5.78445053e+00
6543.12817973 -5.78452682e+00
6543.18375614 -5.78451538e+00
6543.23933254 -5.78458023e+00
6543.29490894 -5.78448105e+00
6543.35048534 -5.78334427e+00
6543.40606175 -4.69457626e+00
6543.46163815 3.20347595e+00
6543.51721455 1.10528183e+00
6543.57279095 5.76352692e+00
6543.62836735 2.95515480e+01
6543.68394376 1.06830349e+01
6543.73952016 5.03869438e+00
6543.79509656 2.46133480e+01
6543.85067296 5.61781883e+00
6543.90624937 -5.54292583e+00
6543.96182577 9.31552696e+00
6544.01740217 5.33855057e+00
6544.07297857 -1.92356281e+01
6544.12855497 -1.25203133e+01
6544.18413138 8.86367226e+00
6544.23970778 -1.06280651e+01
6544.29528418 1.15468483e+01
6544.35086058 -2.01978340e+01
6544.40643698 -3.99910698e+01
6544.46201339 2.47208977e+00
6544.51758979 -1.86315155e+00
6544.57316619 1.77999306e+01
6544.62874259 2.98001099e+01
6544.68431900 5.17905998e+00
6544.73989540 5.10070419e+00
6544.79547180 1.09711800e+01
6544.85104820 4.87286186e+01
6544.90662460 -3.51600266e+01
6544.96220101 -1.20018883e+01
6545.01777741 1.34691238e+01
6545.07335381 6.67356873e+00
6545.12893021 -4.32670784e+00
6545.18450662 -2.67153187e+01
6545.24008302 -5.19662857e+00
6545.29565942 6.92337227e+00
6545.35123582 -8.67517471e-01
6545.40681222 1.06905823e+01
6545.46238863 -2.28834171e+01
6545.51796503 -2.04867363e+00
6545.57354143 -4.99661064e+00
6545.62911783 -7.65601540e+00
6545.68469424 2.36778717e+01
6545.74027064 1.64302444e+00
6545.79584704 2.29626465e+01
6545.85142344 2.01185951e+01
6545.90699984 -1.61093712e+01
6545.96257625 -3.25611305e+01
6546.01815265 -4.65570259e+00
6546.07372905 -7.89299202e+00
6546.12930545 7.03277588e+00
6546.18488185 9.56144905e+00
6546.24045826 -1.89465523e+00
6546.29603466 -7.64244175e+00
6546.35161106 1.62300510e+01
6546.40718746 5.58799744e-01
6546.46276387 -7.23914719e+00
6546.51834027 -1.13256168e+01
6546.57391667 8.87352753e+00
6546.62949307 -2.45001984e+00
6546.68506947 3.27532883e+01
6546.74064588 3.42502098e+01
6546.79622228 8.36687088e+00
6546.85179868 1.77901230e+01
6546.90737508 4.64066887e+00
6546.96295149 1.35677719e+00
6547.01852789 -2.56098804e+01
6547.07410429 -1.37977409e+00
6547.12968069 -4.68983650e+00
6547.18525709 -2.28329334e+01
6547.24083350 4.85928154e+00
6547.29640990 2.94936504e+01
6547.35198630 6.20906830e+00
6547.40756270 1.94879131e+01
6547.46313911 2.45759621e+01
6547.51871551 3.17403622e+01
6547.57429191 1.44143543e+01
6547.62986831 -4.93762589e+00
6547.68544471 2.32102699e+01
6547.74102112 2.37256432e+01
6547.79659752 4.61632271e+01
6547.85217392 3.82419319e+01
6547.90775032 3.21953278e+01
6547.96332672 3.58834000e+01
6548.01890313 3.38454285e+01
6548.07447953 6.20194817e+01
6548.13005593 5.12096176e+01
6548.18563233 1.69917412e+01
6548.24120874 3.29024124e+01
6548.29678514 2.81761818e+01
6548.35236154 2.18165665e+01
6548.40793794 2.48143787e+01
6548.46351434 4.46237373e+00
6548.51909075 2.08580189e+01
6548.57466715 4.55408516e+01
6548.63024355 2.68614140e+01
6548.68581995 -2.31436005e+01
6548.74139636 -5.25025558e+00
6548.79697276 -1.83919563e+01
6548.85254916 1.60733261e+01
6548.90812556 1.71111927e+01
6548.96370196 -1.98154449e+00
6549.01927837 -3.25416031e+01
6549.07485477 -6.55495834e+00
6549.13043117 -1.01508064e+01
6549.18600757 2.67288361e+01
6549.24158398 -4.01485825e+00
6549.29716038 -2.66324539e+01
6549.35273678 -2.52310181e+00
6549.40831318 -1.15431938e+01
6549.46388958 -7.42333794e+00
6549.51946599 8.75416756e+00
6549.57504239 5.46109009e+00
6549.63061879 -2.17439423e+01
6549.68619519 -1.73311996e+00
6549.74177159 1.62144470e+00
6549.79734800 -1.33140926e+01
6549.85292440 2.25601788e+01
6549.90850080 1.58997269e+01
6549.96407720 1.88918495e+00
6550.01965361 -7.44726372e+00
6550.07523001 8.08655930e+00
6550.13080641 1.81844883e+01
6550.18638281 8.46998978e+00
6550.24195921 7.04047203e+00
6550.29753562 4.94770622e+01
6550.35311202 6.14343262e+00
6550.40868842 2.18577290e+01
6550.46426482 -1.50372696e+01
6550.51984123 4.76465702e+00
6550.57541763 8.36126328e+00
6550.63099403 3.03488026e+01
6550.68657043 2.46702232e+01
6550.74214683 -1.18410206e+01
6550.79772324 4.31607628e+00
6550.85329964 4.88420296e+00
6550.90887604 -8.58049774e+00
6550.96445244 1.32390747e+01
6551.02002885 -1.21972923e+01
6551.07560525 -8.77861214e+00
6551.13118165 -4.61393852e+01
6551.18675805 1.54034996e+00
6551.24233445 1.89327450e+01
6551.29791086 -2.81512585e+01
6551.35348726 -2.18120003e+00
6551.40906366 2.62410736e+00
6551.46464006 -7.18470573e+00
6551.52021646 -2.08959770e+00
6551.57579287 2.47440338e-01
6551.63136927 -1.74471092e+00
6551.68694567 2.80932484e+01
6551.74252207 9.06344604e+00
6551.79809848 -9.88888359e+00
6551.85367488 7.36069107e+00
6551.90925128 1.40179787e+01
6551.96482768 -5.10036469e+00
6552.02040408 1.13261414e+01
6552.07598049 5.73583603e+00
6552.13155689 -2.14570999e+01
6552.18713329 1.22643394e+01
6552.24270969 -1.94846153e-01
6552.29828610 2.57550049e+00
6552.35386250 -1.50270824e+01
6552.40943890 -3.53278732e+00
6552.46501530 4.25841370e+01
6552.52059170 1.25283298e+01
6552.57616811 2.56980400e+01
6552.63174451 2.44998169e+00
6552.68732091 3.54900055e+01
6552.74289731 2.52760429e+01
6552.79847372 -8.47053337e+00
6552.85405012 -1.67952461e+01
6552.90962652 -2.29714775e+00
6552.96520292 7.09153366e+00
6553.02077932 1.03440189e+01
6553.07635573 2.28360176e+01
6553.13193213 1.06381340e+01
6553.18750853 1.29354286e+01
6553.24308493 3.10962677e+00
6553.29866133 -7.27511978e+00
6553.35423774 2.13060570e+00
6553.40981414 1.64571171e+01
6553.46539054 1.88965111e+01
6553.52096694 2.20667629e+01
6553.57654335 -1.20244780e+01
6553.63211975 4.17502022e+00
6553.68769615 1.14993839e+01
6553.74327255 9.85373116e+00
6553.79884895 -4.19763947e+00
6553.85442536 -5.67246056e+00
6553.91000176 1.38959141e+01
6553.96557816 1.32125835e+01
6554.02115456 -1.74973392e+01
6554.07673097 -2.13935356e+01
6554.13230737 5.84068871e+00
6554.18788377 2.69307346e+01
6554.24346017 3.52214775e+01
6554.29903657 1.62767715e+01
6554.35461298 -1.20536537e+01
6554.41018938 1.91889725e+01
6554.46576578 2.44542847e+01
6554.52134218 -4.09171295e+00
6554.57691859 1.49370918e+01
6554.63249499 4.90818787e+00
6554.68807139 1.93082962e+01
6554.74364779 8.42399597e-01
6554.79922419 5.37760735e+00
6554.85480060 -8.56152344e+00
6554.91037700 -1.16034546e+01
6554.96595340 -2.12230682e-01
6555.02152980 -2.76019402e+01
6555.07710620 2.70172119e-01
6555.13268261 -2.34845352e+00
6555.18825901 -5.23688507e+00
6555.24383541 1.56076584e+01
6555.29941181 -1.85991974e+01
6555.35498822 6.86781311e+00
6555.41056462 2.32922421e+01
6555.46614102 1.41506481e+01
6555.52171742 1.62552242e+01
6555.57729382 -3.49417114e+00
6555.63287023 -4.15738487e+00
6555.68844663 1.14247437e+01
6555.74402303 5.19652138e+01
6555.79959943 3.59436302e+01
6555.85517584 8.15179253e+00
6555.91075224 -2.16479664e+01
6555.96632864 -1.54789944e+01
6556.02190504 2.04706039e+01
6556.07748144 7.31233978e+00
6556.13305785 -2.54403305e+00
6556.18863425 -4.26235008e+00
6556.24421065 2.17229385e+01
6556.29978705 3.18783894e+01
6556.35536346 8.73006821e+00
6556.41093986 2.14144058e+01
6556.46651626 -1.44078197e+01
6556.52209266 1.76578522e+00
6556.57766906 -9.13615990e+00
6556.63324547 1.25270844e-01
6556.68882187 1.58529854e+00
6556.74439827 -1.54244347e+01
6556.79997467 1.40760822e+01
6556.85555108 7.61421967e+00
6556.91112748 -2.41214275e+01
6556.96670388 -1.62275505e+00
6557.02228028 2.07478561e+01
6557.07785668 -2.71463776e+00
6557.13343309 -3.00451241e+01
6557.18900949 -1.17192059e+01
6557.24458589 -8.24553299e+00
6557.30016229 1.20301952e+01
6557.35573869 1.41985569e+01
6557.41131510 -1.67654819e+01
6557.46689150 2.96516457e+01
6557.52246790 1.08965530e+01
6557.57804430 2.11808014e+00
6557.63362071 2.08823032e+01
6557.68919711 4.27912903e+00
6557.74477351 -1.50043106e+00
6557.80034991 1.13413773e+01
6557.85592631 1.62281456e+01
6557.91150272 -3.00020809e+01
6557.96707912 -8.47707748e+00
6558.02265552 -1.69341545e+01
6558.07823192 1.68127594e+01
6558.13380833 -1.59713573e+01
6558.18938473 9.41891289e+00
6558.24496113 2.07753944e+01
6558.30053753 3.74398499e+01
6558.35611393 2.78274574e+01
6558.41169034 -2.93769894e+01
6558.46726674 -2.53824940e+01
6558.52284314 3.10976410e+00
6558.57841954 -1.75550461e+01
6558.63399595 -2.08593884e+01
6558.68957235 -1.35551929e+01
6558.74514875 2.34822063e+01
6558.80072515 8.41848564e+00
6558.85630155 1.07390175e+01
6558.91187796 5.07567215e+00
6558.96745436 -6.21822014e+01
6559.02303076 -1.24389706e+01
6559.07860716 -5.73248482e+00
6559.13418356 -1.10234308e+01
6559.18975997 -3.49844742e+00
6559.24533637 -4.45966911e+00
6559.30091277 2.03552055e+00
6559.35648917 -1.50937233e+01
6559.41206558 -5.83557510e+00
6559.46764198 1.89004478e+01
6559.52321838 1.11640816e+01
6559.57879478 1.62998505e+01
6559.63437118 -1.50026321e+00
6559.68994759 3.87346840e+00
6559.74552399 1.53809872e+01
6559.80110039 1.99508553e+01
6559.85667679 1.00808468e+01
6559.91225320 -2.57795715e+01
6559.96782960 1.92474995e+01
6560.02340600 1.39650955e+01
6560.07898240 -4.13501930e+00
6560.13455880 1.32808685e-01
6560.19013521 -1.03640556e+00
6560.24571161 -8.21708298e+00
6560.30128801 -8.56798935e+00
6560.35686441 -2.68712921e+01
6560.41244082 9.57546616e+00
6560.46801722 2.90417995e+01
6560.52359362 8.13589478e+00
6560.57917002 1.24185181e+01
6560.63474642 3.66895866e+00
6560.69032283 -9.73994064e+00
6560.74589923 -9.25543213e+00
6560.80147563 4.75922203e+00
6560.85705203 1.50219917e+00
6560.91262843 2.51069927e+01
6560.96820484 3.43288422e-01
6561.02378124 1.26090889e+01
6561.07935764 9.04898453e+00
6561.13493404 -2.68795738e+01
6561.19051045 9.39796448e-01
6561.24608685 3.86865044e+01
6561.30166325 4.81630440e+01
6561.35723965 4.77412186e+01
6561.41281605 5.95957031e+01
6561.46839246 6.74286728e+01
6561.52396886 3.41515541e+01
6561.57954526 6.50439606e+01
6561.63512166 5.62653465e+01
6561.69069807 1.03574463e+02
6561.74627447 1.17933746e+02
6561.80185087 1.13814789e+02
6561.85742727 1.40885544e+02
6561.91300367 1.96694504e+02
6561.96858008 2.24389114e+02
6562.02415648 2.16542007e+02
6562.07973288 2.81524048e+02
6562.13530928 3.04603973e+02
6562.19088569 4.01472687e+02
6562.24646209 5.15835022e+02
6562.30203849 6.08018982e+02
6562.35761489 6.57563477e+02
6562.41319129 8.30099731e+02
6562.46876770 8.91688843e+02
6562.52434410 1.02799609e+03
6562.57992050 1.13772156e+03
6562.63549690 1.20873889e+03
6562.69107330 1.18680664e+03
6562.74664971 1.30808496e+03
6562.80222611 1.37857532e+03
6562.85780251 1.26341138e+03
6562.91337891 1.23324829e+03
6562.96895532 1.25952966e+03
6563.02453172 1.17867078e+03
6563.08010812 1.01986084e+03
6563.13568452 9.24357056e+02
6563.19126092 8.24359070e+02
6563.24683733 7.00116455e+02
6563.30241373 5.71598511e+02
6563.35799013 4.66908234e+02
6563.41356653 3.70407013e+02
6563.46914294 2.84460602e+02
6563.52471934 2.58402496e+02
6563.58029574 2.15913269e+02
6563.63587214 1.57558105e+02
6563.69144854 1.12522949e+02
6563.74702495 9.18577881e+01
6563.80260135 6.21186638e+01
6563.85817775 4.03099632e+01
6563.91375415 4.20901489e+01
6563.96933056 3.92715492e+01
6564.02490696 5.07505531e+01
6564.08048336 4.59004669e+01
6564.13605976 1.60720577e+01
6564.19163616 1.54453468e+01
6564.24721257 4.26560249e+01
6564.30278897 1.42810078e+01
6564.35836537 -2.18438358e+01
6564.41394177 1.98508034e+01
6564.46951817 1.77834396e+01
6564.52509458 -6.73024178e+00
6564.58067098 2.52775192e+00
6564.63624738 9.94554329e+00
6564.69182378 2.50930462e+01
6564.74740019 2.11285477e+01
6564.80297659 2.15126381e+01
6564.85855299 -1.04915581e+01
6564.91412939 -1.22692108e+00
6564.96970579 1.14216251e+01
6565.02528220 4.81805801e+00
6565.08085860 1.41287804e+00
6565.13643500 -7.29235458e+00
6565.19201140 1.40967770e+01
6565.24758781 -7.03672791e+00
6565.30316421 -4.39140396e+01
6565.35874061 -1.73425331e+01
6565.41431701 -2.25084877e+00
6565.46989341 2.49558487e+01
6565.52546982 4.29749107e+00
6565.58104622 1.94011745e+01
6565.63662262 1.46649170e+00
6565.69219902 -1.39728317e+01
6565.74777543 -2.23578167e+01
6565.80335183 -2.66339226e+01
6565.85892823 2.07916718e+01
6565.91450463 1.45145035e+00
6565.97008103 -2.58136234e+01
6566.02565744 5.64039612e+00
6566.08123384 4.81192398e+01
6566.13681024 -1.02779331e+01
6566.19238664 -3.34333305e+01
6566.24796304 -7.61897659e+00
6566.30353945 -2.04348202e+01
6566.35911585 3.88241043e+01
6566.41469225 -1.12512875e+01
6566.47026865 -6.93404198e+00
6566.52584506 3.42524757e+01
6566.58142146 2.35407925e+01
6566.63699786 8.49065781e+00
6566.69257426 -6.35227013e+00
6566.74815066 -1.34214535e+01
6566.80372707 -4.68065262e+00
6566.85930347 8.71291351e+00
6566.91487987 8.37917709e+00
6566.97045627 2.42941666e+00
6567.02603268 1.41112156e+01
6567.08160908 1.73255844e+01
6567.13718548 3.39107132e+00
6567.19276188 2.28523617e+01
6567.24833828 -2.68489075e+00
6567.30391469 8.80598831e+00
6567.35949109 6.26670265e+00
6567.41506749 6.70827484e+00
6567.47064389 -1.30283871e+01
6567.52622030 1.58214569e-01
6567.58179670 -1.01486855e+01
6567.63737310 -1.37588377e+01
6567.69294950 -8.20694923e+00
6567.74852590 -1.31196461e+01
6567.80410231 8.25054169e+00
6567.85967871 8.57076645e+00
6567.91525511 -8.00338554e+00
6567.97083151 1.19542027e+01
6568.02640791 2.10306587e+01
6568.08198432 4.16674805e+01
6568.13756072 1.42016983e+00
6568.19313712 2.28020191e+01
6568.24871352 1.02555656e+01
6568.30428993 3.93598938e+01
6568.35986633 2.76921082e+00
6568.41544273 -3.10504570e+01
6568.47101913 1.74236755e+01
6568.52659553 -8.03792572e+00
6568.58217194 2.28483009e+00
6568.63774834 -1.48305893e+00
6568.69332474 -1.85864677e+01
6568.74890114 -9.17454529e+00
6568.80447755 4.18303680e+00
6568.86005395 2.52091141e+01
6568.91563035 -1.50207520e+00
6568.97120675 1.24851665e+01
6569.02678315 6.17525864e+00
6569.08235956 -9.66691780e+00
6569.13793596 -1.56821957e+01
6569.19351236 7.49549866e-02
6569.24908876 -6.38050079e+00
6569.30466517 2.55776062e+01
6569.36024157 2.38172855e+01
6569.41581797 3.75058365e+00
6569.47139437 7.70474052e+00
6569.52697077 -8.12050247e+00
6569.58254718 1.78539181e+01
6569.63812358 3.76705551e+00
6569.69369998 -3.53176498e+00
6569.74927638 2.06761932e+01
6569.80485279 -5.84405136e+00
6569.86042919 -1.28543205e+01
6569.91600559 -1.69801731e+01
6569.97158199 -1.84665852e+01
6570.02715839 -1.84794044e+01
6570.08273480 1.53155308e+01
6570.13831120 -9.79082298e+00
6570.19388760 1.78833580e+01
6570.24946400 4.46112061e+00
6570.30504040 8.68093872e+00
6570.36061681 -6.23676300e+00
6570.41619321 -3.40487785e+01
6570.47176961 -8.78831863e+00
6570.52734601 7.66096497e+00
6570.58292242 2.16140022e+01
6570.63849882 1.74940834e+01
6570.69407522 -1.56503143e+01
6570.74965162 5.46718979e+00
6570.80522802 2.89398994e+01
6570.86080443 1.36287880e+00
6570.91638083 4.41374397e+00
6570.97195723 -3.24715881e+01
6571.02753363 -6.25373268e+00
6571.08311004 2.22618580e+01
6571.13868644 2.08737926e+01
6571.19426284 7.05163956e-01
6571.24983924 1.64609337e+00
6571.30541564 -5.08453941e+00
6571.36099205 -4.39501114e+01
6571.41656845 7.54920959e+00
6571.47214485 9.69952774e+00
6571.52772125 -3.03730202e+00
6571.58329766 1.26744938e+01
6571.63887406 1.22896519e+01
6571.69445046 -1.65433731e+01
6571.75002686 4.10063744e+00
6571.80560326 1.04522495e+01
6571.86117967 2.07614136e+00
6571.91675607 3.86669693e+01
6571.97233247 1.53303471e+01
6572.02790887 6.98545074e+00
6572.08348527 1.73555946e+00
6572.13906168 1.63859406e+01
6572.19463808 1.34218693e+01
6572.25021448 2.05357800e+01
6572.30579088 -6.51993179e+00
6572.36136729 -9.62280846e+00
6572.41694369 -3.21839905e+00
6572.47252009 4.52559586e+01
6572.52809649 2.87952843e+01
6572.58367289 6.82971573e+00
6572.63924930 1.79907703e+01
6572.69482570 1.66768456e+01
6572.75040210 -2.14929390e+00
6572.80597850 -1.45896015e+01
6572.86155491 1.05796814e+01
6572.91713131 2.48565674e-02
6572.97270771 -1.65733032e+01
6573.02828411 2.54995556e+01
6573.08386051 1.76558361e+01
6573.13943692 -1.36593628e+00
6573.19501332 -1.32860317e+01
6573.25058972 -7.20936775e+00
6573.30616612 1.40494919e+00
6573.36174253 -1.03661728e+00
6573.41731893 -9.20991516e+00
6573.47289533 4.89465714e+00
6573.52847173 -1.50896511e+01
6573.58404813 -4.92732811e+00
6573.63962454 -1.19134140e+00
6573.69520094 2.28041573e+01
6573.75077734 -7.66763496e+00
6573.80635374 -9.97548866e+00
6573.86193014 4.35832977e-01
6573.91750655 6.88743401e+00
6573.97308295 4.70104980e+00
6574.02865935 -3.38135567e+01
6574.08423575 -2.44815941e+01
6574.13981216 1.39515247e+01
6574.19538856 -1.99557304e+01
6574.25096496 -2.27581120e+01
6574.30654136 -1.84109230e+01
6574.36211776 -6.05005646e+00
6574.41769417 -9.80664062e+00
6574.47327057 1.68144989e+00
6574.52884697 4.26376915e+00
6574.58442337 9.11164093e+00
6574.63999978 -2.64544067e+01
6574.69557618 5.93315353e+01
6574.75115258 1.91405983e+01
6574.80672898 -1.20949612e+01
6574.86230538 1.47195072e+01
6574.91788179 1.01365929e+01
6574.97345819 -8.93964577e+00
6575.02903459 -2.26278305e+01
6575.08461099 1.01548824e+01
6575.14018740 1.68405704e+01
6575.19576380 3.53316040e+01
6575.25134020 -6.99396133e+00
6575.30691660 -6.92689514e+00
6575.36249300 4.75651264e+00
6575.41806941 -2.30850105e+01
6575.47364581 -1.37208996e+01
6575.52922221 1.96274948e+00
6575.58479861 -2.61950302e+00
6575.64037501 1.11846008e+01
6575.69595142 9.31336212e+00
6575.75152782 3.55428581e+01
6575.80710422 1.35515442e+01
6575.86268062 -2.93349838e+00
6575.91825703 1.55137043e+01
6575.97383343 3.53902054e+00
6576.02940983 -1.44436235e+01
6576.08498623 -3.33169365e+00
6576.14056263 7.31681633e+00
6576.19613904 -1.84408855e+01
6576.25171544 1.65616264e+01
6576.30729184 -3.51193619e+00
6576.36286824 1.94445210e+01
6576.41844465 2.09843597e+01
6576.47402105 1.35382462e+00
6576.52959745 -1.85314007e+01
6576.58517385 -8.84700012e+00
6576.64075025 -3.18497562e+01
6576.69632666 1.87739563e+00
6576.75190306 -1.24505424e+01
6576.80747946 -4.65522461e+01
6576.86305586 -1.73852921e+01
6576.91863227 -4.75995636e+00
6576.97420867 -1.69006062e+01
6577.02978507 1.65765152e+01
6577.08536147 9.00917053e+00
6577.14093787 5.60347176e+00
6577.19651428 -4.63607597e+00
6577.25209068 -9.84902573e+00
6577.30766708 -2.68507309e+01
6577.36324348 -7.80113411e+00
6577.41881988 4.28345299e+00
6577.47439629 3.00387001e+00
6577.52997269 -1.04247227e+01
6577.58554909 2.29396667e+01
6577.64112549 -2.44023552e+01
6577.69670190 -1.95366020e+01
6577.75227830 3.73690510e+00
6577.80785470 -4.47269249e+00
6577.86343110 -2.17898102e+01
6577.91900750 2.24932289e+00
6577.97458391 5.18250084e+00
6578.03016031 7.13535690e+00
6578.08573671 2.85461559e+01
6578.14131311 3.50135918e+01
6578.19688952 3.87505913e+01
6578.25246592 5.24181366e+00
6578.30804232 8.53570175e+00
6578.36361872 7.03475952e+00
6578.41919512 -5.39649010e+00
6578.47477153 -5.87005615e-02
6578.53034793 3.90681267e+00
6578.58592433 1.15315151e+01
6578.64150073 1.76523018e+01
6578.69707714 2.91665344e+01
6578.75265354 -2.50392017e+01
6578.80822994 1.17436981e+00
6578.86380634 2.08151932e+01
6578.91938274 -1.63616028e+01
6578.97495915 -3.97867203e+00
6579.03053555 1.21649780e+01
6579.08611195 -3.11248970e+00
6579.14168835 -5.33958054e+00
6579.19726475 -1.67083931e+00
6579.25284116 -1.38660545e+01
6579.30841756 1.60624676e+01
6579.36399396 9.71179008e+00
6579.41957036 -3.22751808e+01
6579.47514677 1.74141026e+01
6579.53072317 4.41472054e+00
6579.58629957 2.18127441e+01
6579.64187597 7.19624710e+00
6579.69745237 -4.54371643e+00
6579.75302878 -2.09711456e+00
6579.80860518 -1.21496706e+01
6579.86418158 1.03958511e+00
6579.91975798 -2.60105133e-01
6579.97533439 4.93770599e+00
6580.03091079 2.41930561e+01
6580.08648719 1.07894516e+01
6580.14206359 9.52662086e+00
6580.19763999 -9.52015686e+00
6580.25321640 -1.66449165e+00
6580.30879280 -4.82055664e-01
6580.36436920 3.65295410e-02
6580.41994560 4.87685013e+00
6580.47552201 9.81052208e+00
6580.53109841 -1.87581749e+01
6580.58667481 -1.22574730e+01
6580.64225121 2.59825382e+01
6580.69782761 2.78970032e+01
6580.75340402 2.50945377e+01
6580.80898042 3.13930893e+00
6580.86455682 -2.25000839e+01
6580.92013322 1.39569702e+01
6580.97570962 -2.60426521e+00
6581.03128603 9.25669098e+00
6581.08686243 -1.50700989e+01
6581.14243883 5.52565956e+00
6581.19801523 1.70466194e+01
6581.25359164 -3.17175674e+00
6581.30916804 -1.23388042e+01
6581.36474444 1.74637451e+01
6581.42032084 2.52703915e+01
6581.47589724 1.90393963e+01
6581.53147365 2.24550343e+01
6581.58705005 -8.97184753e+00
6581.64262645 1.93556862e+01
6581.69820285 -1.61779556e+01
6581.75377926 2.00983562e+01
6581.80935566 -1.35330067e+01
6581.86493206 -1.91075611e+01
6581.92050846 -1.09441357e+01
6581.97608486 -1.10653534e+01
6582.03166127 2.27907314e+01
6582.08723767 6.35711098e+00
6582.14281407 2.53038788e+00
6582.19839047 1.43907204e+01
6582.25396688 -1.78030014e+01
6582.30954328 1.36879673e+01
6582.36511968 1.62790337e+01
6582.42069608 1.55821762e+01
6582.47627248 -6.77932930e+00
6582.53184889 1.13783054e+01
6582.58742529 -1.08987808e+01
6582.64300169 -1.42402191e+01
6582.69857809 -1.00612221e+01
6582.75415449 8.47866440e+00
6582.80973090 4.48297806e+01
6582.86530730 -3.40203094e+00
6582.92088370 1.68905029e+01
6582.97646010 1.51965904e+00
6583.03203651 6.54152222e+01
6583.08761291 2.59098549e+01
6583.14318931 3.28658371e+01
6583.19876571 4.45813446e+01
6583.25434211 8.30560303e+01
6583.30991852 5.06688271e+01
6583.36549492 8.11104889e+01
6583.42107132 7.59117813e+01
6583.47664772 4.74280624e+01
6583.53222413 5.26995773e+01
6583.58780053 5.49868088e+01
6583.64337693 3.22598419e+01
6583.69895333 1.07847595e+01
6583.75452973 2.34346657e+01
6583.81010614 1.04200592e+01
6583.86568254 7.77008057e+00
6583.92125894 3.01088295e+01
6583.97683534 1.66311378e+01
6584.03241175 2.67496605e+01
6584.08798815 1.87745419e+01
6584.14356455 3.00691357e+01
6584.19914095 2.47150803e+00
6584.25471735 -1.02108841e+01
6584.31029376 1.83685799e+01
6584.36587016 -8.75221252e+00
6584.42144656 6.67761230e+00
6584.47702296 7.82333946e+00
6584.53259937 1.07101097e+01
6584.58817577 1.09739304e+00
6584.64375217 -1.62401218e+01
6584.69932857 1.48815918e+00
6584.75490497 2.40562382e+01
6584.81048138 1.28075142e+01
6584.86605778 1.70136395e+01
6584.92163418 2.38736515e+01
6584.97721058 1.79207420e+01
6585.03278698 -1.35099421e+01
6585.08836339 -3.34559250e+00
6585.14393979 2.50691147e+01
6585.19951619 1.69549847e+01
6585.25509259 3.43344421e+01
6585.31066900 -1.28120995e+00
6585.36624540 1.61730671e+01
6585.42182180 1.93407288e+01
6585.47739820 -3.10535240e+01
6585.53297460 6.81198120e+00
6585.58855101 1.52855873e+01
6585.64412741 2.73951454e+01
6585.69970381 -9.46403503e+00
6585.75528021 -2.28555260e+01
6585.81085662 -2.04499969e+01
6585.86643302 -3.97136688e+00
6585.92200942 -8.14113808e+00
6585.97758582 -8.36963463e+00
6586.03316222 -1.50970306e+01
6586.08873863 1.63898659e+00
6586.14431503 -6.30608368e+00
6586.19989143 1.42174492e+01
6586.25546783 1.87988148e+01
6586.31104424 1.79034405e+01
6586.36662064 1.25477142e+01
6586.42219704 1.26687393e+01
6586.47777344 -5.88241577e-01
6586.53334984 2.16165085e+01
6586.58892625 2.02778244e+00
6586.64450265 -1.71509285e+01
6586.70007905 -2.05284653e+01
6586.75565545 2.98838234e+00
6586.81123185 -2.22661209e+00
6586.86680826 -2.30519753e+01
6586.92238466 -4.06455994e-02
6586.97796106 8.14400101e+00
6587.03353746 1.82398987e+00
6587.08911387 3.86568222e+01
6587.14469027 3.03962135e+00
6587.20026667 -1.51464214e+01
6587.25584307 -6.28780365e+00
6587.31141947 -4.57958031e+00
6587.36699588 1.06944733e+01
6587.42257228 2.73959351e+00
6587.47814868 -1.92527046e+01
6587.53372508 1.38490372e+01
6587.58930149 -4.79873657e+00
6587.64487789 -5.85364532e+00
6587.70045429 -4.27365112e+00
6587.75603069 -1.07179947e+01
6587.81160709 1.03909702e+01
6587.86718350 -1.46379166e+01
6587.92275990 -1.62357330e+01
6587.97833630 4.09547234e+00
6588.03391270 2.98565559e+01
6588.08948911 -5.78306961e+00
6588.14506551 -8.16605377e+00
6588.20064191 -1.02763634e+01
6588.25621831 -1.69399261e+01
6588.31179471 4.30274963e+00
6588.36737112 1.59158325e+00
6588.42294752 1.12074299e+01
6588.47852392 -1.32237663e+01
6588.53410032 2.88220768e+01
6588.58967672 9.52618790e+00
6588.64525313 4.25786591e+00
6588.70082953 5.60141373e+00
6588.75640593 7.88925934e+00
6588.81198233 5.22486687e+00
6588.86755874 1.77739754e+01
6588.92313514 -7.00626373e+00
6588.97871154 -2.30730438e+00
6589.03428794 1.32674980e+01
6589.08986434 3.32961540e+01
6589.14544075 -4.14371300e+00
6589.20101715 -4.89665031e+00
6589.25659355 1.80729332e+01
6589.31216995 -5.59441757e+00
6589.36774636 2.89347820e+01
6589.42332276 3.08773804e+00
6589.47889916 -3.48636017e+01
6589.53447556 4.16695786e+00
6589.59005196 -3.15759850e+00
6589.64562837 1.95200691e+01
6589.70120477 1.67057037e+00
6589.75678117 -9.53367805e+00
6589.81235757 2.35872879e+01
6589.86793398 -1.83289528e+00
6589.92351038 -5.77669525e+00
6589.97908678 -1.33133936e+01
6590.03466318 -2.33917961e+01
6590.09023958 2.52701092e+01
6590.14581599 6.59687614e+00
6590.20139239 3.20376205e+00
6590.25696879 9.50074768e+00
6590.31254519 -2.21664963e+01
6590.36812159 1.92086201e+01
6590.42369800 5.99741745e+00
6590.47927440 -1.52054214e+00
6590.53485080 2.14401245e+01
6590.59042720 -5.21008301e+00
6590.64600361 -2.53705235e+01
6590.70158001 1.10897675e+01
6590.75715641 8.52947235e-01
6590.81273281 2.28436337e+01
6590.86830921 1.59471016e+01
6590.92388562 1.73286629e+01
6590.97946202 2.07366562e+01
6591.03503842 1.07263241e+01
6591.09061482 2.31778584e+01
6591.14619123 3.01102695e+01
6591.20176763 8.11462402e-01
6591.25734403 1.15560379e+01
6591.31292043 1.02008667e+01
6591.36849683 -1.10835342e+01
6591.42407324 -1.73707466e+01
6591.47964964 7.44949341e-01
6591.53522604 3.59545135e+00
6591.59080244 1.62206802e+01
6591.64637885 -1.09421654e+01
6591.70195525 -1.92359962e+01
6591.75753165 2.21240692e+01
6591.81310805 -1.19817390e+01
6591.86868445 -9.44031143e+00
6591.92426086 -1.27091122e+01
6591.97983726 -1.71463203e+01
6592.03541366 -5.51774979e+00
6592.09099006 8.93000412e+00
6592.14656646 3.08473854e+01
6592.20214287 2.09598160e+01
6592.25771927 -2.25679684e+01
6592.31329567 -2.24230080e+01
6592.36887207 -7.88469696e+00
6592.42444848 -2.40650177e-01
6592.48002488 1.79284420e+01
6592.53560128 -2.20095367e+01
6592.59117768 2.19424057e+01
6592.64675408 1.31641903e+01
6592.70233049 2.16089554e+01
6592.75790689 -5.46103096e+00
6592.81348329 -3.90758705e+00
6592.86905969 2.78965588e+01
6592.92463610 9.81853294e+00
6592.98021250 -3.82036591e+00
6593.03578890 3.26789017e+01
6593.09136530 9.51512146e+00
6593.14694170 8.93081093e+00
6593.20251811 2.16706161e+01
6593.25809451 6.99568176e+00
6593.31367091 1.30967579e+01
6593.36924731 -6.75366974e+00
6593.42482372 -3.37979279e+01
6593.48040012 -7.40471458e+00
6593.53597652 2.19533901e+01
6593.59155292 -1.83040619e+01
6593.64712932 -2.03176041e+01
6593.70270573 1.78809357e+00
6593.75828213 -8.57756615e+00
6593.81385853 -1.93766499e+01
6593.86943493 1.36846352e+00
6593.92501133 1.11826687e+01
6593.98058774 1.66870804e+01
6594.03616414 -1.53654099e+00
6594.09174054 -8.17350769e+00
6594.14731694 -2.70362720e+01
6594.20289335 -7.95515251e+00
6594.25846975 1.52465343e+01
6594.31404615 -2.38544083e+00
6594.36962255 3.03191376e+00
6594.42519895 -1.59141808e+01
6594.48077536 1.21105499e+01
6594.53635176 8.10830879e+00
6594.59192816 -3.24878693e-01
6594.64750456 -5.69225693e+00
6594.70308097 1.39655876e+01
6594.75865737 1.91230850e+01
6594.81423377 -1.78466797e-01
6594.86981017 -4.54741096e+00
6594.92538657 -3.46591568e+00
6594.98096298 1.46781883e+01
6595.03653938 7.90652847e+00
6595.09211578 2.82746468e+01
6595.14769218 -1.11934261e+01
6595.20326859 -1.67827034e+01
6595.25884499 2.27191544e+00
6595.31442139 -1.30050602e+01
6595.36999779 1.84622021e+01
6595.42557419 2.57507763e+01
6595.48115060 -3.72488403e+00
6595.53672700 -7.84418488e+00
6595.59230340 1.33159256e+01
6595.64787980 2.78230743e+01
6595.70345620 5.62450409e-01
6595.75903261 4.37339401e+00
6595.81460901 -2.45170593e+00
6595.87018541 2.59806061e+01
6595.92576181 1.54608250e+01
6595.98133822 -5.05636215e+00
6596.03691462 1.10481262e+01
6596.09249102 1.18011627e+01
6596.14806742 2.65378208e+01
6596.20364382 6.89798355e+00
6596.25922023 -2.23247223e+01
6596.31479663 -2.27144909e+01
6596.37037303 -1.71906300e+01
6596.42594943 1.37148056e+01
6596.48152584 1.46885376e+01
6596.53710224 -2.33330574e+01
6596.59267864 1.55293274e+01
6596.64825504 -1.19059372e+01
6596.70383144 -9.50538254e+00
6596.75940785 3.24908905e+01
6596.81498425 -1.65121460e+01
6596.87056065 -6.11409855e+00
6596.92613705 1.72397003e+01
6596.98171346 -5.28419495e-01
6597.03728986 1.45659485e+01
6597.09286626 -1.24313583e+01
6597.14844266 -5.74824524e+00
6597.20401906 -6.96027946e+00
6597.25959547 -3.32427311e+00
6597.31517187 3.80386734e+00
6597.37074827 -4.10494156e+01
6597.42632467 -7.02737808e+00
6597.48190108 -6.95743561e-01
6597.53747748 7.30520058e+00
6597.59305388 2.15720749e+00
6597.64863028 2.77442112e+01
6597.70420668 -2.19651947e+01
6597.75978309 6.64950180e+00
6597.81535949 1.29570389e+00
6597.87093589 1.40146675e+01
6597.92651229 -8.51097488e+00
6597.98208869 9.99789810e+00
6598.03766510 -4.57649231e+00
6598.09324150 -1.44135513e+01
6598.14881790 7.38702202e+00
6598.20439430 1.43376503e+01
6598.25997071 -1.95188923e+01
6598.31554711 -4.32427597e+00
6598.37112351 -2.74943638e+01
6598.42669991 -2.21017838e+00
6598.48227631 1.53829803e+01
6598.53785272 7.02808762e+00
6598.59342912 -7.00550842e+00
6598.64900552 -2.59903793e+01
6598.70458192 -1.61306076e+01
6598.76015833 5.19960213e+00
6598.81573473 5.26990891e+00
6598.87131113 1.11699562e+01
6598.92688753 3.43551636e-02
6598.98246393 -2.34087372e+00
6599.03804034 1.49552002e+01
6599.09361674 1.32423153e+01
