# Rest-frame spectrum generated from: N2541B0003o_1d.fits
# lambda_Ha_obs = 6574.95400000 Angstrom
# lambda_Ha_rest = 6562.80000000 Angstrom
# z_Ha = 1.8519534345e-03
# v_Ha_relativistic = 554.687569 km/s
# v_Ha_classical = 555.201672 km/s
# columns: wavelength_rest[Angstrom] flux_or_counts

6544.04772054 2.96264877e+01
6544.10330958 2.95546913e+01
6544.15889862 3.10668049e+01
6544.21448766 2.48665848e+01
6544.27007671 2.96283684e+01
6544.32566575 2.14306221e+01
6544.38125479 3.63437538e+01
6544.43684383 2.96270866e+01
6544.49243288 3.33414726e+01
6544.54802192 2.96267128e+01
6544.60361096 1.49125652e+01
6544.65920001 -1.67025185e+00
6544.71478905 1.05373459e+01
6544.77037809 1.11307859e+01
6544.82596713 1.52208138e+01
6544.88155618 3.43411446e+00
6544.93714522 6.25366974e+00
6544.99273426 3.72991753e+00
6545.04832330 -8.98363781e+00
6545.10391235 2.25507584e+01
6545.15950139 1.98535614e+01
6545.21509043 1.25156326e+01
6545.27067947 -1.05592155e+00
6545.32626852 -8.54421806e+00
6545.38185756 9.06113052e+00
6545.43744660 5.69528580e+00
6545.49303565 1.91300259e+01
6545.54862469 -8.97530937e+00
6545.60421373 -8.35699081e-01
6545.65980277 -1.39843750e+00
6545.71539182 1.04498997e+01
6545.77098086 -1.37424660e+01
6545.82656990 -1.38753738e+01
6545.88215894 -2.00490494e+01
6545.93774799 -8.09770393e+00
6545.99333703 -1.49374189e+01
6546.04892607 8.98589516e+00
6546.10451512 2.43718204e+01
6546.16010416 1.59306469e+01
6546.21569320 1.24260273e+01
6546.27128224 3.53195953e+00
6546.32687129 -2.42451153e+01
6546.38246033 -3.85697174e+00
6546.43804937 -1.48307762e+01
6546.49363841 9.19260788e+00
6546.54922746 -4.19888306e+00
6546.60481650 5.71858025e+00
6546.66040554 -8.08750439e+00
6546.71599458 -1.65602474e+01
6546.77158363 1.38038311e+01
6546.82717267 1.58167915e+01
6546.88276171 3.11401176e+00
6546.93835076 7.57615662e+00
6546.99393980 1.55971909e+01
6547.04952884 1.10032158e+01
6547.10511788 1.86324883e+01
6547.16070693 2.66197205e+00
6547.21629597 2.06184216e+01
6547.27188501 1.69406281e+01
6547.32747405 1.97879944e+01
6547.38306310 1.17655945e+00
6547.43865214 2.36940384e+00
6547.49424118 2.90827904e+01
6547.54983022 3.46152534e+01
6547.60541927 1.24466896e+01
6547.66100831 -6.23995209e+00
6547.71659735 3.88872604e+01
6547.77218640 4.15809250e+01
6547.82777544 3.24541321e+01
6547.88336448 9.48460770e+00
6547.93895352 3.56556396e+01
6547.99454257 5.58628922e+01
6548.05013161 2.53858490e+01
6548.10572065 1.47894192e+01
6548.16130969 2.41714230e+01
6548.21689874 2.30534039e+01
6548.27248778 3.59373627e+01
6548.32807682 -8.52901459e+00
6548.38366587 3.43636894e+00
6548.43925491 -9.16607857e+00
6548.49484395 8.77955437e+00
6548.55043299 1.66890430e+01
6548.60602204 1.62257004e+01
6548.66161108 -2.96123981e+01
6548.71720012 -1.82368603e+01
6548.77278916 1.62228165e+01
6548.82837821 -3.88001633e+00
6548.88396725 6.15972519e+00
6548.93955629 -9.91735268e+00
6548.99514533 1.95820427e+01
6549.05073438 1.32768116e+01
6549.10632342 5.05140305e+00
6549.16191246 2.13226814e+01
6549.21750151 1.97159576e+01
6549.27309055 -7.46192741e+00
6549.32867959 -5.62858009e+00
6549.38426863 -2.33493042e+00
6549.43985768 -1.79099236e+01
6549.49544672 2.55730247e+00
6549.55103576 -1.50713854e+01
6549.60662480 -2.13161583e+01
6549.66221385 1.41694260e+00
6549.71780289 1.26489239e+01
6549.77339193 2.21343327e+00
6549.82898097 -1.59146233e+01
6549.88457002 2.61941528e+00
6549.94015906 -1.01814690e+01
6549.99574810 8.50254822e+00
6550.05133715 1.94749107e+01
6550.10692619 6.34743309e+00
6550.16251523 -1.72123508e+01
6550.21810427 1.14409580e+01
6550.27369332 -7.38603210e+00
6550.32928236 1.37820129e+01
6550.38487140 1.21449547e+01
6550.44046044 -2.48307343e+01
6550.49604949 1.46236000e+01
6550.55163853 4.40330505e-01
6550.60722757 2.16480293e+01
6550.66281662 -8.40867233e+00
6550.71840566 1.70785904e+01
6550.77399470 6.78273773e+00
6550.82958374 2.00176964e+01
6550.88517279 3.39347839e+01
6550.94076183 -7.04362965e+00
6550.99635087 -5.36615372e+00
6551.05193991 7.32212830e+00
6551.10752896 -1.51859159e+01
6551.16311800 -7.58109283e+00
6551.21870704 -1.83428574e+01
6551.27429608 2.50904102e+01
6551.32988513 3.25563316e+01
6551.38547417 8.13728905e+00
6551.44106321 2.94008789e+01
6551.49665226 1.51503372e+01
6551.55224130 -3.04794312e-03
6551.60783034 -6.79683876e+00
6551.66341938 1.35336304e+01
6551.71900843 1.94292641e+01
6551.77459747 -1.31995201e+00
6551.83018651 8.26452255e+00
6551.88577555 -2.24519444e+01
6551.94136460 6.04365349e+00
6551.99695364 -7.28258514e+00
6552.05254268 3.39066696e+00
6552.10813172 8.19964790e+00
6552.16372077 3.11681938e+01
6552.21930981 -3.44125271e+00
6552.27489885 2.02021389e+01
6552.33048790 3.36207085e+01
6552.38607694 5.37599564e-01
6552.44166598 -2.08326721e+00
6552.49725502 -3.36173630e+01
6552.55284407 -1.44229927e+01
6552.60843311 2.24265957e+01
6552.66402215 -1.80587578e+01
6552.71961119 -3.41439247e+00
6552.77520024 8.44367981e+00
6552.83078928 3.02714329e+01
6552.88637832 2.38128796e+01
6552.94196737 4.43654060e+00
6552.99755641 -3.01777744e+00
6553.05314545 9.46586990e+00
6553.10873449 2.29647522e+01
6553.16432354 -1.49130297e+01
6553.21991258 -6.76679611e+00
6553.27550162 -1.66474552e+01
6553.33109066 1.12478962e+01
6553.38667971 -2.48505592e+00
6553.44226875 -3.02272110e+01
6553.49785779 -7.32296181e+00
6553.55344683 -2.98631477e+00
6553.60903588 -1.86277542e+01
6553.66462492 6.01593018e+00
6553.72021396 3.56396942e+01
6553.77580301 2.92549133e-01
6553.83139205 1.12380390e+01
6553.88698109 1.79010410e+01
6553.94257013 1.37088013e+00
6553.99815918 4.04105568e+00
6554.05374822 -1.51357327e+01
6554.10933726 1.89634628e+01
6554.16492630 3.22861862e+00
6554.22051535 2.43397331e+01
6554.27610439 -7.47404099e+00
6554.33169343 -1.83757992e+01
6554.38728247 -2.00812187e+01
6554.44287152 -4.27326355e+01
6554.49846056 -2.36481113e+01
6554.55404960 5.57328415e+00
6554.60963865 1.50614910e+01
6554.66522769 3.68426514e+00
6554.72081673 2.19014664e+01
6554.77640577 -3.15581398e+01
6554.83199482 2.61955357e+01
6554.88758386 1.48806477e+01
6554.94317290 4.77149200e+00
6554.99876194 1.70211105e+01
6555.05435099 -2.79815483e+00
6555.10994003 -1.89853058e+01
6555.16552907 1.05690880e+01
6555.22111812 -9.70707512e+00
6555.27670716 5.37758636e+00
6555.33229620 2.01591835e+01
6555.38788524 -2.02858658e+01
6555.44347429 -4.86860657e+00
6555.49906333 -8.95300865e+00
6555.55465237 -2.05232067e+01
6555.61024141 1.41661491e+01
6555.66583046 3.13361359e+00
6555.72141950 2.89363670e+00
6555.77700854 2.15933266e+01
6555.83259758 1.33722343e+01
6555.88818663 -1.90827560e+00
6555.94377567 1.34109268e+01
6555.99936471 -1.23583984e+00
6556.05495376 -6.64819717e+00
6556.11054280 -2.06586151e+01
6556.16613184 6.92370987e+00
6556.22172088 1.81899052e+01
6556.27730993 -7.50878525e+00
6556.33289897 -7.07598114e+00
6556.38848801 3.52809792e+01
6556.44407705 -6.63585281e+00
6556.49966610 -1.27861938e+01
6556.55525514 2.23574867e+01
6556.61084418 1.41711655e+01
6556.66643322 3.61943626e+00
6556.72202227 9.30578804e+00
6556.77761131 1.13650322e+00
6556.83320035 -1.11212368e+01
6556.88878940 5.68869591e+00
6556.94437844 9.54944611e+00
6556.99996748 -1.12661495e+01
6557.05555652 -8.72339058e+00
6557.11114557 -1.26337719e+01
6557.16673461 2.21270714e+01
6557.22232365 -2.22199059e+00
6557.27791269 3.75291138e+01
6557.33350174 1.75496216e+01
6557.38909078 8.72609329e+00
6557.44467982 -2.56633148e+01
6557.50026887 -6.50667191e-01
6557.55585791 -5.68437576e+00
6557.61144695 -4.68657684e+00
6557.66703599 1.67471352e+01
6557.72262504 2.36053123e+01
6557.77821408 3.03661137e+01
6557.83380312 -1.68120575e+01
6557.88939216 9.86938286e+00
6557.94498121 6.22080612e+00
6558.00057025 -3.46286774e+00
6558.05615929 -1.30971756e+01
6558.11174833 1.77594070e+01
6558.16733738 -3.66539955e+00
6558.22292642 1.23996124e+01
6558.27851546 -2.88257656e+01
6558.33410451 -1.55949116e+01
6558.38969355 8.12509918e+00
6558.44528259 2.53989220e+00
6558.50087163 2.15479813e+01
6558.55646068 3.89842415e+00
6558.61204972 1.55470314e+01
6558.66763876 2.28360939e+01
6558.72322780 1.57799911e+00
6558.77881685 -8.87800789e+00
6558.83440589 -1.96968842e+00
6558.88999493 -7.64305115e+00
6558.94558397 9.74032974e+00
6559.00117302 1.08573093e+01
6559.05676206 4.94507217e+00
6559.11235110 1.23731003e+01
6559.16794015 1.34942646e+01
6559.22352919 2.41915817e+01
6559.27911823 -8.76584435e+00
6559.33470727 -4.48581505e+00
6559.39029632 -2.08054905e+01
6559.44588536 6.51578522e+00
6559.50147440 -1.30354500e+00
6559.55706344 -2.97668457e-01
6559.61265249 3.75149231e+01
6559.66824153 -2.11436577e+01
6559.72383057 1.04230156e+01
6559.77941962 6.23931122e+00
6559.83500866 -8.84475708e-02
6559.89059770 3.33503342e+00
6559.94618674 -7.18457222e+00
6560.00177579 -1.17051430e+01
6560.05736483 6.04683304e+00
6560.11295387 1.77823811e+01
6560.16854291 -1.06356430e+01
6560.22413196 -1.38487339e+01
6560.27972100 -1.05124722e+01
6560.33531004 -1.61790657e+01
6560.39089908 -2.75689507e+00
6560.44648813 1.51533470e+01
6560.50207717 -1.39069710e+01
6560.55766621 -2.93894005e+00
6560.61325526 -2.39406586e-01
6560.66884430 -3.63349724e+00
6560.72443334 1.09125175e+01
6560.78002238 2.71810169e+01
6560.83561143 -1.87433434e+00
6560.89120047 2.30507011e+01
6560.94678951 1.91733971e+01
6561.00237855 -6.37909317e+00
6561.05796760 1.87602329e+01
6561.11355664 3.51983490e+01
6561.16914568 1.31932869e+01
6561.22473472 4.37325478e+00
6561.28032377 3.37993507e+01
6561.33591281 2.10342636e+01
6561.39150185 9.66146469e+00
6561.44709090 2.97947731e+01
6561.50267994 4.17868347e+01
6561.55826898 6.91452408e+00
6561.61385802 1.22934914e+01
6561.66944707 6.48475113e+01
6561.72503611 4.51081123e+01
6561.78062515 3.26227951e+01
6561.83621419 7.78515625e+01
6561.89180324 1.07718506e+02
6561.94739228 9.31550903e+01
6562.00298132 1.35574219e+02
6562.05857037 1.89771317e+02
6562.11415941 2.25792297e+02
6562.16974845 2.78452728e+02
6562.22533749 3.62264679e+02
6562.28092654 3.87836426e+02
6562.33651558 4.29267883e+02
6562.39210462 5.32399780e+02
6562.44769366 5.94980408e+02
6562.50328271 7.26078186e+02
6562.55887175 7.70690674e+02
6562.61446079 8.19682129e+02
6562.67004983 8.29725281e+02
6562.72563888 8.57442322e+02
6562.78122792 9.37880981e+02
6562.83681696 9.73186157e+02
6562.89240601 9.32595886e+02
6562.94799505 8.69252625e+02
6563.00358409 8.50768921e+02
6563.05917313 7.65603699e+02
6563.11476218 7.36794922e+02
6563.17035122 6.06865540e+02
6563.22594026 5.08044128e+02
6563.28152930 4.87275848e+02
6563.33711835 4.04311707e+02
6563.39270739 3.48728790e+02
6563.44829643 2.88535889e+02
6563.50388547 2.24057846e+02
6563.55947452 2.05179688e+02
6563.61506356 1.89863556e+02
6563.67065260 1.78509384e+02
6563.72624165 1.15410187e+02
6563.78183069 1.09728912e+02
6563.83741973 9.46991272e+01
6563.89300877 8.38530273e+01
6563.94859782 6.82961884e+01
6564.00418686 7.31655731e+01
6564.05977590 4.90482063e+01
6564.11536494 5.26354561e+01
6564.17095399 4.39227295e+01
6564.22654303 5.33442268e+01
6564.28213207 3.73240814e+01
6564.33772112 5.51335220e+01
6564.39331016 2.91772041e+01
6564.44889920 -5.09885025e+00
6564.50448824 1.62087898e+01
6564.56007729 -2.00778770e+00
6564.61566633 -7.19627380e-01
6564.67125537 -3.36149216e-01
6564.72684441 2.13180618e+01
6564.78243346 2.11848831e+01
6564.83802250 3.18155937e+01
6564.89361154 4.60128784e-02
6564.94920058 2.42989922e+01
6565.00478963 1.09467316e+01
6565.06037867 1.95739288e+01
6565.11596771 2.40330734e+01
6565.17155676 1.34995880e+01
6565.22714580 -1.72247810e+01
6565.28273484 1.44881821e+00
6565.33832388 2.42887497e-01
6565.39391293 -4.09033966e+00
6565.44950197 7.26353073e+00
6565.50509101 3.12341957e+01
6565.56068005 1.93351402e+01
6565.61626910 4.50104332e+00
6565.67185814 1.16618881e+01
6565.72744718 -4.85052299e+00
6565.78303622 -3.96663666e-01
6565.83862527 3.23842506e+01
6565.89421431 -1.13615036e+00
6565.94980335 -7.17172241e+00
6566.00539240 -4.24119110e+01
6566.06098144 -2.78393974e+01
6566.11657048 5.63052750e+00
6566.17215952 4.39901924e+00
6566.22774857 -7.04869270e+00
6566.28333761 -2.33686600e+01
6566.33892665 2.11671524e+01
6566.39451569 -8.93423843e+00
6566.45010474 -1.10618086e+01
6566.50569378 1.67941017e+01
6566.56128282 -1.12171936e+00
6566.61687187 -7.86592484e+00
6566.67246091 1.42058945e+00
6566.72804995 -2.28945923e+00
6566.78363899 2.09326305e+01
6566.83922804 1.28127270e+01
6566.89481708 2.17576694e+01
6566.95040612 1.74893608e+01
6567.00599516 -9.90999603e+00
6567.06158421 -2.69710903e+01
6567.11717325 1.52537365e+01
6567.17276229 9.57703018e+00
6567.22835133 2.62225742e+01
6567.28394038 1.19163532e+01
6567.33952942 -1.81735992e+00
6567.39511846 1.42146759e+01
6567.45070751 -2.52562885e+01
6567.50629655 -1.36359234e+01
6567.56188559 2.20136337e+01
6567.61747463 -1.70261040e+01
6567.67306368 -7.58837605e+00
6567.72865272 1.44310570e+01
6567.78424176 -1.06848221e+01
6567.83983080 -6.27393723e+00
6567.89541985 -1.11125565e+00
6567.95100889 -3.34658432e+01
6568.00659793 4.15241623e+00
6568.06218697 1.26217842e+00
6568.11777602 -1.87910652e+00
6568.17336506 -1.51208000e+01
6568.22895410 1.33846130e+01
6568.28454315 -1.96957245e+01
6568.34013219 -8.62680817e+00
6568.39572123 4.15990906e+01
6568.45131027 8.83839989e+00
6568.50689932 1.48890114e+01
6568.56248836 1.99416676e+01
6568.61807740 3.48587036e-01
6568.67366644 -4.28524017e-01
6568.72925549 -1.28574524e+01
6568.78484453 2.29434700e+01
6568.84043357 -2.02489281e+01
6568.89602262 6.21231461e+00
6568.95161166 -6.84809875e+00
6569.00720070 1.12489014e+01
6569.06278974 -3.28635788e+00
6569.11837879 2.53037395e+01
6569.17396783 2.18307915e+01
6569.22955687 1.07477646e+01
6569.28514591 -6.15300083e+00
6569.34073496 -1.46408148e+01
6569.39632400 4.89488411e+00
6569.45191304 5.05255508e+00
6569.50750208 2.20788212e+01
6569.56309113 -7.74260521e+00
6569.61868017 1.38072777e+01
6569.67426921 2.64726639e+00
6569.72985826 1.91749191e+01
6569.78544730 -9.36111450e-01
6569.84103634 -4.40551758e+00
6569.89662538 2.40766926e+01
6569.95221443 8.32110977e+00
6570.00780347 -9.13898468e-01
6570.06339251 1.55408363e+01
6570.11898155 -5.91025925e+00
6570.17457060 -4.90926743e-01
6570.23015964 -1.74696293e+01
6570.28574868 2.46825275e+01
6570.34133772 3.78943062e+00
6570.39692677 -7.54429054e+00
6570.45251581 1.64257851e+01
6570.50810485 -1.60937977e+01
6570.56369390 -1.90909576e+00
6570.61928294 3.33553314e-01
6570.67487198 -1.74624615e+01
6570.73046102 4.51753235e+00
6570.78605007 2.42904949e+01
6570.84163911 1.24995441e+01
6570.89722815 4.02898636e+01
6570.95281719 2.17707100e+01
6571.00840624 -7.63142014e+00
6571.06399528 2.09965096e+01
6571.11958432 -1.05856190e+01
6571.17517337 1.20073318e+01
6571.23076241 -1.35935211e+01
6571.28635145 6.19758224e+00
6571.34194049 -4.56604385e+00
6571.39752954 1.62171402e+01
6571.45311858 -2.09176197e+01
6571.50870762 -1.27181549e+01
6571.56429666 -1.11721115e+01
6571.61988571 -2.55878830e+00
6571.67547475 -1.49497986e-01
6571.73106379 3.46320343e+00
6571.78665283 -2.05879021e+01
6571.84224188 6.60464096e+00
6571.89783092 -1.72885399e+01
6571.95341996 5.71377945e+00
6572.00900901 3.38444901e+01
6572.06459805 -7.31530571e+00
6572.12018709 -5.75275421e+00
6572.17577613 -2.51122437e+01
6572.23136518 -8.42766380e+00
6572.28695422 1.46824703e+01
6572.34254326 -2.43868103e+01
6572.39813230 1.09511356e+01
6572.45372135 -1.44303751e+01
6572.50931039 1.94832077e+01
6572.56489943 -1.18209953e+01
6572.62048847 -1.21745930e+01
6572.67607752 7.98707199e+00
6572.73166656 -5.34757614e+00
6572.78725560 1.93692646e+01
6572.84284465 1.08036804e+00
6572.89843369 1.01368065e+01
6572.95402273 2.09195442e+01
6573.00961177 1.42128372e+00
6573.06520082 2.37288284e+01
6573.12078986 1.68315010e+01
6573.17637890 -1.30436172e+01
6573.23196794 7.33179665e+00
6573.28755699 -1.47599773e+01
6573.34314603 3.45075912e+01
6573.39873507 1.33878822e+01
6573.45432412 1.09957066e+01
6573.50991316 2.00878048e+01
6573.56550220 1.06524200e+01
6573.62109124 -3.83897781e-01
6573.67668029 -1.57079124e+00
6573.73226933 -4.30700874e+00
6573.78785837 1.46694183e-01
6573.84344741 -1.49381809e+01
6573.89903646 1.26979122e+01
6573.95462550 2.23134556e+01
6574.01021454 1.26674690e+01
6574.06580358 -6.60503769e+00
6574.12139263 3.67221451e+00
6574.17698167 -1.35931396e+00
6574.23257071 -3.15276909e+00
6574.28815976 6.83910179e+00
6574.34374880 -8.35887146e+00
6574.39933784 1.78217392e+01
6574.45492688 -2.50950050e+00
6574.51051593 2.54588318e+00
6574.56610497 2.04892445e+01
6574.62169401 -9.09495735e+00
6574.67728305 1.25108471e+01
6574.73287210 -6.42374039e+00
6574.78846114 2.71362495e+01
6574.84405018 2.14039917e+01
6574.89963922 -2.74823608e+01
6574.95522827 2.47241211e+00
6575.01081731 -1.14379864e+01
6575.06640635 1.95366325e+01
6575.12199540 -5.97877884e+00
6575.17758444 -1.49179840e+00
6575.23317348 -1.69544563e+01
6575.28876252 1.15988197e+01
6575.34435157 -5.64670563e+00
6575.39994061 7.17968750e+00
6575.45552965 9.87549973e+00
6575.51111869 1.11827831e+01
6575.56670774 1.16859436e-01
6575.62229678 -7.78300095e+00
6575.67788582 3.99512329e+01
6575.73347487 5.68392563e+00
6575.78906391 -1.07992926e+01
6575.84465295 3.07774353e+00
6575.90024199 -8.47633553e+00
6575.95583104 -1.75889606e+01
6576.01142008 1.19795570e+01
6576.06700912 9.76188660e-01
6576.12259816 -1.27895775e+01
6576.17818721 -1.02730598e+01
6576.23377625 7.84641266e-01
6576.28936529 1.77527237e+00
6576.34495433 -5.77159500e+00
6576.40054338 -4.73904228e+00
6576.45613242 2.47314072e+00
6576.51172146 -1.94826889e+00
6576.56731051 2.57098198e+01
6576.62289955 2.03730488e+01
6576.67848859 1.56798592e+01
6576.73407763 2.74439793e+01
6576.78966668 2.27851486e+00
6576.84525572 -5.46739197e+00
6576.90084476 -7.89134026e+00
6576.95643380 2.59141102e+01
6577.01202285 -4.13387680e+00
6577.06761189 -3.85830116e+00
6577.12320093 -2.16460781e+01
6577.17878997 1.80377960e-01
6577.23437902 7.95715714e+00
6577.28996806 -1.84944458e+01
6577.34555710 2.18122406e+01
6577.40114615 1.37839756e+01
6577.45673519 -1.36729832e+01
6577.51232423 2.04746056e+01
6577.56791327 3.72798080e+01
6577.62350232 -3.59268188e+00
6577.67909136 -1.42011213e+01
6577.73468040 1.42187424e+01
6577.79026944 2.89113617e+00
6577.84585849 1.63127518e+00
6577.90144753 -8.82151413e+00
6577.95703657 -8.02450752e+00
6578.01262562 1.81323051e+01
6578.06821466 6.83509064e+00
6578.12380370 -4.94340515e+00
6578.17939274 7.46405983e+00
6578.23498179 8.86467171e+00
6578.29057083 3.44810486e-02
6578.34615987 -1.32998848e+00
6578.40174891 2.03917561e+01
6578.45733796 -2.46828899e+01
6578.51292700 -1.01261806e+01
6578.56851604 1.67656898e+01
6578.62410508 -3.66025467e+01
6578.67969413 1.04175568e+00
6578.73528317 9.83254814e+00
6578.79087221 3.43874435e+01
6578.84646126 -3.60670090e-01
6578.90205030 -2.66410828e-01
6578.95763934 2.05089569e-01
6579.01322838 -7.19688606e+00
6579.06881743 -9.78071785e+00
6579.12440647 -2.63671074e+01
6579.17999551 2.19891243e+01
6579.23558455 1.35497704e+01
6579.29117360 -9.54972458e+00
6579.34676264 -1.97310066e+00
6579.40235168 2.08916130e+01
6579.45794072 -1.15162868e+01
6579.51352977 1.21863060e+01
6579.56911881 -5.04650879e+00
6579.62470785 -1.26413708e+01
6579.68029690 1.83668098e+01
6579.73588594 2.39733467e+01
6579.79147498 8.79788017e+00
6579.84706402 -2.56489563e+00
6579.90265307 -3.10222626e-01
6579.95824211 -9.61995506e+00
6580.01383115 9.17027473e+00
6580.06942019 1.27184410e+01
6580.12500924 1.73339043e+01
6580.18059828 1.66786499e+01
6580.23618732 2.46866970e+01
6580.29177637 4.57334518e+00
6580.34736541 3.18888283e+00
6580.40295445 -3.13264275e+00
6580.45854349 -7.16052628e+00
6580.51413254 1.11641235e+01
6580.56972158 5.92569923e+00
6580.62531062 -7.28025818e+00
6580.68089966 -3.23601913e+00
6580.73648871 1.82773495e+01
6580.79207775 -1.49607601e+01
6580.84766679 -1.89637871e+01
6580.90325583 -5.37487030e+00
6580.95884488 3.89838333e+01
6581.01443392 -1.31842079e+01
6581.07002296 -1.24413109e+01
6581.12561201 2.30502834e+01
6581.18120105 -2.55252571e+01
6581.23679009 -1.59349251e+00
6581.29237913 1.14358120e+01
6581.34796818 -1.03716469e+00
6581.40355722 1.53210621e+01
6581.45914626 -4.06494904e+00
6581.51473530 2.10593224e+01
6581.57032435 1.68279724e+01
6581.62591339 -1.13856277e+01
6581.68150243 1.88105698e+01
6581.73709147 2.83254929e+01
6581.79268052 1.76023464e+01
6581.84826956 -2.26318455e+01
6581.90385860 -1.90791588e+01
6581.95944765 -5.80787659e+00
6582.01503669 7.70607567e+00
6582.07062573 7.64739609e+00
6582.12621477 1.09348717e+01
6582.18180382 3.84767151e+00
6582.23739286 -6.50908279e+00
6582.29298190 5.65976715e+00
6582.34857094 -1.85166321e+01
6582.40415999 2.00997467e+01
6582.45974903 8.61268044e+00
6582.51533807 2.70804977e+01
6582.57092712 -1.88870926e+01
6582.62651616 -5.47928238e+00
6582.68210520 -1.28999786e+01
6582.73769424 -2.55285263e+00
6582.79328329 5.96054840e+00
6582.84887233 2.19841061e+01
6582.90446137 4.94514847e+00
6582.96005041 1.51861725e+01
6583.01563946 1.44069862e+01
6583.07122850 2.62485504e+01
6583.12681754 1.95659599e+01
6583.18240658 3.44790115e+01
6583.23799563 5.26390877e+01
6583.29358467 4.46550255e+01
6583.34917371 4.33978233e+01
6583.40476276 3.38167381e+01
6583.46035180 4.04375229e+01
6583.51594084 5.65838127e+01
6583.57152988 7.25443726e+01
6583.62711893 4.57387314e+01
6583.68270797 5.74926796e+01
6583.73829701 3.26722450e+01
6583.79388605 -5.47817230e-01
6583.84947510 4.20554123e+01
6583.90506414 2.71993790e+01
6583.96065318 1.67094002e+01
6584.01624222 -2.74614716e+00
6584.07183127 4.31746826e+01
6584.12742031 2.07121658e+01
6584.18300935 1.34575539e+01
6584.23859840 8.27486420e+00
6584.29418744 1.40732040e+01
6584.34977648 -1.45190277e+01
6584.40536552 1.15429153e+01
6584.46095457 1.55012970e+01
6584.51654361 -1.07319622e+01
6584.57213265 1.56436157e+00
6584.62772169 4.61262703e+00
6584.68331074 -4.63649750e-01
6584.73889978 -8.49775314e+00
6584.79448882 3.00261421e+01
6584.85007787 1.95616226e+01
6584.90566691 3.48057938e+01
6584.96125595 1.32190552e+01
6585.01684499 -2.33077335e+01
6585.07243404 1.71447105e+01
6585.12802308 -1.12364254e+01
6585.18361212 8.61896896e+00
6585.23920116 -1.30216370e+01
6585.29479021 1.12323761e+00
6585.35037925 1.39573631e+01
6585.40596829 2.02114944e+01
6585.46155733 7.03965378e+00
6585.51714638 -2.44051971e+01
6585.57273542 3.58173866e+01
6585.62832446 2.26281052e+01
6585.68391351 1.67716293e+01
6585.73950255 -1.09625416e+01
6585.79509159 -1.18924141e+01
6585.85068063 -1.02877827e+01
6585.90626968 -8.75586891e+00
6585.96185872 1.81468143e+01
6586.01744776 1.26724434e+01
6586.07303680 6.13258743e+00
6586.12862585 -2.37713146e+01
6586.18421489 5.32795334e+00
6586.23980393 3.57848625e+01
6586.29539297 -8.14995956e+00
6586.35098202 9.52465057e-01
6586.40657106 1.68218880e+01
6586.46216010 1.31657257e+01
6586.51774915 -3.33775330e+00
6586.57333819 2.53225136e+00
6586.62892723 -2.09299850e+00
6586.68451627 -1.52920341e+01
6586.74010532 -1.82946053e+01
6586.79569436 2.35612907e+01
6586.85128340 7.90897560e+00
6586.90687244 -3.99961281e+00
6586.96246149 -3.51490784e+00
6587.01805053 3.20079803e+00
6587.07363957 5.54391098e+00
6587.12922862 1.26319084e+01
6587.18481766 1.31344833e+01
6587.24040670 -3.54782448e+01
6587.29599574 1.28931046e+01
6587.35158479 9.29005814e+00
6587.40717383 -1.02768974e+01
6587.46276287 5.98153687e+00
6587.51835191 1.43252831e+01
6587.57394096 -3.49211121e+00
6587.62953000 1.69003067e+01
6587.68511904 2.06829453e+00
6587.74070808 2.23470936e+01
6587.79629713 -4.78176117e+00
6587.85188617 -3.30993729e+01
6587.90747521 2.47432117e+01
6587.96306426 2.19484673e+01
6588.01865330 -9.02986526e+00
6588.07424234 1.00049591e+00
6588.12983138 -1.06942921e+01
6588.18542043 3.89054413e+01
6588.24100947 4.01890526e+01
6588.29659851 1.09255371e+01
6588.35218755 2.06210766e+01
6588.40777660 1.58870201e+01
6588.46336564 -6.24340057e+00
6588.51895468 8.20327759e+00
6588.57454372 -7.79537582e+00
6588.63013277 5.94112396e+00
6588.68572181 -1.00356426e+01
6588.74131085 1.66348610e+01
6588.79689990 2.70388031e+01
6588.85248894 1.19105873e+01
6588.90807798 -1.11115875e+01
6588.96366702 1.55557747e+01
6589.01925607 1.90320435e+01
6589.07484511 1.65073318e+01
6589.13043415 6.94307327e-01
6589.18602319 3.77523422e+00
6589.24161224 1.03982925e+00
6589.29720128 -4.24745560e+00
6589.35279032 -1.96372986e+01
6589.40837937 1.14984131e+00
6589.46396841 3.90526581e+00
6589.51955745 2.24051857e+01
6589.57514649 -1.08788223e+01
6589.63073554 -1.07792015e+01
6589.68632458 1.70212517e+01
6589.74191362 -1.45590019e+01
6589.79750266 -6.44317818e+00
6589.85309171 1.19430313e+01
6589.90868075 -2.19913483e-01
6589.96426979 -1.95537338e+01
6590.01985883 -6.46942139e-01
6590.07544788 1.41431618e+01
6590.13103692 1.85934448e+01
6590.18662596 -1.92063904e+00
6590.24221501 3.42836342e+01
6590.29780405 -1.50560760e+00
6590.35339309 7.52803040e+00
6590.40898213 4.48662643e+01
6590.46457118 9.69950104e+00
6590.52016022 -3.58478165e+00
6590.57574926 2.54021378e+01
6590.63133830 2.57772636e+00
6590.68692735 -4.96310806e+00
6590.74251639 2.92233658e+00
6590.79810543 4.48884773e+00
6590.85369447 -1.33236313e+00
6590.90928352 -2.17679596e+00
6590.96487256 1.71999550e+00
6591.02046160 -1.01813469e+01
6591.07605065 -1.07861748e+01
6591.13163969 1.64923630e+01
6591.18722873 9.34941864e+00
6591.24281777 2.18471870e+01
6591.29840682 -4.23670959e+00
6591.35399586 3.15146179e+01
6591.40958490 7.97375107e+00
6591.46517394 -8.07944679e+00
6591.52076299 2.47050896e+01
6591.57635203 2.27229614e+01
6591.63194107 2.05089035e+01
6591.68753012 8.17265320e+00
6591.74311916 -6.18564606e+00
6591.79870820 -1.34602070e+01
6591.85429724 9.95401764e+00
6591.90988629 -6.87393188e-01
6591.96547533 -3.24245682e+01
6592.02106437 -1.82850971e+01
6592.07665341 1.74417305e+01
6592.13224246 8.99635887e+00
6592.18783150 -6.41005898e+00
6592.24342054 -1.36760788e+01
6592.29900958 -4.22941208e+00
6592.35459863 3.23822823e+01
6592.41018767 1.12885857e+01
6592.46577671 4.53605652e+01
6592.52136576 1.80130730e+01
6592.57695480 -2.99012947e+01
6592.63254384 -5.89431763e-01
6592.68813288 6.78887482e+01
6592.74372193 -4.05732346e+00
6592.79931097 -2.92661285e+00
6592.85490001 -1.18410301e+01
6592.91048905 -1.49057007e+00
6592.96607810 -1.08194790e+01
6593.02166714 2.13302689e+01
6593.07725618 1.08014259e+01
6593.13284522 3.77393341e+00
6593.18843427 1.67509842e+00
6593.24402331 -1.16778946e+00
6593.29961235 8.03885269e+00
6593.35520140 -2.02865601e-02
6593.41079044 1.03071365e+01
6593.46637948 4.27181625e+00
6593.52196852 3.77053413e+01
6593.57755757 -1.50658417e+00
6593.63314661 2.80307388e+00
6593.68873565 1.94088726e+01
6593.74432469 -3.00841064e+01
6593.79991374 1.61545639e+01
6593.85550278 -1.98248672e+00
6593.91109182 6.63575554e+00
6593.96668087 2.23129120e+01
6594.02226991 -2.07430649e+00
6594.07785895 9.26597977e+00
6594.13344799 1.40156860e+01
6594.18903704 -4.98417282e+00
6594.24462608 6.46303177e+00
6594.30021512 2.71543369e+01
6594.35580416 2.36174812e+01
6594.41139321 7.51976013e+00
6594.46698225 -7.85373688e+00
6594.52257129 1.47071075e+01
6594.57816033 2.28061295e+00
6594.63374938 3.00029125e+01
6594.68933842 -4.35915565e+00
6594.74492746 -2.36946049e+01
6594.80051651 1.48001709e+01
6594.85610555 3.47189178e+01
6594.91169459 -1.69375229e+00
6594.96728363 -2.13300323e+00
6595.02287268 1.96833000e+01
6595.07846172 6.54608154e+00
6595.13405076 1.16915531e+01
6595.18963980 -1.24480686e+01
6595.24522885 1.48672371e+01
6595.30081789 1.07212753e+01
6595.35640693 -2.66477585e+00
6595.41199597 -1.48756351e+01
6595.46758502 -3.29290962e+01
6595.52317406 -2.04214096e+00
6595.57876310 3.34116516e+01
6595.63435215 -3.15712471e+01
6595.68994119 2.01266479e+00
6595.74553023 -1.54076881e+01
6595.80111927 2.13404655e+00
6595.85670832 -8.14797592e+00
6595.91229736 -1.39344559e+01
6595.96788640 8.25000000e+00
6596.02347544 -1.00181618e+01
6596.07906449 5.22815323e+00
6596.13465353 -1.20217304e+01
6596.19024257 2.47398643e+01
6596.24583162 -2.76302052e+01
6596.30142066 -7.79949570e+00
6596.35700970 -1.53692818e+01
6596.41259874 7.72802353e+00
6596.46818779 -8.55559731e+00
6596.52377683 3.72549896e+01
6596.57936587 2.71493607e+01
6596.63495491 -1.26169586e+01
6596.69054396 -9.70666313e+00
6596.74613300 -5.29633331e+00
6596.80172204 8.41067886e+00
6596.85731108 4.73959198e+01
6596.91290013 2.80457573e+01
6596.96848917 1.27886276e+01
6597.02407821 -7.52663994e+00
6597.07966726 -1.66459866e+01
6597.13525630 1.84751472e+01
6597.19084534 5.12892914e+00
6597.24643438 -2.48664150e+01
6597.30202343 -4.99514771e+00
6597.35761247 2.37367630e+00
6597.41320151 2.55742645e+00
6597.46879055 1.66716003e+01
6597.52437960 3.78919868e+01
6597.57996864 1.01367664e+01
6597.63555768 5.20261574e+00
6597.69114672 -1.72904873e+01
6597.74673577 5.94072533e+00
6597.80232481 3.18145752e+00
6597.85791385 -1.39738894e+01
6597.91350290 -9.43828583e-01
6597.96909194 1.26938229e+01
6598.02468098 3.58011589e+01
6598.08027002 6.48095703e+00
6598.13585907 -7.58606339e+00
6598.19144811 -8.83641815e+00
6598.24703715 -4.31145096e+00
6598.30262619 9.21763611e+00
6598.35821524 -2.22179031e+00
6598.41380428 -1.21563492e+01
6598.46939332 1.45710373e+01
6598.52498237 2.86865234e+01
6598.58057141 3.22534866e+01
6598.63616045 1.69819775e+01
6598.69174949 8.95826721e+00
6598.74733854 -1.23683548e+01
6598.80292758 -7.64274597e-02
6598.85851662 2.43466434e+01
6598.91410566 3.50838470e+00
6598.96969471 2.58385010e+01
6599.02528375 -2.90539932e+00
6599.08087279 -1.79403305e+00
6599.13646183 2.74838486e+01
6599.19205088 -1.13076744e+01
6599.24763992 -4.07297440e+01
6599.30322896 3.19044113e+00
6599.35881801 3.80714378e+01
6599.41440705 -7.46154785e-01
6599.46999609 8.65640259e+00
6599.52558513 1.99266357e+01
6599.58117418 1.88293266e+00
6599.63676322 -2.12644272e+01
6599.69235226 8.29416656e+00
6599.74794130 -6.09141350e+00
6599.80353035 -6.94906616e+00
6599.85911939 5.02057686e+01
6599.91470843 -7.08787727e+00
6599.97029747 6.52425766e-01
6600.02588652 -1.30005264e+01
6600.08147556 6.89115524e+00
6600.13706460 -2.41407394e+00
6600.19265365 -2.18241119e+00
6600.24824269 -1.40629158e+01
6600.30383173 -2.99531937e+00
6600.35942077 8.76233292e+00
6600.41500982 9.35163116e+00
