# Rest-frame spectrum generated from: N2541C0001o_1d.fits
# lambda_Ha_obs = 6575.91700000 Angstrom
# lambda_Ha_rest = 6562.80000000 Angstrom
# z_Ha = 1.9986895837e-03
# v_Ha_relativistic = 598.593265 km/s
# v_Ha_classical = 599.192063 km/s
# columns: wavelength_rest[Angstrom] flux_or_counts

6543.14688984 -4.68232193e+01
6543.20246017 -4.68160896e+01
6543.25803050 -4.68304863e+01
6543.31360083 -4.68305283e+01
6543.36917116 -4.68228569e+01
6543.42474148 -4.68226814e+01
6543.48031181 -4.68152199e+01
6543.53588214 -4.68229713e+01
6543.59145247 -4.68230133e+01
6543.64702280 -4.68230019e+01
6543.70259313 -4.68303452e+01
6543.75816345 -4.68241081e+01
6543.81373378 -4.68186188e+01
6543.86930411 -4.62018585e+01
6543.92487444 -4.95356140e+01
6543.98044477 -4.17824516e+01
6544.03601510 -3.11405468e+01
6544.09158543 -1.34019260e+01
6544.14715575 2.63536453e+00
6544.20272608 -1.55440922e+01
6544.25829641 6.02903366e+00
6544.31386674 2.65099010e+01
6544.36943707 1.93367577e+01
6544.42500740 4.40394020e+00
6544.48057772 -1.28651810e+00
6544.53614805 1.20087585e+01
6544.59171838 1.87340374e+01
6544.64728871 -3.08207188e+01
6544.70285904 1.94362736e+01
6544.75842937 -1.94162750e+00
6544.81399969 -2.67732887e+01
6544.86957002 -5.06650925e+00
6544.92514035 1.74898109e+01
6544.98071068 -2.12738228e+01
6545.03628101 1.72879944e+01
6545.09185134 8.18060684e+00
6545.14742167 -2.58654022e+01
6545.20299199 -1.92646885e+01
6545.25856232 -2.97622643e+01
6545.31413265 5.55209351e+00
6545.36970298 -1.78901672e-01
6545.42527331 1.60285759e+00
6545.48084364 3.57402267e+01
6545.53641396 3.30675583e+01
6545.59198429 5.79502106e+00
6545.64755462 -5.35273552e+00
6545.70312495 5.58445930e+00
6545.75869528 1.25904465e+01
6545.81426561 7.53431320e+00
6545.86983594 7.48435402e+00
6545.92540626 6.96835709e+00
6545.98097659 2.72307205e+00
6546.03654692 1.68263149e+01
6546.09211725 1.17288113e+01
6546.14768758 -1.21791134e+01
6546.20325791 2.73228073e+00
6546.25882823 1.63088875e+01
6546.31439856 3.65690804e+00
6546.36996889 -1.11470242e+01
6546.42553922 9.88439560e+00
6546.48110955 8.84027290e+00
6546.53667988 -1.73945866e+01
6546.59225020 3.27542572e+01
6546.64782053 -3.19715672e+01
6546.70339086 1.23214722e-02
6546.75896119 -1.16899071e+01
6546.81453152 3.72385025e+00
6546.87010185 -8.60097313e+00
6546.92567218 2.51928864e+01
6546.98124250 2.87347031e+00
6547.03681283 5.18713760e+00
6547.09238316 1.37427940e+01
6547.14795349 -6.35736847e+00
6547.20352382 2.20246449e+01
6547.25909415 -1.62104435e+01
6547.31466447 -2.80597744e+01
6547.37023480 1.64368534e+01
6547.42580513 3.41680908e+01
6547.48137546 7.20037842e+00
6547.53694579 2.18236217e+01
6547.59251612 -6.70999527e+00
6547.64808645 -1.15056190e+01
6547.70365677 -6.62891006e+00
6547.75922710 2.08166847e+01
6547.81479743 -2.23467255e+00
6547.87036776 -9.43000793e-01
6547.92593809 3.13456440e+01
6547.98150842 1.35293941e+01
6548.03707874 -1.26842022e+01
6548.09264907 7.30258942e+00
6548.14821940 -6.01935959e+00
6548.20378973 -1.23214951e+01
6548.25936006 8.54979515e+00
6548.31493039 4.13381653e+01
6548.37050071 -6.96701050e-01
6548.42607104 4.62177277e+00
6548.48164137 -1.27135067e+01
6548.53721170 1.73272114e+01
6548.59278203 6.95334625e+00
6548.64835236 -1.04256783e+01
6548.70392269 -3.33718147e+01
6548.75949301 2.15107136e+01
6548.81506334 2.26188660e+00
6548.87063367 -2.29491539e+01
6548.92620400 2.77894821e+01
6548.98177433 3.80498886e+00
6549.03734466 2.53257179e+01
6549.09291498 8.65932846e+00
6549.14848531 3.38160133e+00
6549.20405564 -5.69550133e+00
6549.25962597 1.84350739e+01
6549.31519630 -1.43717194e+00
6549.37076663 1.56921501e+01
6549.42633696 8.35624313e+00
6549.48190728 -3.61632538e+00
6549.53747761 2.46118469e+01
6549.59304794 3.36929321e-01
6549.64861827 1.70938301e+01
6549.70418860 1.82472191e+01
6549.75975893 -1.44599380e+01
6549.81532925 -1.26824532e+01
6549.87089958 -2.73989868e+00
6549.92646991 -1.04303474e+01
6549.98204024 -2.58166313e+00
6550.03761057 1.39480515e+01
6550.09318090 1.90110321e+01
6550.14875122 4.18217087e+00
6550.20432155 9.46826172e+00
6550.25989188 -4.59721375e+00
6550.31546221 7.26448250e+00
6550.37103254 1.31596603e+01
6550.42660287 -6.12095833e+00
6550.48217320 -2.53959808e+01
6550.53774352 3.84023666e+00
6550.59331385 6.28295517e+00
6550.64888418 -3.25201645e+01
6550.70445451 -7.18091965e+00
6550.76002484 -5.30129051e+00
6550.81559517 -3.47226372e+01
6550.87116549 -1.14587402e+01
6550.92673582 -2.09748611e+01
6550.98230615 1.72716942e+01
6551.03787648 9.96143341e-01
6551.09344681 -1.20851097e+01
6551.14901714 2.82506180e+00
6551.20458747 -2.95000076e-01
6551.26015779 3.85144043e+00
6551.31572812 6.72605896e+00
6551.37129845 -2.03318138e+01
6551.42686878 -1.14211636e+01
6551.48243911 -2.98285370e+01
6551.53800944 1.71333141e+01
6551.59357976 2.54249401e+01
6551.64915009 -2.10083389e+01
6551.70472042 -1.32396431e+01
6551.76029075 1.33017807e+01
6551.81586108 2.17078056e+01
6551.87143141 1.62236023e+00
6551.92700173 7.71830750e+00
6551.98257206 -1.53511047e+00
6552.03814239 -1.07586708e+01
6552.09371272 -6.18233681e+00
6552.14928305 -4.02918243e+00
6552.20485338 -1.07905197e+00
6552.26042371 1.74345779e+00
6552.31599403 1.35810547e+01
6552.37156436 1.15211811e+01
6552.42713469 -4.89352608e+01
6552.48270502 -2.66304398e+00
6552.53827535 2.50861549e+01
6552.59384568 2.97083664e+00
6552.64941600 1.11102829e+01
6552.70498633 -7.45856667e+00
6552.76055666 -4.88041115e+00
6552.81612699 -2.60848808e+00
6552.87169732 -2.01398697e+01
6552.92726765 -9.78700638e-01
6552.98283798 -1.21578102e+01
6553.03840830 -9.31354713e+00
6553.09397863 -9.07942009e+00
6553.14954896 -2.09898281e+01
6553.20511929 1.19074287e+01
6553.26068962 -4.40522575e+00
6553.31625995 -6.92787933e+00
6553.37183027 1.19219780e+01
6553.42740060 1.67541847e+01
6553.48297093 2.00289841e+01
6553.53854126 7.83764839e+00
6553.59411159 -1.53395844e+01
6553.64968192 -5.30699158e+00
6553.70525224 -3.39224052e+00
6553.76082257 1.70751381e+00
6553.81639290 6.25225449e+00
6553.87196323 3.28298950e+00
6553.92753356 1.42631264e+01
6553.98310389 3.61190987e+00
6554.03867422 -1.37622948e+01
6554.09424454 6.16009521e+00
6554.14981487 -1.09018326e-01
6554.20538520 -1.06870728e+01
6554.26095553 -1.66106300e+01
6554.31652586 9.29645729e+00
6554.37209619 -5.65429306e+00
6554.42766651 1.81613770e+01
6554.48323684 1.09430771e+01
6554.53880717 2.57519855e+01
6554.59437750 -5.08456993e+00
6554.64994783 -1.50304909e+01
6554.70551816 -3.93352509e+01
6554.76108849 1.60111732e+01
6554.81665881 2.46611786e+00
6554.87222914 -1.63468037e+01
6554.92779947 6.76509857e-01
6554.98336980 8.65486526e+00
6555.03894013 -1.05560284e+01
6555.09451046 2.06432343e-02
6555.15008078 -1.11312332e+01
6555.20565111 4.26753998e-01
6555.26122144 3.45914078e+00
6555.31679177 9.20930672e+00
6555.37236210 1.80163193e+01
6555.42793243 1.13792839e+01
6555.48350276 3.28176117e+00
6555.53907308 -8.45966530e+00
6555.59464341 -2.69181900e+01
6555.65021374 1.86043358e+01
6555.70578407 1.64583340e+01
6555.76135440 4.09259033e+00
6555.81692473 1.53495331e+01
6555.87249505 1.91907883e+01
6555.92806538 3.00393295e+00
6555.98363571 2.02994347e+01
6556.03920604 1.24461098e+01
6556.09477637 2.28667793e+01
6556.15034670 1.16205788e+00
6556.20591702 1.30859623e+01
6556.26148735 1.05348625e+01
6556.31705768 2.56551132e+01
6556.37262801 2.88154602e-01
6556.42819834 -2.02190266e+01
6556.48376867 -2.21880913e+00
6556.53933900 -8.58115196e+00
6556.59490932 7.21594238e+00
6556.65047965 -1.00201225e+01
6556.70604998 -2.01838264e+01
6556.76162031 -6.15926743e+00
6556.81719064 -3.32188034e+01
6556.87276097 1.05210686e+01
6556.92833129 -4.06853867e+00
6556.98390162 1.30734215e+01
6557.03947195 -6.94145966e+00
6557.09504228 -1.32586060e+01
6557.15061261 -1.05701580e+01
6557.20618294 2.50836926e+01
6557.26175327 2.67019768e+01
6557.31732359 2.42054195e+01
6557.37289392 -3.02560902e+01
6557.42846425 -1.64704418e+01
6557.48403458 5.31582718e+01
6557.53960491 3.02188320e+01
6557.59517524 1.20906792e+01
6557.65074556 -1.27280960e+01
6557.70631589 1.66965942e+01
6557.76188622 1.09838142e+01
6557.81745655 2.55102158e+00
6557.87302688 -4.45549774e+00
6557.92859721 5.81477737e+00
6557.98416753 9.10784531e+00
6558.03973786 1.23448868e+01
6558.09530819 1.11020966e+01
6558.15087852 -5.51460266e-01
6558.20644885 -9.76809692e+00
6558.26201918 -2.12053757e+01
6558.31758951 1.10261765e+01
6558.37315983 6.42509460e-02
6558.42873016 9.09728622e+00
6558.48430049 2.31939697e+01
6558.53987082 -7.57745743e-01
6558.59544115 -6.18154240e+00
6558.65101148 1.23621082e+01
6558.70658180 2.32994556e+01
6558.76215213 9.80028915e+00
6558.81772246 1.04988327e+01
6558.87329279 3.35801506e+00
6558.92886312 -1.00010643e+01
6558.98443345 -9.93573189e+00
6559.04000378 9.98094559e+00
6559.09557410 1.85916729e+01
6559.15114443 2.14724350e+00
6559.20671476 2.11652050e+01
6559.26228509 -3.75107002e+00
6559.31785542 -9.81458664e+00
6559.37342575 2.37447872e+01
6559.42899607 2.47365189e+01
6559.48456640 -1.47636452e+01
6559.54013673 5.11419106e+00
6559.59570706 1.65893364e+01
6559.65127739 1.65584373e+00
6559.70684772 7.39640617e+00
6559.76241804 -1.44314156e+01
6559.81798837 -1.34875546e+01
6559.87355870 1.12035179e+01
6559.92912903 -2.11687794e+01
6559.98469936 -1.63851757e+01
6560.04026969 6.75919914e+00
6560.09584002 4.49308357e+01
6560.15141034 -3.27237511e+00
6560.20698067 -2.06563091e+01
6560.26255100 -8.24631119e+00
6560.31812133 2.92938614e+01
6560.37369166 -1.27826633e+01
6560.42926199 7.67807388e+00
6560.48483231 1.01510201e+01
6560.54040264 1.93792400e+01
6560.59597297 1.65996075e+01
6560.65154330 -1.18989029e+01
6560.70711363 -1.08908195e+01
6560.76268396 1.77962437e+01
6560.81825429 2.16007881e+01
6560.87382461 -4.92323875e+00
6560.92939494 2.71167755e+01
6560.98496527 -1.04088440e+01
6561.04053560 -6.06559563e+00
6561.09610593 1.37604523e+00
6561.15167626 7.78834152e+00
6561.20724658 4.99114227e+00
6561.26281691 -9.74295044e+00
6561.31838724 4.18579865e+00
6561.37395757 2.11897812e+01
6561.42952790 4.35633087e+01
6561.48509823 1.13693771e+01
6561.54066855 8.34764481e+00
6561.59623888 2.36102219e+01
6561.65180921 -2.86614227e+00
6561.70737954 4.98455734e+01
6561.76294987 3.34053535e+01
6561.81852020 2.86573563e+01
6561.87409053 3.51044388e+01
6561.92966085 4.65849457e+01
6561.98523118 7.05178986e+01
6562.04080151 1.06010254e+02
6562.09637184 6.48760376e+01
6562.15194217 1.19886215e+02
6562.20751250 1.40210968e+02
6562.26308282 1.25255585e+02
6562.31865315 1.99795517e+02
6562.37422348 1.98289139e+02
6562.42979381 2.37893753e+02
6562.48536414 2.94441101e+02
6562.54093447 3.19712097e+02
6562.59650480 3.60467285e+02
6562.65207512 3.36032013e+02
6562.70764545 3.70773621e+02
6562.76321578 3.72434662e+02
6562.81878611 3.69674805e+02
6562.87435644 4.01298950e+02
6562.92992677 3.42853882e+02
6562.98549709 3.59652588e+02
6563.04106742 3.19495972e+02
6563.09663775 3.08888794e+02
6563.15220808 2.78431641e+02
6563.20777841 2.42214172e+02
6563.26334874 2.07562103e+02
6563.31891906 1.66244247e+02
6563.37448939 1.46319839e+02
6563.43005972 9.43252182e+01
6563.48563005 6.91223907e+01
6563.54120038 6.34260941e+01
6563.59677071 3.89593582e+01
6563.65234104 4.20481071e+01
6563.70791136 2.11523056e-01
6563.76348169 1.59122849e+01
6563.81905202 3.43357277e+01
6563.87462235 6.43591309e+00
6563.93019268 -9.69664764e+00
6563.98576301 2.56271248e+01
6564.04133333 2.88777924e+01
6564.09690366 3.32799644e+01
6564.15247399 1.25966835e+01
6564.20804432 8.93098068e+00
6564.26361465 -1.75022469e+01
6564.31918498 1.17361259e+01
6564.37475531 1.69965477e+01
6564.43032563 1.23294773e+01
6564.48589596 -4.39952850e-01
6564.54146629 1.62825851e+01
6564.59703662 3.42184906e+01
6564.65260695 8.28359985e+00
6564.70817728 3.60026932e+01
6564.76374760 5.47626114e+00
6564.81931793 6.22767067e+00
6564.87488826 1.87839203e+01
6564.93045859 2.61138916e-01
6564.98602892 -2.56015282e+01
6565.04159925 -7.65651703e+00
6565.09716958 2.99432316e+01
6565.15273990 -9.15530777e+00
6565.20831023 -4.98930740e+00
6565.26388056 1.97265110e+01
6565.31945089 1.55493507e+01
6565.37502122 1.63912106e+01
6565.43059155 -2.44984436e+00
6565.48616187 5.24129295e+00
6565.54173220 -4.03017426e+00
6565.59730253 -2.31686058e+01
6565.65287286 6.28395844e+00
6565.70844319 -4.50830078e+00
6565.76401352 1.10108566e+00
6565.81958384 8.91956711e+00
6565.87515417 -1.26478348e+01
6565.93072450 1.11050568e+01
6565.98629483 -6.59478760e+00
6566.04186516 4.59323120e+00
6566.09743549 4.27255783e+01
6566.15300582 2.19993591e+00
6566.20857614 -2.51180515e+01
6566.26414647 -2.44123459e+00
6566.31971680 3.97089767e+00
6566.37528713 6.20500565e+00
6566.43085746 -3.20449257e+00
6566.48642779 -7.01770592e+00
6566.54199811 -1.64974823e+01
6566.59756844 3.51138496e+01
6566.65313877 3.59553833e+01
6566.70870910 2.00321655e+01
6566.76427943 3.43164825e+01
6566.81984976 1.88520412e+01
6566.87542009 -3.24997940e+01
6566.93099041 3.88764191e+00
6566.98656074 8.13248825e+00
6567.04213107 9.04124451e+00
6567.09770140 8.42811584e-01
6567.15327173 -1.96754913e+01
6567.20884206 -5.55040359e+00
6567.26441238 1.81620846e+01
6567.31998271 2.79326935e+01
6567.37555304 -4.84015274e+00
6567.43112337 -7.19234085e+00
6567.48669370 4.04064560e+00
6567.54226403 3.26015282e+00
6567.59783435 -1.51479702e+01
6567.65340468 1.25616150e+01
6567.70897501 2.25591278e+00
6567.76454534 7.70377922e+00
6567.82011567 -1.30626163e+01
6567.87568600 1.99951553e+01
6567.93125633 9.61069107e-01
6567.98682665 8.40092850e+00
6568.04239698 2.87636242e+01
6568.09796731 1.96228886e+01
6568.15353764 1.16389599e+01
6568.20910797 5.05764008e-01
6568.26467830 -8.40332985e+00
6568.32024862 6.09779739e+00
6568.37581895 1.92222328e+01
6568.43138928 2.61067104e+01
6568.48695961 -4.76480103e+00
6568.54252994 8.75294304e+00
6568.59810027 -1.97993088e+00
6568.65367060 -2.20152092e+01
6568.70924092 -6.21458435e+00
6568.76481125 1.26045742e+01
6568.82038158 2.64395523e+00
6568.87595191 -9.25221443e+00
6568.93152224 -1.71097393e+01
6568.98709257 2.00409775e+01
6569.04266289 -2.01014481e+01
6569.09823322 -5.12443733e+01
6569.15380355 7.79790115e+00
6569.20937388 1.28422146e+01
6569.26494421 -1.86162949e+00
6569.32051454 2.04830379e+01
6569.37608486 1.09871750e+01
6569.43165519 -1.80433273e+00
6569.48722552 -7.09377289e+00
6569.54279585 1.75732994e+00
6569.59836618 1.32971954e+00
6569.65393651 -2.81643448e+01
6569.70950684 1.32449665e+01
6569.76507716 2.05089741e+01
6569.82064749 -2.46434746e+01
6569.87621782 -1.13103065e+01
6569.93178815 -6.94732666e-02
6569.98735848 -2.10384560e+00
6570.04292881 2.35824585e+00
6570.09849913 1.72095146e+01
6570.15406946 3.09926987e+00
6570.20963979 -2.45020523e+01
6570.26521012 -3.81701546e+01
6570.32078045 -2.99308701e+01
6570.37635078 -1.58345871e+01
6570.43192111 8.67474365e+00
6570.48749143 -5.34223175e+00
6570.54306176 4.27864456e+00
6570.59863209 1.26759987e+01
6570.65420242 -2.95309181e+01
6570.70977275 -9.67189026e+00
6570.76534308 -2.87045288e+00
6570.82091340 1.68840256e+01
6570.87648373 6.93594933e+00
6570.93205406 1.10518436e+01
6570.98762439 2.54898033e+01
6571.04319472 3.57277298e+00
6571.09876505 -2.59281921e+01
6571.15433537 4.01451492e+00
6571.20990570 1.42091637e+01
6571.26547603 -2.76640358e+01
6571.32104636 -1.30800056e+01
6571.37661669 -8.96248436e+00
6571.43218702 -1.33899689e-01
6571.48775735 -1.24805336e+01
6571.54332767 1.76030731e+00
6571.59889800 4.77740097e+00
6571.65446833 1.62788391e-01
6571.71003866 5.65075111e+00
6571.76560899 3.34582672e+01
6571.82117932 -3.25373459e+00
6571.87674964 1.66323948e+01
6571.93231997 1.55158997e-01
6571.98789030 -3.92859650e+00
6572.04346063 -3.92087555e+00
6572.09903096 3.08985710e+00
6572.15460129 -6.19664764e+00
6572.21017162 3.39000320e+00
6572.26574194 -1.74760437e+01
6572.32131227 -1.37465229e+01
6572.37688260 -1.52350578e+01
6572.43245293 9.04934311e+00
6572.48802326 -8.58162498e+00
6572.54359359 2.13905048e+01
6572.59916391 -2.66887283e+01
6572.65473424 -2.32339630e+01
6572.71030457 -2.64359245e+01
6572.76587490 -1.68227882e+01
6572.82144523 1.43921394e+01
6572.87701556 2.44921494e+00
6572.93258588 6.96620941e-01
6572.98815621 -1.97462463e+00
6573.04372654 -5.19633865e+00
6573.09929687 -1.01128006e+00
6573.15486720 2.77234306e+01
6573.21043753 5.51925659e-01
6573.26600786 -2.01566811e+01
6573.32157818 -3.58979225e+01
6573.37714851 1.11423569e+01
6573.43271884 2.08647842e+01
6573.48828917 -2.15930367e+00
6573.54385950 -4.35149002e+00
6573.59942983 -2.71680450e+00
6573.65500015 5.22524261e+00
6573.71057048 1.36497498e+00
6573.76614081 -2.04578152e+01
6573.82171114 -6.41910553e+00
6573.87728147 -1.88732224e+01
6573.93285180 9.23333740e+00
6573.98842213 -8.88557434e+00
6574.04399245 -2.22964001e+01
6574.09956278 -1.65959587e+01
6574.15513311 -1.86725883e+01
6574.21070344 1.18289108e+01
6574.26627377 2.39006996e+01
6574.32184410 1.26654739e+01
6574.37741442 -1.07526550e+01
6574.43298475 -1.04081860e+01
6574.48855508 -3.27863693e+00
6574.54412541 -7.70236969e-01
6574.59969574 -1.44029083e+01
6574.65526607 -7.33312225e+00
6574.71083639 -1.40662956e+01
6574.76640672 3.01831398e+01
6574.82197705 -8.29084587e+00
6574.87754738 -5.06972885e+00
6574.93311771 2.05521660e+01
6574.98868804 3.36742020e+00
6575.04425837 -3.14577866e+00
6575.09982869 -3.78825760e+00
6575.15539902 -6.47767639e+00
6575.21096935 1.94783859e+01
6575.26653968 -1.91555786e+00
6575.32211001 -8.04176712e+00
6575.37768034 -7.25841904e+00
6575.43325066 -4.88351631e+00
6575.48882099 -3.87063599e+00
6575.54439132 2.30691109e+01
6575.59996165 -2.03412647e+01
6575.65553198 6.52650452e+00
6575.71110231 7.27808762e+00
6575.76667264 -2.06541748e+01
6575.82224296 -1.17658195e+01
6575.87781329 -2.17705364e+01
6575.93338362 1.22937775e+01
6575.98895395 9.92027283e+00
6576.04452428 -6.23136139e+00
6576.10009461 -1.87952423e+00
6576.15566493 2.85574150e+00
6576.21123526 2.76844406e+00
6576.26680559 -5.53741455e-01
6576.32237592 -1.04298553e+01
6576.37794625 7.52469635e+00
6576.43351658 7.58728027e-01
6576.48908691 -3.26792793e+01
6576.54465723 -2.06310291e+01
6576.60022756 1.66050987e+01
6576.65579789 -8.84854889e+00
6576.71136822 -3.06512833e+00
6576.76693855 3.48939323e+00
6576.82250888 2.13973446e+01
6576.87807920 -1.80839462e+01
6576.93364953 5.51561737e+00
6576.98921986 -5.65426254e+00
6577.04479019 2.06137524e+01
6577.10036052 -8.87729645e+00
6577.15593085 -3.63543396e+01
6577.21150117 5.37716675e+00
6577.26707150 1.80848503e+01
6577.32264183 -2.03659019e+01
6577.37821216 7.15741348e+00
6577.43378249 -1.63027096e+01
6577.48935282 5.36095810e+00
6577.54492315 1.48750191e+01
6577.60049347 1.14971581e+01
6577.65606380 1.35213242e+01
6577.71163413 3.46915741e+01
6577.76720446 -1.80471420e+00
6577.82277479 1.22364044e+00
6577.87834512 -1.26550407e+01
6577.93391544 3.33138771e+01
6577.98948577 2.12756424e+01
6578.04505610 3.19140892e+01
6578.10062643 8.57112122e+00
6578.15619676 -1.43948479e+01
6578.21176709 7.07701874e+00
6578.26733742 3.88647079e+01
6578.32290774 2.39341602e+01
6578.37847807 4.73360825e+00
6578.43404840 -1.13389702e+01
6578.48961873 -6.42307854e+00
6578.54518906 -1.93942413e+01
6578.60075939 -1.66079369e+01
6578.65632971 -3.36941910e+01
6578.71190004 5.38371468e+00
6578.76747037 -1.89468002e+00
6578.82304070 6.34072113e+00
6578.87861103 -1.81806831e+01
6578.93418136 -1.95281601e+00
6578.98975168 1.72609367e+01
6579.04532201 -4.34704590e+00
6579.10089234 -1.16224670e+00
6579.15646267 -9.90039253e+00
6579.21203300 -4.58093452e+00
6579.26760333 9.05482101e+00
6579.32317366 -1.18793335e+01
6579.37874398 -5.43688965e+00
6579.43431431 -2.09847908e+01
6579.48988464 1.23218651e+01
6579.54545497 2.72475357e+01
6579.60102530 5.36525726e-01
6579.65659563 2.15008335e+01
6579.71216595 -1.58739643e+01
6579.76773628 -2.04607582e+01
6579.82330661 5.01726532e+00
6579.87887694 2.97538757e-01
6579.93444727 -3.00733185e+00
6579.99001760 7.44451904e+00
6580.04558793 8.56409836e+00
6580.10115825 1.44427490e+00
6580.15672858 -2.81880951e+00
6580.21229891 -1.80884800e+01
6580.26786924 -3.04580688e-01
6580.32343957 -1.79859066e+01
6580.37900990 -1.13781242e+01
6580.43458022 -1.48303986e-01
6580.49015055 2.69491806e+01
6580.54572088 4.89989090e+00
6580.60129121 2.13689041e+00
6580.65686154 8.93344116e+00
6580.71243187 2.16693001e+01
6580.76800219 3.96631241e+00
6580.82357252 -5.35277557e+00
6580.87914285 -2.20167046e+01
6580.93471318 -7.23868370e+00
6580.99028351 1.44769669e+00
6581.04585384 -7.82259750e+00
6581.10142417 1.76724815e+01
6581.15699449 1.05024338e+00
6581.21256482 -6.72867012e+00
6581.26813515 2.36480370e+01
6581.32370548 -1.31371956e+01
6581.37927581 -7.24201584e+00
6581.43484614 -6.16274643e+00
6581.49041646 4.72040787e+01
6581.54598679 2.40078907e+01
6581.60155712 1.11703453e+01
6581.65712745 3.42676620e+01
6581.71269778 -3.34114075e+00
6581.76826811 -1.50035477e+00
6581.82383844 -2.22479630e+00
6581.87940876 8.02267838e+00
6581.93497909 1.45115814e+01
6581.99054942 -8.74578285e+00
6582.04611975 -2.84739113e+01
6582.10169008 1.34671021e+00
6582.15726041 5.72539139e+00
6582.21283073 3.59984741e+01
6582.26840106 9.23413086e+00
6582.32397139 1.57681503e+01
6582.37954172 -6.50005341e+00
6582.43511205 -2.15914536e+01
6582.49068238 -9.96463776e+00
6582.54625270 -2.91931152e-01
6582.60182303 -1.59905396e+01
6582.65739336 1.50038834e+01
6582.71296369 2.00058098e+01
6582.76853402 -7.26639938e+00
6582.82410435 1.67181778e+01
6582.87967468 -1.51333141e+01
6582.93524500 4.82304001e+00
6582.99081533 -2.33522415e+00
6583.04638566 2.27405777e+01
6583.10195599 -1.50230408e+00
6583.15752632 2.82590485e+00
6583.21309665 3.48071671e+01
6583.26866697 6.47739792e+00
6583.32423730 1.33197327e+01
6583.37980763 1.80775185e+01
6583.43537796 2.34461269e+01
6583.49094829 1.69279594e+01
6583.54651862 2.30602722e+01
6583.60208895 1.75014229e+01
6583.65765927 6.33047104e+00
6583.71322960 5.02083969e+01
6583.76879993 4.33896446e+01
6583.82437026 -4.51174736e+00
6583.87994059 3.55050468e+01
6583.93551092 -2.20725250e+00
6583.99108124 -1.38284454e+01
6584.04665157 -7.59449005e-01
6584.10222190 -7.74021149e-01
6584.15779223 2.71395416e+01
6584.21336256 -5.42362213e-01
6584.26893289 8.60559464e+00
6584.32450321 -7.45791626e+00
6584.38007354 -5.00090408e+00
6584.43564387 1.72961693e+01
6584.49121420 3.16394844e+01
6584.54678453 2.25909653e+01
6584.60235486 -8.68858337e+00
6584.65792519 -1.41056118e+01
6584.71349551 1.25965500e+01
6584.76906584 7.23010254e+00
6584.82463617 -1.05506134e+00
6584.88020650 2.86907730e+01
6584.93577683 -2.15179729e+01
6584.99134716 9.28973198e+00
6585.04691748 -1.08192844e+01
6585.10248781 -2.93914623e+01
6585.15805814 -3.01940613e+01
6585.21362847 -1.00065880e+01
6585.26919880 1.53353882e+00
6585.32476913 -5.85473633e+00
6585.38033946 8.94577026e-01
6585.43590978 -8.39339828e+00
6585.49148011 -4.16897011e+00
6585.54705044 7.00233078e+00
6585.60262077 1.25929070e+01
6585.65819110 6.10244751e-01
6585.71376143 -1.21719704e+01
6585.76933175 -1.16714478e+01
6585.82490208 3.92720032e+00
6585.88047241 -4.55497360e+00
6585.93604274 -4.56492233e+00
6585.99161307 -1.95619240e+01
6586.04718340 -3.22422028e-01
6586.10275373 5.07196426e+00
6586.15832405 -9.00770187e-01
6586.21389438 -5.35738564e+00
6586.26946471 -1.33585720e+01
6586.32503504 2.22051239e+01
6586.38060537 -2.42660484e+01
6586.43617570 -2.30487442e+01
6586.49174602 3.30574265e+01
6586.54731635 -1.55103664e+01
6586.60288668 2.32731209e+01
6586.65845701 -1.62468796e+01
6586.71402734 2.95980644e+01
6586.76959767 3.77972069e+01
6586.82516799 2.30953979e+00
6586.88073832 6.42886734e+00
6586.93630865 -1.99995155e+01
6586.99187898 1.38386383e+01
6587.04744931 1.15134602e+01
6587.10301964 -1.31760464e+01
6587.15858997 8.42681122e+00
6587.21416029 -1.40690994e+01
6587.26973062 2.01476669e+01
6587.32530095 8.00720215e+00
6587.38087128 -2.20536232e+01
6587.43644161 2.54253006e+00
6587.49201194 1.78519745e+01
6587.54758226 2.47412682e+01
6587.60315259 7.49440765e+00
6587.65872292 -1.22069244e+01
6587.71429325 -1.55957603e+01
6587.76986358 1.83140430e+01
6587.82543391 -2.30201683e+01
6587.88100424 -9.77111816e-01
6587.93657456 1.04451065e+01
6587.99214489 4.87998962e+00
6588.04771522 1.44003410e+01
6588.10328555 -2.57731094e+01
6588.15885588 8.47613144e+00
6588.21442621 -1.98667679e+01
6588.26999653 2.07877769e+01
6588.32556686 1.00339584e+01
6588.38113719 -1.73389263e+01
6588.43670752 -1.40351620e+01
6588.49227785 -1.89965286e+01
6588.54784818 -1.86884117e+01
6588.60341850 -3.19389153e+01
6588.65898883 -2.69113960e+01
6588.71455916 5.84624481e+00
6588.77012949 -1.77619667e+01
6588.82569982 -8.15337372e+00
6588.88127015 -2.49073639e+01
6588.93684048 -4.17880554e+01
6588.99241080 -4.31757355e+00
6589.04798113 -5.82826614e+00
6589.10355146 -3.29188614e+01
6589.15912179 3.56019669e+01
6589.21469212 3.99581909e+00
6589.27026245 -1.55180817e+01
6589.32583277 4.29943085e-01
6589.38140310 -7.89893341e+00
6589.43697343 2.44088745e+00
6589.49254376 -1.79082203e+01
6589.54811409 1.79985447e+01
6589.60368442 -5.87399673e+00
6589.65925475 -4.58168793e+00
6589.71482507 8.56039810e+00
6589.77039540 4.00768738e+01
6589.82596573 1.85386200e+01
6589.88153606 -3.08206596e+01
6589.93710639 1.57336006e+01
6589.99267672 9.00114822e+00
6590.04824704 5.84393692e+00
6590.10381737 3.66070366e+00
6590.15938770 4.20550156e+00
6590.21495803 3.03661995e+01
6590.27052836 -2.68546295e+00
6590.32609869 -7.45861816e+00
6590.38166901 -2.69591141e+00
6590.43723934 -3.92800903e+00
6590.49280967 4.28777504e+00
6590.54838000 -5.59550858e+00
6590.60395033 5.00139236e+00
6590.65952066 -8.38646698e+00
6590.71509099 1.78094444e+01
6590.77066131 -2.44590492e+01
6590.82623164 -1.40131416e+01
6590.88180197 7.74878693e+00
6590.93737230 2.42463303e+00
6590.99294263 1.21794891e+00
6591.04851296 -8.15259171e+00
6591.10408328 3.10636902e+00
6591.15965361 -3.50947647e+01
6591.21522394 -4.04848480e+00
6591.27079427 2.41112251e+01
6591.32636460 4.63162994e+00
6591.38193493 -1.26019993e+01
6591.43750526 -5.28669357e-01
6591.49307558 -1.98601913e+00
6591.54864591 -1.56843185e+00
6591.60421624 5.50675201e+00
6591.65978657 -5.81416702e+00
6591.71535690 -8.15373611e+00
6591.77092723 4.87913895e+00
6591.82649755 1.27796249e+01
6591.88206788 5.84861755e-01
6591.93763821 8.77219009e+00
6591.99320854 -1.88275032e+01
6592.04877887 -1.02038574e+01
6592.10434920 2.45020657e+01
6592.15991952 1.15907631e+01
6592.21548985 7.93404007e+00
6592.27106018 2.34203911e+01
6592.32663051 -1.46343422e+01
6592.38220084 1.16985302e+01
6592.43777117 1.70473480e+01
6592.49334150 2.03547287e+00
6592.54891182 -4.23909798e+01
6592.60448215 -1.09224701e+01
6592.66005248 -1.18498955e+01
6592.71562281 2.18462296e+01
6592.77119314 1.49954567e+01
6592.82676347 -1.95354862e+01
6592.88233379 -5.38214111e+00
6592.93790412 -2.80017853e+00
6592.99347445 2.78183784e+01
6593.04904478 3.70803833e-01
6593.10461511 1.59382477e+01
6593.16018544 -3.37448120e+00
6593.21575577 1.20306702e+01
6593.27132609 -7.34347534e+00
6593.32689642 -1.87509251e+01
6593.38246675 6.86470413e+00
6593.43803708 1.50518570e+01
6593.49360741 2.28057480e+00
6593.54917774 1.08670788e+01
6593.60474806 2.70183792e+01
6593.66031839 -1.59527473e+01
6593.71588872 2.05696640e+01
6593.77145905 -1.09131622e+00
6593.82702938 4.26652260e+01
6593.88259971 -3.39985428e+01
6593.93817003 7.02183151e+00
6593.99374036 -9.87120438e+00
6594.04931069 8.03098488e+00
6594.10488102 2.36538754e+01
6594.16045135 1.03128357e+01
6594.21602168 6.04402542e+00
6594.27159201 2.71195221e+00
6594.32716233 -1.11797142e+00
6594.38273266 2.48081093e+01
6594.43830299 -2.64111366e+01
6594.49387332 2.49301186e+01
6594.54944365 1.61570244e+01
6594.60501398 -1.12470379e+01
6594.66058430 5.66464233e+00
6594.71615463 -5.01632309e+00
6594.77172496 -1.57488670e+01
6594.82729529 8.64763641e+00
6594.88286562 1.90245209e+01
6594.93843595 1.56760406e+00
6594.99400628 7.44646072e+00
6595.04957660 -8.76938438e+00
6595.10514693 1.09054642e+01
6595.16071726 5.46290359e+01
6595.21628759 8.02551270e+00
6595.27185792 -2.19464130e+01
6595.32742825 1.51922073e+01
6595.38299857 -8.27547455e+00
6595.43856890 -3.10441570e+01
6595.49413923 2.70808659e+01
6595.54970956 -2.00103664e+01
6595.60527989 1.20304794e+01
6595.66085022 -1.75997162e+00
6595.71642054 -8.54278183e+00
6595.77199087 -8.56046677e+00
6595.82756120 1.78854790e+01
6595.88313153 6.58379745e+00
6595.93870186 4.94106674e+00
6595.99427219 9.20933151e+00
6596.04984252 -2.68030987e+01
6596.10541284 9.05026245e+00
6596.16098317 1.21327667e+01
6596.21655350 -3.75719604e+01
6596.27212383 -2.87447891e+01
6596.32769416 1.26694336e+01
6596.38326449 1.80694237e+01
6596.43883481 -1.41664772e+01
6596.49440514 -1.98465290e+01
6596.54997547 -6.84508705e+00
6596.60554580 1.23878670e+01
6596.66111613 8.69236755e+00
6596.71668646 1.63102570e+01
6596.77225679 -8.86979675e+00
6596.82782711 8.93712234e+00
6596.88339744 2.84876633e+01
6596.93896777 -3.33982277e+01
6596.99453810 3.61422310e+01
6597.05010843 -6.72767258e+00
6597.10567876 1.25272446e+01
6597.16124908 -1.50847588e+01
6597.21681941 -7.82298279e+00
6597.27238974 -2.46308556e+01
6597.32796007 -1.35413742e+00
6597.38353040 1.00997391e+01
6597.43910073 -3.84048080e+00
6597.49467106 -8.89971542e+00
6597.55024138 2.57385731e+01
6597.60581171 1.34847832e+00
6597.66138204 -8.17020416e-01
6597.71695237 7.79907227e+00
6597.77252270 -4.13547897e+00
6597.82809303 -1.01408768e+00
6597.88366335 9.48497772e-01
6597.93923368 1.66797714e+01
6597.99480401 1.47669106e+01
6598.05037434 5.53804398e+00
6598.10594467 -1.62548485e+01
6598.16151500 -7.23874092e+00
6598.21708532 3.60920677e+01
6598.27265565 1.85258484e+00
6598.32822598 6.39655304e+00
6598.38379631 1.56897621e+01
6598.43936664 -1.28101387e+01
6598.49493697 2.47892570e+00
6598.55050730 2.39772987e+01
6598.60607762 6.38574982e+00
6598.66164795 5.76708031e+00
6598.71721828 3.89757614e+01
6598.77278861 -1.76129761e+01
6598.82835894 2.90639801e+01
6598.88392927 1.00147934e+01
6598.93949959 2.93010426e+01
6598.99506992 5.51165009e+00
6599.05064025 -1.51047134e+01
6599.10621058 3.05377941e+01
6599.16178091 2.40003471e+01
6599.21735124 2.23632469e+01
6599.27292157 1.38976288e+00
6599.32849189 -1.07282562e+01
6599.38406222 2.46300869e+01
6599.43963255 -7.54527664e+00
6599.49520288 -3.41445160e+01
