# Rest-frame spectrum generated from: N4414C0001o_1d.fits
# lambda_Ha_obs = 6569.37400000 Angstrom
# lambda_Ha_rest = 6562.80000000 Angstrom
# z_Ha = 1.0017065887e-03
# v_Ha_relativistic = 300.153672 km/s
# v_Ha_classical = 300.304080 km/s
# columns: wavelength_rest[Angstrom] flux_or_counts

6550.00180831 -2.87563229e+01
6550.05742341 -2.87525711e+01
6550.11303850 -2.85485001e+01
6550.16865360 -2.87604904e+01
6550.22426870 -2.89066772e+01
6550.27988379 -2.48934727e+01
6550.33549889 -2.95481701e+01
6550.39111398 -2.85869179e+01
6550.44672908 -2.38658428e+01
6550.50234417 -1.86222763e+01
6550.55795927 -2.99422722e+01
6550.61357436 -4.70753098e+00
6550.66918946 1.99685593e+01
6550.72480455 -1.52408142e+01
6550.78041965 -3.18532944e+00
6550.83603474 1.15477905e+01
6550.89164984 -2.43354797e-01
6550.94726493 7.10715485e+00
6551.00288003 1.24038544e+01
6551.05849512 5.83743668e+00
6551.11411022 3.54507256e+01
6551.16972531 -2.62565613e+00
6551.22534041 1.50930328e+01
6551.28095551 7.45786285e+00
6551.33657060 -1.45603180e-01
6551.39218570 -2.55750771e+01
6551.44780079 -1.96017151e+01
6551.50341589 -1.97891674e+01
6551.55903098 3.58675880e+01
6551.61464608 1.06243668e+01
6551.67026117 5.46972656e+00
6551.72587627 1.85727158e+01
6551.78149136 1.48659821e+01
6551.83710646 3.31866570e+01
6551.89272155 1.81893005e+01
6551.94833665 2.55207577e+01
6552.00395174 2.99177322e+01
6552.05956684 -1.24426231e+01
6552.11518193 7.39681816e+00
6552.17079703 -4.10117722e+00
6552.22641212 -7.68549347e+00
6552.28202722 2.86513481e+01
6552.33764232 5.69294739e+00
6552.39325741 -1.17869644e+01
6552.44887251 2.21878204e+01
6552.50448760 1.96142159e+01
6552.56010270 1.27898521e+01
6552.61571779 -1.19607925e+00
6552.67133289 -2.84327297e+01
6552.72694798 -3.84025192e+01
6552.78256308 6.35890579e+00
6552.83817817 -4.03020210e+01
6552.89379327 -4.19760513e+00
6552.94940836 -8.07167053e-01
6553.00502346 8.22703552e+00
6553.06063855 -1.46622524e+01
6553.11625365 2.76245117e+00
6553.17186874 -4.40906906e+00
6553.22748384 3.32389450e+01
6553.28309894 -2.69992065e+00
6553.33871403 3.29410095e+01
6553.39432913 2.37355156e+01
6553.44994422 -7.29549408e+00
6553.50555932 1.08702888e+01
6553.56117441 4.05316277e+01
6553.61678951 -5.98667908e+00
6553.67240460 -1.78833046e+01
6553.72801970 2.11292763e+01
6553.78363479 2.36756783e+01
6553.83924989 1.02644882e+01
6553.89486498 -7.83806133e+00
6553.95048008 6.36012650e+00
6554.00609517 -1.47953949e+01
6554.06171027 -4.71294403e+00
6554.11732536 -5.74810028e-01
6554.17294046 -1.54926605e+01
6554.22855555 7.51291275e+00
6554.28417065 -1.33110428e+00
6554.33978575 -1.25940323e+00
6554.39540084 3.99303436e-01
6554.45101594 -8.59762573e+00
6554.50663103 -7.09313965e+00
6554.56224613 1.19026871e+01
6554.61786122 8.49054146e+00
6554.67347632 -1.44504013e+01
6554.72909141 3.28359833e+01
6554.78470651 -7.03845978e-01
6554.84032160 1.22042122e+01
6554.89593670 1.94230042e+01
6554.95155179 6.60244370e+00
6555.00716689 2.13442574e+01
6555.06278198 1.35911827e+01
6555.11839708 3.87918854e+00
6555.17401217 2.14024048e+01
6555.22962727 1.75912285e+01
6555.28524236 -1.76270447e+01
6555.34085746 1.45876808e+01
6555.39647256 -1.63194504e+01
6555.45208765 4.65602493e+01
6555.50770275 1.41052666e+01
6555.56331784 -2.89234371e+01
6555.61893294 1.30199051e+00
6555.67454803 8.06848145e+00
6555.73016313 7.49559784e+00
6555.78577822 3.99517441e+00
6555.84139332 -9.69327545e+00
6555.89700841 -2.98484516e+01
6555.95262351 1.50886536e+00
6556.00823860 2.84325943e+01
6556.06385370 1.10216217e+01
6556.11946879 -1.84004974e+00
6556.17508389 -2.35672836e+01
6556.23069898 -1.00673485e+01
6556.28631408 6.31643677e+00
6556.34192917 2.88132477e+01
6556.39754427 3.67916107e-01
6556.45315937 -1.77999115e+00
6556.50877446 1.03697586e+00
6556.56438956 -2.17030258e+01
6556.62000465 -6.00181961e+00
6556.67561975 1.57145309e+01
6556.73123484 9.50950241e+00
6556.78684994 2.06050110e+00
6556.84246503 -8.27709961e+00
6556.89808013 5.04828644e+00
6556.95369522 -1.63484344e+01
6557.00931032 2.63488808e+01
6557.06492541 -3.61989975e+00
6557.12054051 -3.21182251e-01
6557.17615560 -1.32967148e+01
6557.23177070 -1.98009758e+01
6557.28738579 1.53765297e+01
6557.34300089 2.72178841e+01
6557.39861598 -1.77682114e+00
6557.45423108 1.24614868e+01
6557.50984618 -1.00621414e+01
6557.56546127 9.52949524e-02
6557.62107637 1.20511627e+00
6557.67669146 -2.09015923e+01
6557.73230656 -1.95229301e+01
6557.78792165 2.49393463e-01
6557.84353675 -4.44640732e+00
6557.89915184 1.68154621e+01
6557.95476694 1.03114777e+01
6558.01038203 3.30419693e+01
6558.06599713 -4.03092575e+00
6558.12161222 3.29404755e+01
6558.17722732 2.32721176e+01
6558.23284241 2.76152115e+01
6558.28845751 4.07404022e+01
6558.34407260 3.55710144e+01
6558.39968770 7.33689499e+00
6558.45530279 1.96329079e+01
6558.51091789 -2.15825596e+01
6558.56653299 3.88986893e+01
6558.62214808 3.88077469e+01
6558.67776318 2.99407310e+01
6558.73337827 3.98911705e+01
6558.78899337 1.52951965e+01
6558.84460846 3.07569885e+00
6558.90022356 9.65630341e+00
6558.95583865 -9.15602875e+00
6559.01145375 -3.80560417e+01
6559.06706884 3.89461899e+01
6559.12268394 4.47018433e+00
6559.17829903 -8.04812622e+00
6559.23391413 -1.15478973e+01
6559.28952922 -2.10158157e+00
6559.34514432 -6.58824921e+00
6559.40075941 -2.05619812e+00
6559.45637451 4.55611191e+01
6559.51198961 1.85088425e+01
6559.56760470 -1.40680389e+01
6559.62321980 2.00036354e+01
6559.67883489 2.25699234e+01
6559.73444999 -4.26792145e-01
6559.79006508 2.07379951e+01
6559.84568018 7.23896027e+00
6559.90129527 2.41888809e+00
6559.95691037 4.42958298e+01
6560.01252546 5.25405502e+00
6560.06814056 8.14052582e-01
6560.12375565 -1.11485405e+01
6560.17937075 -5.67518997e+00
6560.23498584 2.20129051e+01
6560.29060094 -4.02278137e+00
6560.34621603 -3.18753738e+01
6560.40183113 -2.03774414e+01
6560.45744622 2.05037117e+01
6560.51306132 1.22245941e+01
6560.56867642 5.63608704e+01
6560.62429151 1.94009113e+01
6560.67990661 -3.95418091e+01
6560.73552170 -8.29736710e+00
6560.79113680 1.02777290e+01
6560.84675189 1.34548531e+01
6560.90236699 -3.12439690e+01
6560.95798208 -1.94217148e+01
6561.01359718 -2.37958984e+01
6561.06921227 7.86725616e+00
6561.12482737 1.17247772e+00
6561.18044246 -5.21430969e-02
6561.23605756 1.96585732e+01
6561.29167265 9.95187950e+00
6561.34728775 -1.29428482e+00
6561.40290284 -1.45683899e+01
6561.45851794 -1.24811211e+01
6561.51413303 2.05168152e+01
6561.56974813 3.05825195e+01
6561.62536323 2.18099556e+01
6561.68097832 2.76921463e+01
6561.73659342 5.39917641e+01
6561.79220851 2.77320137e+01
6561.84782361 7.05548935e+01
6561.90343870 6.08457603e+01
6561.95905380 6.42427826e+01
6562.01466889 1.44899384e+02
6562.07028399 9.03407822e+01
6562.12589908 1.24298279e+02
6562.18151418 1.97234787e+02
6562.23712927 2.23938538e+02
6562.29274437 2.08359390e+02
6562.34835946 2.38613297e+02
6562.40397456 2.43605286e+02
6562.45958965 3.47602570e+02
6562.51520475 3.36931091e+02
6562.57081984 3.07428162e+02
6562.62643494 3.72693329e+02
6562.68205004 3.42257751e+02
6562.73766513 3.10619232e+02
6562.79328023 4.10433838e+02
6562.84889532 4.12542358e+02
6562.90451042 3.75986938e+02
6562.96012551 3.74274933e+02
6563.01574061 3.28224884e+02
6563.07135570 3.10336151e+02
6563.12697080 3.31500641e+02
6563.18258589 3.23208801e+02
6563.23820099 2.59019714e+02
6563.29381608 2.19276077e+02
6563.34943118 1.80614197e+02
6563.40504627 1.45786087e+02
6563.46066137 1.78673904e+02
6563.51627646 7.29686127e+01
6563.57189156 9.84234238e+01
6563.62750665 1.00313812e+02
6563.68312175 7.27238007e+01
6563.73873685 3.39766922e+01
6563.79435194 3.78080025e+01
6563.84996704 4.25358925e+01
6563.90558213 7.28188858e+01
6563.96119723 4.99769936e+01
6564.01681232 1.48470993e+01
6564.07242742 3.51404419e+01
6564.12804251 6.36995430e+01
6564.18365761 -1.48093033e+00
6564.23927270 2.64267502e+01
6564.29488780 3.90085602e+00
6564.35050289 1.97477646e+01
6564.40611799 4.88947449e+01
6564.46173308 -1.35519257e+01
6564.51734818 1.87751884e+01
6564.57296327 1.57783356e+01
6564.62857837 2.73952103e+01
6564.68419346 6.20043182e+00
6564.73980856 -1.70797539e+01
6564.79542366 -3.72345352e+00
6564.85103875 -3.65110397e+00
6564.90665385 6.10172997e+01
6564.96226894 9.64659500e+00
6565.01788404 1.31159096e+01
6565.07349913 7.71906281e+00
6565.12911423 2.13382721e+00
6565.18472932 1.09671249e+01
6565.24034442 3.22551193e+01
6565.29595951 -1.90997009e+01
6565.35157461 -4.00664291e+01
6565.40718970 6.73067093e+00
6565.46280480 -9.40222549e+00
6565.51841989 -2.39256973e+01
6565.57403499 -2.70372925e+01
6565.62965008 1.38796539e+01
6565.68526518 3.76877975e+00
6565.74088028 -4.41662369e+01
6565.79649537 -1.37955360e+01
6565.85211047 4.02741776e+01
6565.90772556 1.89846802e+00
6565.96334066 3.28143692e+00
6566.01895575 2.76969185e+01
6566.07457085 1.78276062e-01
6566.13018594 -1.51805496e+00
6566.18580104 -2.05919418e+01
6566.24141613 -5.02379990e+00
6566.29703123 3.83532715e+00
6566.35264632 1.59605789e+01
6566.40826142 8.62425613e+00
6566.46387651 -9.08829117e+00
6566.51949161 3.02153625e+01
6566.57510670 -2.21804199e+01
6566.63072180 2.17808189e+01
6566.68633689 1.30646172e+01
6566.74195199 -2.99603119e+01
6566.79756709 -4.12113228e+01
6566.85318218 1.24534798e+01
6566.90879728 5.51467896e+00
6566.96441237 3.33362350e+01
6567.02002747 2.76356506e+00
6567.07564256 1.42946625e+00
6567.13125766 1.47842407e-01
6567.18687275 3.22179451e+01
6567.24248785 2.09138031e+01
6567.29810294 -3.76702538e+01
6567.35371804 2.92079983e+01
6567.40933313 1.08241501e+01
6567.46494823 9.20231628e+00
6567.52056332 1.45994301e+01
6567.57617842 -1.17832184e+01
6567.63179351 1.85777206e+01
6567.68740861 -1.30325699e+01
6567.74302370 1.58261108e+00
6567.79863880 -2.36095200e+01
6567.85425390 7.09552765e+00
6567.90986899 -3.22085953e+00
6567.96548409 -2.25919876e+01
6568.02109918 -3.58411980e+01
6568.07671428 2.31520615e+01
6568.13232937 -4.81881332e+00
6568.18794447 -5.00229645e+00
6568.24355956 2.75748177e+01
6568.29917466 8.69226456e+00
6568.35478975 -1.72493172e+01
6568.41040485 -1.19164124e+01
6568.46601994 2.69789505e+00
6568.52163504 -2.06049843e+01
6568.57725013 -4.63552399e+01
6568.63286523 1.19051170e+01
6568.68848032 1.40807648e+01
6568.74409542 -7.64685822e+00
6568.79971051 7.10029221e+00
6568.85532561 -2.94108772e+00
6568.91094071 -2.53295155e+01
6568.96655580 3.79409981e+01
6569.02217090 1.61008873e+01
6569.07778599 3.72621536e+00
6569.13340109 2.54582558e+01
6569.18901618 1.58980293e+01
6569.24463128 -1.14022636e+01
6569.30024637 -1.59063702e+01
6569.35586147 1.15964813e+01
6569.41147656 1.62486305e+01
6569.46709166 -1.49572144e+01
6569.52270675 -1.02553558e+01
6569.57832185 -1.85266495e+01
6569.63393694 2.22047806e+01
6569.68955204 1.79848862e+00
6569.74516713 -2.03176689e+01
6569.80078223 -6.24133301e+00
6569.85639732 -2.28501892e+00
6569.91201242 -3.47854996e+01
6569.96762752 -4.92843628e+00
6570.02324261 6.15086365e+00
6570.07885771 -8.83053207e+00
6570.13447280 -3.16901398e+00
6570.19008790 2.27974510e+01
6570.24570299 1.53568420e+01
6570.30131809 1.34124336e+01
6570.35693318 -3.49856186e+00
6570.41254828 -4.21234131e+00
6570.46816337 2.48271942e+00
6570.52377847 -2.63939667e+01
6570.57939356 -1.87046967e+01
6570.63500866 -3.50972748e+00
6570.69062375 -1.06365967e+01
6570.74623885 3.15210724e+01
6570.80185394 -1.10858917e+01
6570.85746904 4.07797203e+01
6570.91308413 -9.98732758e+00
6570.96869923 4.97613525e+00
6571.02431433 2.10325508e+01
6571.07992942 6.02761078e+00
6571.13554452 -2.09525604e+01
6571.19115961 -4.82631073e+01
6571.24677471 -2.23545074e+01
6571.30238980 -8.16167450e+00
6571.35800490 -2.88082886e+01
6571.41361999 -2.01610146e+01
6571.46923509 3.25869942e+01
6571.52485018 2.13917885e+01
6571.58046528 -1.98040886e+01
6571.63608037 1.22296219e+01
6571.69169547 2.64470215e+01
6571.74731056 -4.05523300e+00
6571.80292566 1.10276985e+01
6571.85854075 2.63241348e+01
6571.91415585 3.11785927e+01
6571.96977095 -3.85435257e+01
6572.02538604 -1.99635468e+01
6572.08100114 -2.47166786e+01
6572.13661623 9.93586731e+00
6572.19223133 1.32074013e+01
6572.24784642 3.27472534e+01
6572.30346152 4.00418854e+00
6572.35907661 -3.01419830e+00
6572.41469171 -3.19410896e+01
6572.47030680 -4.69283676e+00
6572.52592190 1.11909866e+01
6572.58153699 3.40695267e+01
6572.63715209 -4.49546051e+00
6572.69276718 -1.15503159e+01
6572.74838228 9.09120941e+00
6572.80399737 1.37050476e+01
6572.85961247 1.92657166e+01
6572.91522756 -8.86452484e+00
6572.97084266 4.94207191e+01
6573.02645776 2.13887177e+01
6573.08207285 -3.14283352e+01
6573.13768795 -3.58097992e+01
6573.19330304 5.27569656e+01
6573.24891814 -1.17010307e+01
6573.30453323 -8.56657410e+00
6573.36014833 -3.28121033e+01
6573.41576342 -1.35704155e+01
6573.47137852 4.86495972e+00
6573.52699361 2.33627472e+01
6573.58260871 -1.28084679e+01
6573.63822380 3.83443604e+01
6573.69383890 7.68748474e+00
6573.74945399 6.35707855e+00
6573.80506909 3.26285362e+01
6573.86068418 7.28554535e+00
6573.91629928 3.60647469e+01
6573.97191437 5.16123352e+01
6574.02752947 5.76099968e+01
6574.08314457 1.12522125e+00
6574.13875966 -3.56815681e+01
6574.19437476 8.74133301e+00
6574.24998985 6.28421860e+01
6574.30560495 1.20148659e+01
6574.36122004 -4.59260941e+00
6574.41683514 1.97501335e+01
6574.47245023 2.46287460e+01
6574.52806533 -1.74913406e+00
6574.58368042 3.30532532e+01
6574.63929552 4.25621185e+01
6574.69491061 1.67628288e+01
6574.75052571 -3.72187424e+00
6574.80614080 -1.67273178e+01
6574.86175590 -1.66197281e+01
6574.91737099 1.41241074e+00
6574.97298609 3.14231873e+00
6575.02860118 -2.31119652e+01
6575.08421628 3.22987366e+00
6575.13983138 3.48822174e+01
6575.19544647 2.20732536e+01
6575.25106157 9.28014755e+00
6575.30667666 3.27361069e+01
6575.36229176 -1.15792503e+01
6575.41790685 8.09742355e+00
6575.47352195 -1.30757980e+01
6575.52913704 -1.45193520e+01
6575.58475214 -4.39138412e+01
6575.64036723 2.42475128e+00
6575.69598233 2.87776604e+01
6575.75159742 -3.39525604e+00
6575.80721252 2.65741310e+01
6575.86282761 -1.71266975e+01
6575.91844271 -7.56087494e+00
6575.97405780 -7.19956207e+00
6576.02967290 1.13419418e+01
6576.08528799 1.77048492e+01
6576.14090309 -2.96686478e+01
6576.19651819 -1.79086227e+01
6576.25213328 -3.35675964e+01
6576.30774838 1.12882156e+01
6576.36336347 2.87277946e+01
6576.41897857 -2.96692810e+01
6576.47459366 -4.31550484e+01
6576.53020876 -1.87013550e+01
6576.58582385 3.69202194e+01
6576.64143895 7.99556732e-01
6576.69705404 2.49516392e+01
6576.75266914 1.21000977e+01
6576.80828423 -1.53460083e+01
6576.86389933 1.44401588e+01
6576.91951442 2.52040863e+00
6576.97512952 3.45477829e+01
6577.03074461 3.85201035e+01
6577.08635971 -1.99436951e+00
6577.14197481 2.00614395e+01
6577.19758990 -1.01466370e+00
6577.25320500 3.12171516e+01
6577.30882009 8.05057526e+00
6577.36443519 -3.43536987e+01
6577.42005028 5.08108139e+00
6577.47566538 -1.14127426e+01
6577.53128047 -8.85845947e+00
6577.58689557 1.51401863e+01
6577.64251066 4.84260559e-01
6577.69812576 7.21294022e+00
6577.75374085 -9.18022156e+00
6577.80935595 2.85796661e+01
6577.86497104 1.12882996e+00
6577.92058614 -2.17296867e+01
6577.97620123 2.21708298e+00
6578.03181633 -9.13903046e+00
6578.08743142 -2.07830791e+01
6578.14304652 8.79688644e+00
6578.19866162 -8.05138779e+00
6578.25427671 1.30906029e+01
6578.30989181 3.76316414e+01
6578.36550690 -1.37781143e+00
6578.42112200 7.84877777e+00
6578.47673709 -2.11508026e+01
6578.53235219 -7.11881638e+00
6578.58796728 3.05728683e+01
6578.64358238 2.30766678e+01
6578.69919747 1.94497757e+01
6578.75481257 9.33043289e+00
6578.81042766 -2.56474686e+01
6578.86604276 1.35149345e+01
6578.92165785 2.26099129e+01
6578.97727295 2.81523552e+01
6579.03288804 -1.93959255e+01
6579.08850314 5.93382263e+00
6579.14411823 5.17885857e+01
6579.19973333 7.33612061e-01
6579.25534843 1.33090210e+00
6579.31096352 2.17788658e+01
6579.36657862 -1.51874466e+01
6579.42219371 -3.59111595e+01
6579.47780881 9.86528397e+00
6579.53342390 -1.75733185e+01
6579.58903900 -3.49552574e+01
6579.64465409 -8.32447433e+00
6579.70026919 4.47248993e+01
6579.75588428 -7.09058762e+00
6579.81149938 9.98699188e+00
6579.86711447 4.26537704e+00
6579.92272957 -3.54524231e+00
6579.97834466 3.14868279e+01
6580.03395976 1.73361206e+00
6580.08957485 1.51186714e+01
6580.14518995 1.80599594e+00
6580.20080504 2.47419167e+01
6580.25642014 1.64184952e+01
6580.31203524 -5.16435547e+01
6580.36765033 -3.00482750e+01
6580.42326543 1.45068893e+01
6580.47888052 -1.45830727e+01
6580.53449562 -2.19624481e+01
6580.59011071 -1.29892921e+01
6580.64572581 -1.52822151e+01
6580.70134090 1.15404358e+01
6580.75695600 -1.07481155e+01
6580.81257109 -1.69187279e+01
6580.86818619 -1.79607925e+01
6580.92380128 4.48968124e+00
6580.97941638 9.08313751e-01
6581.03503147 5.07567978e+00
6581.09064657 -2.06637993e+01
6581.14626166 -3.78883781e+01
6581.20187676 -2.18451118e+01
6581.25749185 -2.22135468e+01
6581.31310695 1.39922562e+01
6581.36872205 -1.52096214e+01
6581.42433714 3.79005661e+01
6581.47995224 -1.70545425e+01
6581.53556733 4.03860474e+00
6581.59118243 2.93383026e+00
6581.64679752 -2.35649109e+00
6581.70241262 -4.42024765e+01
6581.75802771 1.96802406e+01
6581.81364281 3.59705887e+01
6581.86925790 2.04389534e+01
6581.92487300 3.42394638e+00
6581.98048809 1.33330994e+01
6582.03610319 -7.02830887e+00
6582.09171828 -7.94158936e-01
6582.14733338 -5.26405716e+00
6582.20294847 -2.55101776e+00
6582.25856357 2.18205490e+01
6582.31417866 -1.52869682e+01
6582.36979376 3.06443958e+01
6582.42540886 4.94637718e+01
6582.48102395 1.20851135e+00
6582.53663905 1.11812592e-01
6582.59225414 9.09505844e+00
6582.64786924 3.06583252e+01
6582.70348433 5.35440903e+01
6582.75909943 5.07083511e+01
6582.81471452 -9.13314819e-02
6582.87032962 3.52312851e+00
6582.92594471 4.46593475e+00
6582.98155981 2.47436180e+01
6583.03717490 -7.13922882e+00
6583.09279000 5.94597244e+00
6583.14840509 1.83668251e+01
6583.20402019 3.50267410e+01
6583.25963528 2.21517143e+01
6583.31525038 5.80147095e+01
6583.37086548 2.22653656e+01
6583.42648057 3.82177238e+01
6583.48209567 5.27055359e+00
6583.53771076 -2.01402130e+01
6583.59332586 1.19216232e+01
6583.64894095 4.72871628e+01
6583.70455605 4.94328270e+01
6583.76017114 1.56207619e+01
6583.81578624 4.43121948e+01
6583.87140133 1.32812119e+01
6583.92701643 3.22505989e+01
6583.98263152 -1.38841705e+01
6584.03824662 -1.72031555e+01
6584.09386171 1.08265381e+01
6584.14947681 5.34250259e+00
6584.20509190 4.28015518e+00
6584.26070700 -7.77875137e+00
6584.31632209 -4.29855347e-01
6584.37193719 -4.30454254e-01
6584.42755229 -1.14970589e+01
6584.48316738 1.22907753e+01
6584.53878248 1.55911293e+01
6584.59439757 -7.74375153e+00
6584.65001267 3.09429169e-01
6584.70562776 -5.68603897e+00
6584.76124286 5.08243370e+01
6584.81685795 2.11291504e+00
6584.87247305 -2.16326141e+01
6584.92808814 -2.60063515e+01
6584.98370324 5.15097046e+01
6585.03931833 -2.83473969e+00
6585.09493343 -2.38186493e+01
6585.15054852 1.14198227e+01
6585.20616362 1.01689224e+01
6585.26177871 -1.40340233e+01
6585.31739381 5.40389862e+01
6585.37300890 -1.09578896e+01
6585.42862400 -2.97081375e+01
6585.48423910 -4.27109909e+00
6585.53985419 2.16712646e+01
6585.59546929 2.59680481e+01
6585.65108438 4.51331749e+01
6585.70669948 2.06081161e+01
6585.76231457 2.02751846e+01
6585.81792967 -6.49729729e+00
6585.87354476 1.96332359e+01
6585.92915986 3.71402359e+00
6585.98477495 -1.14792747e+01
6586.04039005 1.12884102e+01
6586.09600514 3.38735733e+01
6586.15162024 3.71216965e+00
6586.20723533 -6.25790787e+00
6586.26285043 -3.29562149e+01
6586.31846552 2.04341927e+01
6586.37408062 1.04056778e+01
6586.42969571 -2.56867237e+01
6586.48531081 2.90740242e+01
6586.54092591 -2.35045547e+01
6586.59654100 -4.20697784e+01
6586.65215610 3.98965454e+00
6586.70777119 -9.74895096e+00
6586.76338629 1.05658798e+01
6586.81900138 -1.66058235e+01
6586.87461648 4.25362892e+01
6586.93023157 2.72401466e+01
6586.98584667 2.69439278e+01
6587.04146176 1.57368813e+01
6587.09707686 1.27001953e+01
6587.15269195 -1.84083939e+00
6587.20830705 -2.75271530e+01
6587.26392214 -2.16218128e+01
6587.31953724 4.04107361e+01
6587.37515233 -6.13743591e+00
6587.43076743 -2.08245316e+01
6587.48638252 -2.51785641e+01
6587.54199762 -8.15194702e+00
6587.59761272 2.78414955e+01
6587.65322781 -3.11249676e+01
6587.70884291 6.24144363e+00
6587.76445800 -1.88586388e+01
6587.82007310 1.57408676e+01
6587.87568819 1.40117836e+01
6587.93130329 1.51107941e+01
6587.98691838 2.60992813e+01
6588.04253348 3.94115067e+01
6588.09814857 -1.69388847e+01
6588.15376367 -5.89488983e-01
6588.20937876 -1.22652397e+01
6588.26499386 -5.52120209e+00
6588.32060895 -3.32153168e+01
6588.37622405 -3.50778084e+01
6588.43183914 -2.99006157e+01
6588.48745424 -2.63140869e+01
6588.54306933 2.73278847e+01
6588.59868443 2.50229111e+01
6588.65429953 2.79251785e+01
6588.70991462 -1.55372925e+01
6588.76552972 1.46135559e+01
6588.82114481 -2.49477844e+01
6588.87675991 2.33094673e+01
6588.93237500 4.36408997e-01
6588.98799010 -3.78235779e+01
6589.04360519 8.28432465e+00
6589.09922029 1.94372559e+01
6589.15483538 -1.33989258e+01
6589.21045048 -3.22743378e+01
6589.26606557 4.09464264e+00
6589.32168067 -3.09299240e+01
6589.37729576 -1.01018887e+01
6589.43291086 2.16273003e+01
6589.48852595 3.44161835e+01
6589.54414105 1.11976624e+00
6589.59975615 6.56331635e+00
6589.65537124 8.89292908e+00
6589.71098634 -1.29808121e+01
6589.76660143 -2.57651024e+01
6589.82221653 2.35507545e+01
6589.87783162 4.36212158e+00
6589.93344672 2.06799660e+01
6589.98906181 5.56038666e+00
6590.04467691 1.03902054e+01
6590.10029200 3.34132385e+00
6590.15590710 -2.24817276e+01
6590.21152219 -1.62490883e+01
6590.26713729 1.81163483e+01
6590.32275238 1.28454170e+01
6590.37836748 1.71710968e-01
6590.43398257 2.02026367e+00
6590.48959767 -1.08740997e+00
6590.54521276 -1.23893738e+01
6590.60082786 8.77250671e+00
6590.65644296 2.08902893e+01
6590.71205805 1.21648178e+01
6590.76767315 2.31125336e+01
6590.82328824 2.84094086e+01
6590.87890334 1.30396652e+00
6590.93451843 -2.49774170e+00
6590.99013353 -1.06363144e+01
6591.04574862 -2.44251251e-01
6591.10136372 -7.90159225e+00
6591.15697881 -1.60052795e+01
6591.21259391 2.18748169e+01
6591.26820900 1.74870758e+01
6591.32382410 1.65101776e+01
6591.37943919 -1.44549942e+01
6591.43505429 4.25326691e+01
6591.49066938 -1.74200554e+01
6591.54628448 -3.37888451e+01
6591.60189957 -2.27029648e+01
6591.65751467 -1.45486832e+00
6591.71312977 5.78128433e+00
6591.76874486 -1.10724144e+01
6591.82435996 -2.76730614e+01
6591.87997505 3.64541626e+00
6591.93559015 1.41472816e+01
6591.99120524 7.46180725e+00
6592.04682034 1.26124916e+01
6592.10243543 -1.27390480e+01
6592.15805053 1.22666397e+01
6592.21366562 -2.21840363e+01
6592.26928072 2.17182159e-01
6592.32489581 2.39466667e+01
6592.38051091 2.98475075e+01
6592.43612600 -1.38669434e+01
6592.49174110 1.27443275e+01
6592.54735619 -1.18608932e+01
6592.60297129 -8.73355484e+00
6592.65858638 3.86280518e+01
6592.71420148 -1.06552887e+00
6592.76981658 -1.28646851e+01
6592.82543167 -9.23567963e+00
6592.88104677 -4.20217133e+00
6592.93666186 1.96453819e+01
6592.99227696 -1.61749573e+01
6593.04789205 2.76473732e+01
6593.10350715 4.04982300e+01
6593.15912224 -2.07965775e+01
6593.21473734 -1.01721840e+01
6593.27035243 2.51578369e+01
6593.32596753 2.35453644e+01
6593.38158262 -9.92507935e-01
6593.43719772 2.47733002e+01
6593.49281281 5.10422134e+00
6593.54842791 9.56570053e+00
6593.60404300 -1.98215485e+01
6593.65965810 -6.78546143e+00
6593.71527319 4.10063934e+00
6593.77088829 3.73146973e+01
6593.82650339 -3.52621078e+00
6593.88211848 -1.63424988e+01
6593.93773358 -3.76724243e+00
6593.99334867 -1.59203415e+01
6594.04896377 -5.73709488e+00
6594.10457886 4.25503731e+01
6594.16019396 1.68705330e+01
6594.21580905 -9.18905258e+00
6594.27142415 9.74471283e+00
6594.32703924 -4.70310211e-01
6594.38265434 -1.61879578e+01
6594.43826943 2.23087311e+01
6594.49388453 1.97870178e+01
6594.54949962 -1.31450462e+01
6594.60511472 2.10802574e+01
6594.66072981 8.87282562e+00
6594.71634491 8.76831818e+00
6594.77196000 1.87706146e+01
6594.82757510 4.58412170e-01
6594.88319020 3.17564430e+01
6594.93880529 -2.31615791e+01
6594.99442039 4.04305611e+01
6595.05003548 3.92082481e+01
6595.10565058 -6.30044937e+00
6595.16126567 7.56949615e+00
6595.21688077 -1.91603088e+00
6595.27249586 2.10800056e+01
6595.32811096 6.94400787e+00
6595.38372605 -1.52085724e+01
6595.43934115 2.77866745e+01
6595.49495624 -1.95880852e+01
6595.55057134 -5.69719162e+01
6595.60618643 3.39553947e+01
6595.66180153 2.45516205e+00
6595.71741662 -1.86818542e+01
6595.77303172 -1.96491699e+01
6595.82864682 9.26204681e-01
6595.88426191 1.08874893e+01
6595.93987701 -3.35937042e+01
6595.99549210 4.55727043e+01
6596.05110720 1.04234657e+01
6596.10672229 -2.14328575e+01
6596.16233739 6.83159637e+00
6596.21795248 -3.30570221e-01
6596.27356758 -2.37423668e+01
6596.32918267 1.77550507e+00
6596.38479777 -4.55586624e+00
6596.44041286 1.80664864e+01
6596.49602796 -2.55371513e+01
6596.55164305 1.82483635e+01
6596.60725815 4.79234200e+01
6596.66287324 9.84794235e+00
6596.71848834 1.52757111e+01
6596.77410343 -4.67310333e+00
6596.82971853 -1.09716187e+01
6596.88533363 1.43256760e+01
6596.94094872 -3.80117264e+01
6596.99656382 -8.08451080e+00
6597.05217891 -2.42924690e+01
6597.10779401 -1.44079132e+01
6597.16340910 -1.80968208e+01
6597.21902420 2.98275414e+01
6597.27463929 1.06475220e+01
6597.33025439 3.97769890e+01
6597.38586948 -1.60823059e+00
6597.44148458 -1.67976494e+01
6597.49709967 1.52241592e+01
6597.55271477 -1.97141228e+01
6597.60832986 9.27767563e+00
6597.66394496 -2.54584503e+00
6597.71956005 -9.87475586e+00
6597.77517515 1.88910027e+01
6597.83079024 1.16756058e+00
6597.88640534 -3.17600441e+01
6597.94202044 -1.77307167e+01
6597.99763553 1.02009048e+01
6598.05325063 -3.94788361e+00
6598.10886572 2.96365662e+01
6598.16448082 2.70786381e+01
6598.22009591 -4.65062332e+00
6598.27571101 3.04778671e+00
6598.33132610 1.15675354e+00
6598.38694120 -1.09068527e+01
6598.44255629 -4.69545746e+00
6598.49817139 8.05783463e+00
6598.55378648 -5.22264099e+00
6598.60940158 -5.76378632e+00
6598.66501667 3.83034477e+01
6598.72063177 -6.58072281e+00
6598.77624686 2.40524216e+01
6598.83186196 -2.57678986e+00
6598.88747705 3.41234818e+01
6598.94309215 2.09131813e+01
6598.99870725 3.07294464e+01
6599.05432234 4.53604279e+01
6599.10993744 -4.14314270e-01
6599.16555253 -1.61418190e+01
6599.22116763 -1.00118523e+01
6599.27678272 2.49314117e+00
6599.33239782 -8.64474487e+00
6599.38801291 1.15936279e+00
6599.44362801 2.83234062e+01
6599.49924310 -1.51226921e+01
6599.55485820 -8.56850052e+00
6599.61047329 -2.12004356e+01
6599.66608839 4.01911392e+01
6599.72170348 1.78353310e+01
6599.77731858 -8.47065735e+00
6599.83293367 3.13170586e+01
6599.88854877 -6.21930237e+01
6599.94416386 4.07543182e-01
6599.99977896 2.82087135e+01
6600.05539406 -4.37400818e-01
6600.11100915 -1.54545937e+01
6600.16662425 7.30429077e+00
6600.22223934 1.11432953e+01
6600.27785444 2.81002693e+01
6600.33346953 2.36188927e+01
6600.38908463 -4.68108444e+01
6600.44469972 -1.91256981e+01
6600.50031482 -5.86791992e-01
6600.55592991 -5.50147629e+00
6600.61154501 -3.37969093e+01
6600.66716010 2.46327286e+01
6600.72277520 4.73957062e-01
6600.77839029 -1.32018051e+01
6600.83400539 3.62071457e+01
6600.88962048 -1.76007843e+00
6600.94523558 -3.23209610e+01
6601.00085068 -4.34112549e-03
6601.05646577 2.98009682e+01
6601.11208087 6.24420547e+00
6601.16769596 -5.25493622e-01
6601.22331106 -3.24905396e-01
6601.27892615 -2.08994026e+01
6601.33454125 6.15606308e+00
6601.39015634 2.02204132e+00
6601.44577144 -2.15745583e+01
6601.50138653 -6.26619720e+00
6601.55700163 5.66964111e+01
6601.61261672 -1.07596016e+01
6601.66823182 1.43600998e+01
6601.72384691 4.58392715e+00
6601.77946201 1.22559166e+01
6601.83507710 -2.48872185e+01
6601.89069220 -8.61106873e+00
6601.94630729 6.86560059e+00
6602.00192239 2.52857208e-01
6602.05753749 -2.70921783e+01
6602.11315258 1.30318832e+01
6602.16876768 2.56441879e+00
6602.22438277 -3.81773758e+00
6602.27999787 -6.96829224e+00
6602.33561296 -2.16266556e+01
6602.39122806 -1.13253555e+01
6602.44684315 2.88569260e+01
6602.50245825 1.09184875e+01
6602.55807334 -1.40315208e+01
6602.61368844 2.22322350e+01
6602.66930353 2.20360985e+01
6602.72491863 3.34828987e+01
6602.78053372 -5.02023697e+00
6602.83614882 8.56212616e+00
6602.89176391 -5.67063904e+00
6602.94737901 1.27685547e-01
6603.00299410 -1.02594566e+01
6603.05860920 4.15263329e+01
6603.11422430 1.72380981e+01
6603.16983939 -4.37197304e+01
6603.22545449 -1.69103584e+01
6603.28106958 -9.84739304e+00
6603.33668468 3.20390205e+01
6603.39229977 -1.28217239e+01
6603.44791487 -6.32826996e+00
6603.50352996 5.54287720e+00
6603.55914506 6.29471817e+01
6603.61476015 1.32688675e+01
6603.67037525 -3.17530823e+01
6603.72599034 8.48258972e-01
6603.78160544 -2.22490196e+01
6603.83722053 -1.13899994e+01
6603.89283563 3.90008049e+01
6603.94845072 4.95769119e+00
6604.00406582 -4.90756989e-01
6604.05968091 1.57241821e+01
6604.11529601 -2.08161354e+01
6604.17091111 4.52181931e+01
6604.22652620 -1.46567688e+01
6604.28214130 1.30482140e+01
6604.33775639 -2.53986301e+01
6604.39337149 1.09512329e+01
6604.44898658 1.01888962e+01
6604.50460168 -2.44695015e+01
6604.56021677 2.71544647e+00
6604.61583187 -3.35459671e+01
6604.67144696 1.25049591e+01
6604.72706206 1.49371796e+01
6604.78267715 -1.37965508e+01
6604.83829225 1.16789665e+01
6604.89390734 2.26667328e+01
6604.94952244 2.97681198e+01
6605.00513753 1.75523872e+01
6605.06075263 3.01972237e+01
6605.11636772 2.95235443e+01
6605.17198282 -7.41813278e+00
6605.22759792 -1.55023193e+01
6605.28321301 1.41045532e+01
6605.33882811 2.60329056e+01
6605.39444320 7.88385391e+00
6605.45005830 4.01270180e+01
6605.50567339 2.96439362e+00
6605.56128849 -6.06695557e+00
6605.61690358 2.05214005e+01
6605.67251868 2.11119461e+00
6605.72813377 9.39324951e+00
6605.78374887 1.37298737e+01
6605.83936396 2.93499451e+01
6605.89497906 2.77434921e+00
6605.95059415 -3.34611015e+01
6606.00620925 2.51345291e+01
6606.06182434 2.83913727e+01
6606.11743944 2.20464554e+01
6606.17305453 -5.41773224e+00
6606.22866963 -1.07639923e+01
6606.28428473 -3.56480408e+00
6606.33989982 1.89603004e+01
6606.39551492 -1.90234375e+01
