# Rest-frame spectrum generated from: N4414B0002o_1d.fits
# lambda_Ha_obs = 6569.23100000 Angstrom
# lambda_Ha_rest = 6562.80000000 Angstrom
# z_Ha = 9.7991710855e-04
# v_Ha_relativistic = 293.627823 km/s
# v_Ha_classical = 293.771759 km/s
# columns: wavelength_rest[Angstrom] flux_or_counts

6549.97317079 -1.00067329e+01
6550.02880057 -1.00066032e+01
6550.08443034 -1.00054207e+01
6550.14006012 -1.00070724e+01
6550.19568989 -1.00070343e+01
6550.25131966 -1.00068970e+01
6550.30694944 -1.00070000e+01
6550.36257921 -1.00070648e+01
6550.41820899 -1.00065613e+01
6550.47383876 -3.90902710e+00
6550.52946854 -3.90806961e+00
6550.58509831 -2.89444733e+00
6550.64072809 1.85851669e+00
6550.69635786 -3.16028214e+00
6550.75198764 2.87803650e+00
6550.80761741 9.94445419e+00
6550.86324718 -5.52520752e-02
6550.91887696 -2.77168388e+01
6550.97450673 1.10263481e+01
6551.03013651 1.13016891e+00
6551.08576628 2.74834042e+01
6551.14139606 3.16120567e+01
6551.19702583 8.09120369e+00
6551.25265561 -1.13703308e+01
6551.30828538 -1.11356354e+01
6551.36391516 -2.06141243e+01
6551.41954493 1.16471367e+01
6551.47517470 1.98960381e+01
6551.53080448 1.53956566e+01
6551.58643425 1.81711044e+01
6551.64206403 -5.34606934e+00
6551.69769380 -5.16510010e+00
6551.75332358 1.57582855e+01
6551.80895335 1.09911537e+01
6551.86458313 4.38415909e+00
6551.92021290 1.27990246e+01
6551.97584268 2.99106522e+01
6552.03147245 7.17371368e+00
6552.08710222 1.75718784e+01
6552.14273200 3.56271286e+01
6552.19836177 -5.82416916e+00
6552.25399155 -1.13282595e+01
6552.30962132 -2.12554550e+00
6552.36525110 1.19046173e+01
6552.42088087 -4.02288437e+00
6552.47651065 -4.60787201e+00
6552.53214042 1.77975998e+01
6552.58777019 3.21979103e+01
6552.64339997 4.91391449e+01
6552.69902974 1.06029892e+01
6552.75465952 2.97654476e+01
6552.81028929 -9.89525604e+00
6552.86591907 -1.54006557e+01
6552.92154884 1.41487312e+00
6552.97717862 1.76649399e+01
6553.03280839 4.46081886e+01
6553.08843817 6.65664673e-02
6553.14406794 2.02241135e+00
6553.19969771 -5.37011719e+00
6553.25532749 3.78287888e+00
6553.31095726 -1.75963135e+01
6553.36658704 -2.02064133e+00
6553.42221681 8.39354324e+00
6553.47784659 6.63143921e+00
6553.53347636 3.19521217e+01
6553.58910614 4.73709106e+00
6553.64473591 4.29713745e+01
6553.70036569 1.98543129e+01
6553.75599546 -1.13274422e+01
6553.81162523 3.40018463e+00
6553.86725501 -4.39028168e+00
6553.92288478 3.56958389e+00
6553.97851456 1.10449028e+01
6554.03414433 -5.60351944e+00
6554.08977411 -1.25626450e+01
6554.14540388 2.36614780e+01
6554.20103366 2.32988777e+01
6554.25666343 3.47600632e+01
6554.31229321 -7.03599930e+00
6554.36792298 2.46162071e+01
6554.42355275 9.50387573e+00
6554.47918253 1.35842361e+01
6554.53481230 1.80743027e+01
6554.59044208 -1.10495729e+01
6554.64607185 -1.33051109e+00
6554.70170163 2.45079727e+01
6554.75733140 5.82569122e+00
6554.81296118 6.79478455e+00
6554.86859095 5.75508575e+01
6554.92422073 1.00334702e+01
6554.97985050 -5.23774147e+00
6555.03548027 -3.73812485e+00
6555.09111005 -4.20287666e+01
6555.14673982 -4.12443161e+00
6555.20236960 8.51976395e+00
6555.25799937 -1.02459011e+01
6555.31362915 -1.19955368e+01
6555.36925892 -3.82494354e+00
6555.42488870 7.47587204e+00
6555.48051847 4.49133682e+00
6555.53614825 -7.09468842e+00
6555.59177802 -2.17134933e+01
6555.64740779 1.88256454e+00
6555.70303757 1.44852028e+01
6555.75866734 2.30411148e+00
6555.81429712 -2.35468121e+01
6555.86992689 -7.43702126e+00
6555.92555667 9.45108795e+00
6555.98118644 3.80401154e+01
6556.03681622 3.98154984e+01
6556.09244599 -3.22761154e+00
6556.14807577 2.00840645e+01
6556.20370554 7.14010620e+00
6556.25933531 5.39525223e+00
6556.31496509 3.15279312e+01
6556.37059486 4.80942078e+01
6556.42622464 1.55683670e+01
6556.48185441 1.20652351e+01
6556.53748419 1.93782883e+01
6556.59311396 -6.67346573e+00
6556.64874374 -7.54036331e+00
6556.70437351 1.95262337e+01
6556.76000328 9.95082474e+00
6556.81563306 3.35382690e+01
6556.87126283 2.68163624e+01
6556.92689261 1.41474838e+01
6556.98252238 9.58090210e+00
6557.03815216 1.93422127e+01
6557.09378193 -1.52405186e+01
6557.14941171 1.61865768e+01
6557.20504148 2.31823502e+01
6557.26067126 4.53249893e+01
6557.31630103 1.23164139e+01
6557.37193080 -1.68797894e+01
6557.42756058 1.83480072e+00
6557.48319035 -1.55329361e+01
6557.53882013 -8.59645844e+00
6557.59444990 2.88075657e+01
6557.65007968 1.91787033e+01
6557.70570945 5.83464336e+00
6557.76133923 -1.32613640e+01
6557.81696900 -1.01236458e+01
6557.87259878 3.82976723e+00
6557.92822855 8.00102234e+00
6557.98385832 1.41690388e+01
6558.03948810 8.40377998e+00
6558.09511787 -1.86226654e+00
6558.15074765 -4.60718918e+00
6558.20637742 1.97536297e+01
6558.26200720 -1.96833420e+00
6558.31763697 1.97656860e+01
6558.37326675 2.31644249e+01
6558.42889652 3.67246246e+01
6558.48452630 1.80200748e+01
6558.54015607 -2.93697357e+00
6558.59578584 3.39248734e+01
6558.65141562 2.69800186e+01
6558.70704539 3.71866951e+01
6558.76267517 1.04660521e+01
6558.81830494 4.09719467e-01
6558.87393472 -1.39725418e+01
6558.92956449 -2.12840996e+01
6558.98519427 1.79926701e+01
6559.04082404 -7.02302170e+00
6559.09645382 2.77887440e+01
6559.15208359 3.12989807e+01
6559.20771336 8.09985733e+00
6559.26334314 2.89873886e+00
6559.31897291 -4.47504425e+00
6559.37460269 7.56261063e+00
6559.43023246 1.26296463e+01
6559.48586224 -9.06991196e+00
6559.54149201 6.22784805e+00
6559.59712179 1.85970345e+01
6559.65275156 3.37888031e+01
6559.70838134 -5.42895508e+00
6559.76401111 1.48393784e+01
6559.81964088 3.11865368e+01
6559.87527066 4.72416229e+01
6559.93090043 2.25616188e+01
6559.98653021 -4.40749550e+00
6560.04215998 5.25626945e+01
6560.09778976 4.56392670e+00
6560.15341953 -4.32348633e+00
6560.20904931 3.55737839e+01
6560.26467908 -1.01289330e+01
6560.32030886 6.18226624e+00
6560.37593863 -8.71192932e-01
6560.43156840 2.90670700e+01
6560.48719818 3.06223907e+01
6560.54282795 9.33179092e+00
6560.59845773 1.90096626e+01
6560.65408750 2.63106689e+01
6560.70971728 1.35823708e+01
6560.76534705 3.17951698e+01
6560.82097683 1.59457970e+01
6560.87660660 1.21730232e+01
6560.93223637 4.38220634e+01
6560.98786615 2.93736801e+01
6561.04349592 4.40002289e+01
6561.09912570 3.43759842e+01
6561.15475547 1.50586090e+01
6561.21038525 6.18569489e+01
6561.26601502 2.24075012e+01
6561.32164480 2.79734688e+01
6561.37727457 4.59940071e+01
6561.43290435 5.59583740e+01
6561.48853412 7.91124115e+01
6561.54416389 9.35150223e+01
6561.59979367 6.67861328e+01
6561.65542344 8.86305542e+01
6561.71105322 1.15731918e+02
6561.76668299 9.44301300e+01
6561.82231277 1.37843750e+02
6561.87794254 1.31574219e+02
6561.93357232 1.18890923e+02
6561.98920209 1.95488586e+02
6562.04483187 1.96456360e+02
6562.10046164 2.19666443e+02
6562.15609141 2.03527161e+02
6562.21172119 2.74061218e+02
6562.26735096 2.85124512e+02
6562.32298074 3.81848328e+02
6562.37861051 3.69490356e+02
6562.43424029 4.25381683e+02
6562.48987006 5.06831299e+02
6562.54549984 5.66515442e+02
6562.60112961 5.31077515e+02
6562.65675939 5.31126404e+02
6562.71238916 5.68001099e+02
6562.76801893 5.79421326e+02
6562.82364871 5.67949829e+02
6562.87927848 5.69524109e+02
6562.93490826 5.95084717e+02
6562.99053803 5.38231689e+02
6563.04616781 5.04988159e+02
6563.10179758 5.25411804e+02
6563.15742736 4.35919312e+02
6563.21305713 4.31053864e+02
6563.26868691 4.51722107e+02
6563.32431668 4.46228882e+02
6563.37994645 3.86129364e+02
6563.43557623 3.39271606e+02
6563.49120600 3.12024231e+02
6563.54683578 2.32887360e+02
6563.60246555 2.67297180e+02
6563.65809533 2.12793457e+02
6563.71372510 1.79094711e+02
6563.76935488 1.50938141e+02
6563.82498465 1.34971298e+02
6563.88061443 1.12344406e+02
6563.93624420 8.36459351e+01
6563.99187397 6.71371918e+01
6564.04750375 5.57826004e+01
6564.10313352 6.68508148e+01
6564.15876330 4.11237679e+01
6564.21439307 5.15389404e+01
6564.27002285 4.60884171e+01
6564.32565262 7.96155548e+00
6564.38128240 3.48704300e+01
6564.43691217 2.77835045e+01
6564.49254195 2.74600410e+00
6564.54817172 3.85215378e+01
6564.60380149 2.89858246e+01
6564.65943127 -3.96591949e+00
6564.71506104 -1.21400719e+01
6564.77069082 8.02429581e+00
6564.82632059 3.47570686e+01
6564.88195037 2.54874077e+01
6564.93758014 2.20613823e+01
6564.99320992 1.68353310e+01
6565.04883969 2.95563278e+01
6565.10446946 3.97612534e+01
6565.16009924 -6.03674984e+00
6565.21572901 9.96026993e+00
6565.27135879 1.30692139e+01
6565.32698856 -9.12874222e+00
6565.38261834 6.39859009e+00
6565.43824811 1.92008400e+01
6565.49387789 4.33755493e+00
6565.54950766 2.99169941e+01
6565.60513744 2.97665291e+01
6565.66076721 2.34095917e+01
6565.71639698 2.98515015e+01
6565.77202676 1.56082153e+00
6565.82765653 3.31805878e+01
6565.88328631 1.07358627e+01
6565.93891608 -2.37857685e+01
6565.99454586 1.23088799e+01
6566.05017563 1.40689964e+01
6566.10580541 -1.38447952e+00
6566.16143518 2.48500175e+01
6566.21706496 4.26737366e+01
6566.27269473 1.06320572e+01
6566.32832450 -4.96344376e+00
6566.38395428 -3.65707397e+00
6566.43958405 -2.33305264e+01
6566.49521383 1.20919647e+01
6566.55084360 1.16374931e+01
6566.60647338 3.73754959e+01
6566.66210315 7.07369232e+00
6566.71773293 -7.64489365e+00
6566.77336270 -8.13755417e+00
6566.82899248 8.50096130e+00
6566.88462225 3.90140152e+01
6566.94025202 7.33967972e+00
6566.99588180 9.01490402e+00
6567.05151157 1.98829689e+01
6567.10714135 -2.68213253e+01
6567.16277112 2.58112259e+01
6567.21840090 -6.36955261e+00
6567.27403067 1.17794228e+01
6567.32966045 1.77481041e+01
6567.38529022 2.41538277e+01
6567.44092000 1.61910667e+01
6567.49654977 -1.63027573e+00
6567.55217954 -2.02729282e+01
6567.60780932 1.45042019e+01
6567.66343909 6.65260315e+00
6567.71906887 5.17862167e+01
6567.77469864 6.88269653e+01
6567.83032842 -8.73736572e+00
6567.88595819 2.26485081e+01
6567.94158797 1.64270496e+01
6567.99721774 1.42603188e+01
6568.05284752 1.60321465e+01
6568.10847729 5.79322739e+01
6568.16410706 2.97690697e+01
6568.21973684 -3.73733902e+00
6568.27536661 -1.95204544e+00
6568.33099639 1.61439133e+00
6568.38662616 1.43440247e-01
6568.44225594 3.95008316e+01
6568.49788571 1.70847397e+01
6568.55351549 -1.51373672e+00
6568.60914526 -2.39938545e+01
6568.66477504 -1.10489674e+01
6568.72040481 1.53354836e+00
6568.77603458 -7.13271713e+00
6568.83166436 8.62984085e+00
6568.88729413 2.06834221e+01
6568.94292391 7.06052017e+00
6568.99855368 -2.66821518e+01
6569.05418346 -1.20015984e+01
6569.10981323 -3.64185867e+01
6569.16544301 -2.06606483e+01
6569.22107278 1.23903122e+01
6569.27670255 2.39975300e+01
6569.33233233 2.65818672e+01
6569.38796210 -1.09519844e+01
6569.44359188 -1.96861858e+01
6569.49922165 -1.40452232e+01
6569.55485143 -2.05307388e+00
6569.61048120 2.66879654e+00
6569.66611098 -5.44403076e+00
6569.72174075 1.72502441e+01
6569.77737053 -2.42326603e+01
6569.83300030 3.69968033e+00
6569.88863007 -1.26950035e+01
6569.94425985 -1.70692310e+01
6569.99988962 7.41367722e+00
6570.05551940 2.78582764e+00
6570.11114917 6.69993591e+00
6570.16677895 -1.52270145e+01
6570.22240872 -8.47167587e+00
6570.27803850 -7.44708252e+00
6570.33366827 -3.92450714e+00
6570.38929805 -3.36751556e+00
6570.44492782 1.58370857e+01
6570.50055759 1.84302902e+00
6570.55618737 1.21746826e+01
6570.61181714 4.26477051e+00
6570.66744692 4.94403458e+00
6570.72307669 5.42728424e+00
6570.77870647 4.55744972e+01
6570.83433624 1.85668106e+01
6570.88996602 -4.92630005e-02
6570.94559579 -3.22763443e+00
6571.00122557 6.09155655e+00
6571.05685534 2.07075119e+01
6571.11248511 2.91486969e+01
6571.16811489 -1.10596123e+01
6571.22374466 4.80923080e+00
6571.27937444 -3.17114067e+01
6571.33500421 -3.11447411e+01
6571.39063399 4.38740540e+00
6571.44626376 -1.49568214e+01
6571.50189354 4.13105469e+01
6571.55752331 2.26357880e+01
6571.61315309 5.26483154e+00
6571.66878286 8.97698784e+00
6571.72441263 1.55688000e+01
6571.78004241 -7.62399292e+00
6571.83567218 -6.87437439e+00
6571.89130196 1.46451321e+01
6571.94693173 8.96415329e+00
6572.00256151 2.38641396e+01
6572.05819128 8.12532425e+00
6572.11382106 2.91756821e+00
6572.16945083 2.14432335e+01
6572.22508061 -1.69194012e+01
6572.28071038 6.32746887e+00
6572.33634015 3.45451736e+00
6572.39196993 2.33692513e+01
6572.44759970 1.40087357e+01
6572.50322948 -1.67621193e+01
6572.55885925 8.70666695e+00
6572.61448903 2.15188446e+01
6572.67011880 1.20605698e+01
6572.72574858 -3.11804390e+00
6572.78137835 -1.56454811e+01
6572.83700813 2.46778107e+00
6572.89263790 -7.89297485e+00
6572.94826767 -4.79837036e+00
6573.00389745 8.59254074e+00
6573.05952722 3.53588753e+01
6573.11515700 -1.04142323e+01
6573.17078677 8.55325699e-01
6573.22641655 -1.28001804e+01
6573.28204632 5.47661591e+00
6573.33767610 1.61942177e+01
6573.39330587 -1.04452705e+01
6573.44893564 3.44962654e+01
6573.50456542 2.54474659e+01
6573.56019519 1.51215935e+01
6573.61582497 4.98635864e+00
6573.67145474 1.01898804e+01
6573.72708452 -3.88419724e+00
6573.78271429 1.18181076e+01
6573.83834407 -4.06397781e+01
6573.89397384 -4.43831253e+00
6573.94960362 -6.60995483e-01
6574.00523339 -7.63446426e+00
6574.06086316 9.78527069e+00
6574.11649294 2.53731441e+01
6574.17212271 1.30285530e+01
6574.22775249 1.51910400e+01
6574.28338226 -9.16184998e+00
6574.33901204 -1.26733475e+01
6574.39464181 -1.95703125e+01
6574.45027159 -7.62003326e+00
6574.50590136 -3.52875977e+01
6574.56153114 4.32312012e+00
6574.61716091 -1.45271072e+01
6574.67279068 -1.86085892e+00
6574.72842046 -4.63241577e+00
6574.78405023 3.65443687e+01
6574.83968001 9.33034134e+00
6574.89530978 1.09629402e+01
6574.95093956 -1.11546974e+01
6575.00656933 2.71652031e+01
6575.06219911 -2.90564594e+01
6575.11782888 -4.55977058e+00
6575.17345866 -3.28355370e+01
6575.22908843 -5.17221069e+00
6575.28471820 8.09290695e+00
6575.34034798 -1.04392624e+01
6575.39597775 7.40835571e+00
6575.45160753 -5.23842239e+00
6575.50723730 -1.03204002e+01
6575.56286708 3.22524605e+01
6575.61849685 1.98868103e+01
6575.67412663 5.88773918e+00
6575.72975640 2.07896919e+01
6575.78538618 -3.72767639e+00
6575.84101595 -4.05623627e+00
6575.89664572 1.18363953e+00
6575.95227550 3.14848881e+01
6576.00790527 -1.81786709e+01
6576.06353505 -1.24535522e+01
6576.11916482 -1.20612717e+00
6576.17479460 -1.51807442e+01
6576.23042437 -8.54040146e+00
6576.28605415 1.06096573e+01
6576.34168392 2.09866486e+01
6576.39731370 3.95238495e+00
6576.45294347 -3.27555847e+00
6576.50857324 2.12323380e+00
6576.56420302 7.36921692e+00
6576.61983279 2.17039185e+01
6576.67546257 6.58952332e+00
6576.73109234 -2.42144661e+01
6576.78672212 1.03894920e+01
6576.84235189 9.52227020e+00
6576.89798167 1.65616493e+01
6576.95361144 2.60112000e+00
6577.00924122 1.13261375e+01
6577.06487099 2.15527687e+01
6577.12050076 7.14852905e+00
6577.17613054 -3.43448524e+01
6577.23176031 5.50857544e-01
6577.28739009 5.38840485e+00
6577.34301986 -3.04545708e+01
6577.39864964 1.84919930e+00
6577.45427941 -3.70466614e+00
6577.50990919 -1.00556183e+00
6577.56553896 -2.60150242e+01
6577.62116873 5.83002472e+00
6577.67679851 -4.52891922e+00
6577.73242828 2.89042511e+01
6577.78805806 2.03410721e+00
6577.84368783 -1.69223938e+01
6577.89931761 8.78636932e+00
6577.95494738 1.38132324e+01
6578.01057716 -9.08667278e+00
6578.06620693 -3.52744217e+01
6578.12183671 1.31507797e+01
6578.17746648 -2.13762512e+01
6578.23309625 1.14728336e+01
6578.28872603 5.00914307e+01
6578.34435580 -1.24582767e+01
6578.39998558 1.09059944e+01
6578.45561535 -1.40641785e+00
6578.51124513 -1.84040489e+01
6578.56687490 -1.30907745e+01
6578.62250468 -1.09175339e+01
6578.67813445 -4.93274689e-01
6578.73376423 -3.18970871e+00
6578.78939400 -8.53213501e+00
6578.84502377 -9.08128738e-01
6578.90065355 -9.05227280e+00
6578.95628332 1.90037842e+01
6579.01191310 1.56944275e+00
6579.06754287 -1.07484360e+01
6579.12317265 -6.51603127e+00
6579.17880242 6.44153595e+00
6579.23443220 9.83110428e+00
6579.29006197 1.59045868e+01
6579.34569175 2.87230301e+00
6579.40132152 -2.03057613e+01
6579.45695129 -1.45321465e+01
6579.51258107 1.80349884e+01
6579.56821084 2.41021023e+01
6579.62384062 9.85302353e+00
6579.67947039 -9.52851105e+00
6579.73510017 2.34576340e+01
6579.79072994 4.92268906e+01
6579.84635972 5.22234535e+00
6579.90198949 1.86637840e+01
6579.95761927 4.59630432e+01
6580.01324904 5.92320251e+00
6580.06887881 3.97554874e+00
6580.12450859 -3.54811859e+00
6580.18013836 1.08127632e+01
6580.23576814 -1.92400742e+00
6580.29139791 1.26595917e+01
6580.34702769 9.32561874e+00
6580.40265746 7.93305206e+00
6580.45828724 1.51540070e+01
6580.51391701 3.60724716e+01
6580.56954679 -1.48312817e+01
6580.62517656 -1.48559875e+01
6580.68080633 3.06409607e+01
6580.73643611 4.11587143e+00
6580.79206588 1.70958099e+01
6580.84769566 -2.47565556e+01
6580.90332543 1.69984436e+00
6580.95895521 -1.72680264e+01
6581.01458498 -1.98853569e+01
6581.07021476 -2.63455200e+00
6581.12584453 -4.12137299e+01
6581.18147431 -3.77473602e+01
6581.23710408 1.82172661e+01
6581.29273385 2.89747009e+01
6581.34836363 -7.91030884e-01
6581.40399340 1.59809380e+01
6581.45962318 -1.16572266e+01
6581.51525295 3.96878128e+01
6581.57088273 -2.05624046e+01
6581.62651250 -1.05903435e+00
6581.68214228 1.55095177e+01
6581.73777205 1.19876404e+01
6581.79340182 1.51929092e+01
6581.84903160 1.28425941e+01
6581.90466137 2.22610645e+01
6581.96029115 1.30761070e+01
6582.01592092 1.66410828e+00
6582.07155070 -1.13740292e+01
6582.12718047 -3.39891052e+00
6582.18281025 2.79244614e+01
6582.23844002 -2.04911804e+00
6582.29406980 -1.84881973e+00
6582.34969957 -2.19328346e+01
6582.40532934 3.13232269e+01
6582.46095912 1.93027153e+01
6582.51658889 1.45916443e+01
6582.57221867 3.32552643e+01
6582.62784844 9.82257462e+00
6582.68347822 -2.69757233e+01
6582.73910799 -1.57298584e+01
6582.79473777 -6.28688812e-01
6582.85036754 3.56839371e+00
6582.90599732 -1.00476913e+01
6582.96162709 1.64571342e+01
6583.01725686 5.13579483e+01
6583.07288664 3.72155304e+01
6583.12851641 2.39094734e+01
6583.18414619 1.26492519e+01
6583.23977596 1.10266685e+01
6583.29540574 1.05243683e+00
6583.35103551 2.66499100e+01
6583.40666529 1.93097496e+01
6583.46229506 1.77205505e+01
6583.51792484 -8.73512268e-01
6583.57355461 -3.47661972e+00
6583.62918438 1.21822891e+01
6583.68481416 1.61689758e+01
6583.74044393 1.30419121e+01
6583.79607371 5.04557800e+00
6583.85170348 1.09358139e+01
6583.90733326 1.45468864e+01
6583.96296303 2.55952644e+01
6584.01859281 4.81022186e+01
6584.07422258 3.09880447e+00
6584.12985236 3.42462997e+01
6584.18548213 1.90075188e+01
6584.24111190 2.27703190e+01
6584.29674168 3.08137054e+01
6584.35237145 2.63803825e+01
6584.40800123 2.62282257e+01
6584.46363100 -7.04968262e+00
6584.51926078 -3.14540100e+01
6584.57489055 -4.97165298e+00
6584.63052033 -1.22139206e+01
6584.68615010 -1.37655773e+01
6584.74177988 -3.69582176e+00
6584.79740965 2.31156158e+01
6584.85303942 -1.72586899e+01
6584.90866920 4.35077286e+00
6584.96429897 1.34053745e+01
6585.01992875 2.27583046e+01
6585.07555852 3.58004494e+01
6585.13118830 2.19313278e+01
6585.18681807 -3.38059235e+01
6585.24244785 2.08533325e+01
6585.29807762 1.17062149e+01
6585.35370740 -1.81046677e+01
6585.40933717 7.73736954e+00
6585.46496694 -3.06698303e+01
6585.52059672 -3.78274918e+00
6585.57622649 4.90818024e+00
6585.63185627 -7.81172180e+00
6585.68748604 4.38587189e+00
6585.74311582 -1.03823090e+00
6585.79874559 -6.30913734e+00
6585.85437537 -1.07894516e+00
6585.91000514 1.62441978e+01
6585.96563491 -5.01226692e+01
6586.02126469 9.37823868e+00
6586.07689446 3.31038971e+01
6586.13252424 4.07263184e+00
6586.18815401 1.17483673e+01
6586.24378379 1.15633011e+01
6586.29941356 -4.70006180e+00
6586.35504334 -2.01619396e+01
6586.41067311 -3.92709579e+01
6586.46630289 3.61134949e+01
6586.52193266 1.94821854e+01
6586.57756243 1.00402832e-02
6586.63319221 -6.67459106e+00
6586.68882198 1.19390488e+00
6586.74445176 1.05923462e+01
6586.80008153 1.22135963e+01
6586.85571131 4.61759949e+00
6586.91134108 4.16019897e+01
6586.96697086 1.14233093e+01
6587.02260063 1.85677719e+00
6587.07823041 1.60708923e+01
6587.13386018 3.09204941e+01
6587.18948995 2.28736534e+01
6587.24511973 2.51733246e+01
6587.30074950 1.45179482e+01
6587.35637928 -1.48429565e+01
6587.41200905 5.44639206e+00
6587.46763883 3.86613083e+01
6587.52326860 2.48127327e+01
6587.57889838 -1.53115997e+01
6587.63452815 2.59933472e+00
6587.69015793 -4.35866928e+00
6587.74578770 5.37050247e+00
6587.80141747 2.51737442e+01
6587.85704725 3.64727898e+01
6587.91267702 1.44588318e+01
6587.96830680 1.28430786e+01
6588.02393657 4.45537186e+00
6588.07956635 -1.46313744e+01
6588.13519612 1.69468994e+01
6588.19082590 -1.41152267e+01
6588.24645567 -2.46011086e+01
6588.30208545 -5.93581772e+00
6588.35771522 7.54885864e+00
6588.41334499 -1.04732361e+01
6588.46897477 3.67818680e+01
6588.52460454 7.28373337e+00
6588.58023432 1.71221390e+01
6588.63586409 1.43828945e+01
6588.69149387 -2.53696976e+01
6588.74712364 3.76284218e+01
6588.80275342 2.37562141e+01
6588.85838319 1.60402546e+01
6588.91401297 3.02581749e+01
6588.96964274 2.01153488e+01
6589.02527251 3.02540398e+01
6589.08090229 1.77842751e+01
6589.13653206 -3.50914688e+01
6589.19216184 4.35692596e+00
6589.24779161 1.71429634e+00
6589.30342139 -9.11936760e+00
6589.35905116 4.51043549e+01
6589.41468094 -1.10384674e+01
6589.47031071 4.00131226e+00
6589.52594049 2.07606735e+01
6589.58157026 -9.38071823e+00
6589.63720003 1.71681595e+00
6589.69282981 -3.02316666e+00
6589.74845958 1.28683510e+01
6589.80408936 3.87057114e+00
6589.85971913 -2.04947281e+00
6589.91534891 -1.91764832e-01
6589.97097868 -1.20574188e+01
6590.02660846 2.71279526e+00
6590.08223823 -4.90565147e+01
6590.13786800 -1.16790848e+01
6590.19349778 1.01871948e+01
6590.24912755 4.20317268e+00
6590.30475733 -3.53457108e+01
6590.36038710 -1.85377121e+00
6590.41601688 1.75111084e+01
6590.47164665 -1.22672157e+01
6590.52727643 1.35271225e+01
6590.58290620 -3.42881775e+00
6590.63853598 -1.35360718e+01
6590.69416575 -1.80855484e+01
6590.74979552 -4.00856018e-01
6590.80542530 -7.33869171e+00
6590.86105507 1.12221603e+01
6590.91668485 1.57086182e+00
6590.97231462 -2.56079445e+01
6591.02794440 -7.24078369e+00
6591.08357417 -2.80639153e+01
6591.13920395 -1.15089760e+01
6591.19483372 3.92349968e+01
6591.25046350 5.59101105e+00
6591.30609327 -1.89343834e+01
6591.36172304 4.33585358e+00
6591.41735282 1.47998505e+01
6591.47298259 -5.21599770e+00
6591.52861237 7.65914536e+00
6591.58424214 7.64559174e+00
6591.63987192 1.37980804e+01
6591.69550169 2.72315216e+00
6591.75113147 -1.38089638e+01
6591.80676124 -1.82993240e+01
6591.86239102 1.83655968e+01
6591.91802079 1.31527710e+00
6591.97365056 2.09723320e+01
6592.02928034 1.78537407e+01
6592.08491011 9.15998459e+00
6592.14053989 1.14604797e+01
6592.19616966 2.05249825e+01
6592.25179944 -8.14664841e+00
6592.30742921 -3.09881611e+01
6592.36305899 2.58191013e+01
6592.41868876 1.49723549e+01
6592.47431854 -6.20412445e+00
6592.52994831 -5.13934708e+00
6592.58557808 -2.80834045e+01
6592.64120786 -1.39266434e+01
6592.69683763 2.28824615e+00
6592.75246741 1.67785339e+01
6592.80809718 -5.86508560e+00
6592.86372696 1.15250626e+01
6592.91935673 1.14368744e+01
6592.97498651 -1.04931717e+01
6593.03061628 -2.76215534e+01
6593.08624606 3.82584839e+01
6593.14187583 -8.32614326e+00
6593.19750560 -3.15902328e+00
6593.25313538 -8.19836998e+00
6593.30876515 -3.22552338e+01
6593.36439493 8.12025452e+00
6593.42002470 -4.21739616e+01
6593.47565448 -4.79466438e+01
6593.53128425 -2.75271873e+01
6593.58691403 1.98726654e-01
6593.64254380 2.79212151e+01
6593.69817358 2.66758385e+01
6593.75380335 1.59951973e+01
6593.80943312 -2.36371899e+01
6593.86506290 2.54941635e+01
6593.92069267 3.04349918e+01
6593.97632245 1.55533981e+00
6594.03195222 2.21399803e+01
6594.08758200 -1.38354139e+01
6594.14321177 -8.30319977e+00
6594.19884155 1.02603912e-01
6594.25447132 -2.36361885e+01
6594.31010109 -5.62964630e+00
6594.36573087 9.24579620e+00
6594.42136064 -1.13064880e+01
6594.47699042 -7.71344376e+00
6594.53262019 1.41481209e+01
6594.58824997 2.24988937e+00
6594.64387974 1.48655777e+01
6594.69950952 4.38443146e+01
6594.75513929 4.17024612e+00
6594.81076907 -1.66626167e+01
6594.86639884 6.77341843e+00
6594.92202861 1.72071457e+01
6594.97765839 -1.07554245e+00
6595.03328816 9.37500191e+00
6595.08891794 -9.67927933e+00
6595.14454771 -1.26558952e+01
6595.20017749 3.91296730e+01
6595.25580726 3.17054558e+01
6595.31143704 3.09583855e+01
6595.36706681 -3.18149223e+01
6595.42269659 5.81802750e+00
6595.47832636 -2.02623138e+01
6595.53395613 -8.62999535e+00
6595.58958591 1.20834122e+01
6595.64521568 1.41536674e+01
6595.70084546 1.40665092e+01
6595.75647523 -1.10785599e+01
6595.81210501 3.48573189e+01
6595.86773478 1.33630371e+00
6595.92336456 3.70589523e+01
6595.97899433 4.03125381e+00
6596.03462411 4.24491081e+01
6596.09025388 2.06611633e+00
6596.14588365 2.74596443e+01
6596.20151343 5.52997589e+00
6596.25714320 1.80373764e+00
6596.31277298 2.26823502e+01
6596.36840275 6.44239044e+00
6596.42403253 -3.17934551e+01
6596.47966230 -4.78841782e+00
6596.53529208 -8.96376419e+00
6596.59092185 -3.41598129e+00
6596.64655163 -3.40403671e+01
6596.70218140 4.45812225e-01
6596.75781117 3.11938858e+01
6596.81344095 -1.27259827e+00
6596.86907072 1.29812241e+01
6596.92470050 5.45114517e+00
6596.98033027 1.26686859e+00
6597.03596005 1.18282242e+01
6597.09158982 6.28087158e+01
6597.14721960 2.93645134e+01
6597.20284937 -2.71183414e+01
6597.25847915 -2.33825111e+01
6597.31410892 -2.21396065e+01
6597.36973869 1.09770470e+01
6597.42536847 -3.17053032e+01
6597.48099824 -9.66678619e-01
6597.53662802 1.47544861e+01
6597.59225779 2.31879997e+01
6597.64788757 -2.93955383e+01
6597.70351734 1.79978905e+01
6597.75914712 -6.67714310e+00
6597.81477689 -2.23746643e+01
6597.87040666 -1.27421265e+01
6597.92603644 1.52217484e+01
6597.98166621 -3.87117195e+00
6598.03729599 1.82803345e+00
6598.09292576 -4.82288475e+01
6598.14855554 -2.26283379e+01
6598.20418531 3.35484238e+01
6598.25981509 8.19361877e+00
6598.31544486 4.93610001e+00
6598.37107464 1.61370659e+01
6598.42670441 1.82479401e+01
6598.48233418 -1.28864975e+01
6598.53796396 -9.17576408e+00
6598.59359373 5.86014366e+00
6598.64922351 -1.93757687e+01
6598.70485328 -6.92709541e+00
6598.76048306 6.58059692e+00
6598.81611283 -3.03038101e+01
6598.87174261 -9.17184448e+00
6598.92737238 -3.68531456e+01
6598.98300216 -5.24001694e+00
6599.03863193 -5.49917603e+01
6599.09426170 2.74644852e-01
6599.14989148 8.81128693e+00
6599.20552125 -3.16161003e+01
6599.26115103 3.41043854e+00
6599.31678080 1.84450226e+01
6599.37241058 -1.30822182e+01
6599.42804035 -2.24853649e+01
6599.48367013 -5.02571106e+00
6599.53929990 -3.11544876e+01
6599.59492968 1.68017769e+01
6599.65055945 1.81785431e+01
6599.70618922 -3.09627533e-01
6599.76181900 -5.60494614e+00
6599.81744877 -2.23729858e+01
6599.87307855 1.45234642e+01
6599.92870832 -1.86832714e+01
6599.98433810 8.33226776e+00
6600.03996787 1.74697037e+01
6600.09559765 7.31806183e+00
6600.15122742 -1.14606476e+00
6600.20685720 4.58128471e+01
6600.26248697 -3.61480331e+00
6600.31811674 8.73494720e+00
6600.37374652 -1.47914505e+00
6600.42937629 2.96606178e+01
6600.48500607 4.90589142e-01
6600.54063584 3.91220474e+00
6600.59626562 1.26072578e+01
6600.65189539 5.95763779e+00
6600.70752517 1.13442154e+01
6600.76315494 -1.18597584e+01
6600.81878472 7.18025208e-01
6600.87441449 1.33162270e+01
6600.93004426 8.74080467e+00
6600.98567404 1.22909775e+01
6601.04130381 1.19392357e+01
6601.09693359 1.32901382e+00
6601.15256336 -2.34798431e+00
6601.20819314 -9.16230774e+00
6601.26382291 3.86077118e+00
6601.31945269 -5.50798225e+00
6601.37508246 2.15582066e+01
6601.43071224 -2.02000389e+01
6601.48634201 -2.31046314e+01
6601.54197178 -1.03460999e+01
6601.59760156 2.44013939e+01
6601.65323133 -2.54166679e+01
6601.70886111 1.43487968e+01
6601.76449088 1.23553238e+01
6601.82012066 1.18002434e+01
6601.87575043 9.33503342e+00
6601.93138021 -1.38323326e+01
6601.98700998 2.91981544e+01
6602.04263975 -2.29584122e+00
6602.09826953 5.54985046e-01
6602.15389930 2.92001324e+01
6602.20952908 -1.83568649e+01
6602.26515885 1.87175941e+01
6602.32078863 -5.78849792e-01
6602.37641840 6.93057632e+00
6602.43204818 6.34844208e+00
6602.48767795 -7.43456841e+00
6602.54330773 -1.13712883e+01
6602.59893750 4.49419975e+01
6602.65456727 -6.75511932e+00
6602.71019705 -6.90196991e+00
6602.76582682 -7.90224075e+00
6602.82145660 4.09060287e+00
6602.87708637 -1.38777657e+01
6602.93271615 6.14520264e+00
6602.98834592 2.43403988e+01
6603.04397570 -4.31521988e+01
6603.09960547 9.07196045e-01
6603.15523525 9.10362244e+00
6603.21086502 9.38423920e+00
6603.26649479 4.24319458e+00
6603.32212457 -1.49988213e+01
6603.37775434 -1.13751564e+01
6603.43338412 -9.66836548e+00
6603.48901389 -2.83752441e+00
6603.54464367 2.46844444e+01
6603.60027344 4.55120087e+00
6603.65590322 -5.89970016e+00
6603.71153299 -3.10559006e+01
6603.76716277 -2.29358368e+01
6603.82279254 1.67685623e+01
6603.87842231 -4.33097839e-01
6603.93405209 4.90295029e+00
6603.98968186 3.38175583e+00
6604.04531164 -2.20134125e+01
6604.10094141 -4.86408043e+00
6604.15657119 -3.11965942e-01
6604.21220096 3.79080200e+00
6604.26783074 2.77507172e+01
6604.32346051 3.26133804e+01
6604.37909029 3.60535660e+01
6604.43472006 -1.92371178e+01
6604.49034983 6.72703934e+00
6604.54597961 -7.81962967e+00
6604.60160938 2.10612640e+01
6604.65723916 -3.09545078e+01
6604.71286893 -9.21186447e+00
6604.76849871 -1.47217941e+00
6604.82412848 2.52199097e+01
6604.87975826 1.92215614e+01
6604.93538803 7.28827667e+00
6604.99101781 -1.70651283e+01
6605.04664758 3.71277618e+00
6605.10227735 9.19816589e+00
6605.15790713 -2.53788357e+01
6605.21353690 9.01828384e+00
6605.26916668 -1.24555149e+01
6605.32479645 -1.39698296e+01
6605.38042623 -2.10060062e+01
6605.43605600 7.68672180e+00
6605.49168578 1.27051849e+01
6605.54731555 1.56951904e+00
6605.60294533 -6.10865021e+00
6605.65857510 2.75883942e+01
6605.71420487 1.75408363e+01
6605.76983465 1.88540154e+01
6605.82546442 -1.02588501e+01
6605.88109420 -1.94812450e+01
6605.93672397 -8.60277176e+00
6605.99235375 1.82559586e+00
6606.04798352 1.35147133e+01
6606.10361330 2.35612125e+01
6606.15924307 3.81544113e+00
6606.21487284 1.15241852e+01
6606.27050262 -2.13768005e+00
6606.32613239 -2.44792156e+01
6606.38176217 1.48132057e+01
