N1073C	0.7962100757657281	0.024167353725072515	15.3822250742888	0.4668964708735964	0.810868907595573	0.03499615260060957	15.66542439091524	0.6761013739735284	0.11767514087298216	0.015507713515377403	2.275433166724876	0.2998659309959585	9.1	2.4	11.952625324164039	0.6035700195151723	12.314947228926744	0.8618283554349313
N1073C	0.8042473824141272	0.08388216517458506	15.537471618858113	1.6205421232659645	0.7513635690855643	0.13406521646576056	14.515792867318515	2.590041616334455	0.11580137302016995	0.015928290531601	2.2392009303544613	0.30799844636647616	9.1	2.4	12.15849511659733	2.0716848972238537	10.822394455960048	3.474539104912706
N1073C	0.8389353369788081	0.018785497702057605	16.20762135715359	0.3629221709233111	0.8084883413329449	0.025526727838743365	15.619408964023915	0.49315788644436687	0.11561692154269754	0.016784560702230257	2.235634272125896	0.32455577131610214	9.1	2.4	13.004573405466147	0.45573880003987643	12.263681167851958	0.6308818234264586
N1073C	0.8903507092878903	0.024819253244604572	17.20105076131522	0.47949333949521145	0.8796879927343518	0.03066850245694529	16.995054343513534	0.5924974197611441	0.11489115166120384	0.018451993182911772	2.2216003746730495	0.35679819007736296	9.1	2.4	14.225703464806072	0.5824521524923468	13.975920861046358	0.7227199254435133
N1073C	0.9242635268531117	0.0408597936858804	17.856221680255338	0.7893869147349026	0.9289398081928748	0.055428307008172646	17.94656472663115	1.070841932530482	0.1117893637163372	0.020928579227214143	2.1616224463396967	0.40468686039165047	9.1	2.4	15.020054630190304	0.940248681580248	15.127345235917694	1.271725672310426
N1073E	1.2667603037230304	0.11997261449901167	24.474572724381424	2.3179432366647936	1.171665507421469	0.17178547172860262	22.63729383525535	3.3190003251921905	0.11715374012683814	0.015600969257952199	2.265351066613249	0.3016691768477845	9.1	2.4	22.478943360087666	2.5239080569700416	20.463266032788706	3.6717644849630102
N1073E	0.8720260146620264	0.38477803146083017	16.848116177227773	7.4341646550643565	0.9261707595845433	0.4636216188514641	17.894265529020014	8.957493277420742	0.1159737749316864	0.016244396250777914	2.2425345913516868	0.3141108455722095	9.1	2.4	13.793478797169167	9.080642553616139	15.05343075281064	10.648025264238724
N1073E	1.0736698976471573	0.04139742893515335	20.743805943444066	0.7998177412537901	0.9938203607732863	0.041290576751220345	19.201085319108394	0.7977537172396866	0.11600370171077115	0.017314653293678116	2.2431132725004623	0.33480594187096513	9.1	2.4	18.349493940324283	0.9051068462253176	16.58553949313715	0.9246691421719068
N1073E	1.0696775098397975	0.04158097290602964	20.666659522777387	0.8033634453092754	1.023050762998249	0.04704989582225771	19.765810388758567	0.9090255862847945	0.11488422024781382	0.018739536491250038	2.221466344938282	0.3623582903314084	9.1	2.4	18.264881688878027	0.9100711136182147	17.23897756836706	1.043313033135357
N1073E	1.0126039651788024	0.029133804579527786	19.563949231023017	0.5628777817394618	0.9545159572625336	0.03625265050073023	18.441660082656824	0.7004168474534392	0.1126664871898311	0.02068794586886144	2.1785830025633364	0.40003383749697513	9.1	2.4	17.012697775925727	0.6493117387842983	15.709188480160273	0.824117463128143
Jp1734f402m5304Sloan	1.037499797743473	0.021603587327716105	20.068956764510073	0.41789064535842196	0.9512695889659921	0.026112162695685108	18.400950718076665	0.5051024698771055	0.11961058158163017	0.019637321805935817	2.312857944362838	0.37971837561772714	9.1	2.4	17.573949861797498	0.47982881828354085	15.642112244140298	0.5968353873955161
Jp1734f402m5304Sloan	1.0149270968822588	0.05319374135061756	19.632541602340794	1.0289688227442282	0.8747560125269529	0.07725207562219134	16.921089263794514	1.4943472793520542	0.11584431127511885	0.021416650234242596	2.2400312087693175	0.4141244777921522	9.1	2.4	17.083587151162998	1.183742086610848	13.882921956743884	1.8225985973765355
