# Rest-frame spectrum generated from: M106C0004o_1d.fits
# lambda_Ha_obs = 6573.91400000 Angstrom
# lambda_Ha_rest = 6562.80000000 Angstrom
# z_Ha = 1.6934844883e-03
# v_Ha_relativistic = 507.263992 km/s
# v_Ha_classical = 507.693877 km/s
# columns: wavelength_rest[Angstrom] flux_or_counts

6533.44791433 -1.55141382e+01
6533.50343910 -1.55152054e+01
6533.55896387 -1.55156078e+01
6533.61448863 -1.55152721e+01
6533.67001340 -1.55138111e+01
6533.72553816 -1.55148096e+01
6533.78106293 -1.55144758e+01
6533.83658770 -1.55145979e+01
6533.89211246 -1.55155172e+01
6533.94763723 -1.55144577e+01
6534.00316199 -1.55145197e+01
6534.05868676 -1.55148468e+01
6534.11421153 -1.55145226e+01
6534.16973629 -1.55144863e+01
6534.22526106 -2.45610352e+01
6534.28078583 -2.45616989e+01
6534.33631059 -1.48940220e+01
6534.39183536 -4.77780533e+00
6534.44736012 3.72841644e+00
6534.50288489 -1.04660339e+01
6534.55840966 1.26465988e+00
6534.61393442 2.96656761e+01
6534.66945919 -7.43516731e+00
6534.72498395 3.59809799e+01
6534.78050872 -6.08712006e+00
6534.83603349 8.08808517e+00
6534.89155825 -1.67005959e+01
6534.94708302 -1.84785614e+01
6535.00260779 2.02292404e+01
6535.05813255 -2.94781456e+01
6535.11365732 1.54435349e+01
6535.16918208 1.25916233e+01
6535.22470685 -2.43215427e+01
6535.28023162 -2.29377022e+01
6535.33575638 6.23237228e+00
6535.39128115 1.46825123e+01
6535.44680592 -2.09244270e+01
6535.50233068 -6.82560158e+00
6535.55785545 5.58068657e+00
6535.61338021 3.01539993e+01
6535.66890498 -2.04372787e+00
6535.72442975 -1.12363834e+01
6535.77995451 -4.98530579e+00
6535.83547928 -1.03770466e+01
6535.89100404 -1.11142826e+01
6535.94652881 1.59315453e+01
6536.00205358 -2.05371742e+01
6536.05757834 1.22856560e+01
6536.11310311 1.90209885e+01
6536.16862788 -1.50374451e+01
6536.22415264 -2.56362534e+00
6536.27967741 6.48937225e-02
6536.33520217 -3.46395683e+00
6536.39072694 -2.06867943e+01
6536.44625171 -1.11720486e+01
6536.50177647 1.10892639e+01
6536.55730124 3.10988941e+01
6536.61282600 2.38332024e+01
6536.66835077 -2.63393021e+00
6536.72387554 1.48136177e+01
6536.77940030 1.00750256e+01
6536.83492507 -1.33335552e+01
6536.89044984 1.16068573e+01
6536.94597460 8.50677490e-04
6537.00149937 -2.60127182e+01
6537.05702413 5.67075729e+00
6537.11254890 -1.17636700e+01
6537.16807367 -6.62506866e+00
6537.22359843 -8.54120064e+00
6537.27912320 9.91437912e-01
6537.33464796 3.17022724e+01
6537.39017273 -1.63606644e-01
6537.44569750 -7.48130798e-01
6537.50122226 -1.06137762e+01
6537.55674703 -1.17740517e+01
6537.61227180 -5.48985481e+00
6537.66779656 -1.00529861e+00
6537.72332133 -8.87565613e+00
6537.77884609 -2.86916447e+01
6537.83437086 -9.52905846e+00
6537.88989563 -1.04898529e+01
6537.94542039 9.85606003e+00
6538.00094516 4.47830658e+01
6538.05646992 -6.49425507e-01
6538.11199469 -2.60911236e+01
6538.16751946 2.79942093e+01
6538.22304422 2.52744255e+01
6538.27856899 1.40273170e+01
6538.33409376 3.25647011e+01
6538.38961852 6.60297394e-01
6538.44514329 -2.00121384e+01
6538.50066805 1.01475945e+01
6538.55619282 8.42067146e+00
6538.61171759 8.03388596e+00
6538.66724235 4.43403053e+00
6538.72276712 1.53330841e+01
6538.77829189 2.63048859e+01
6538.83381665 3.79521751e+01
6538.88934142 3.36571655e+01
6538.94486618 2.04799614e+01
6539.00039095 1.95730286e+01
6539.05591572 1.26398411e+01
6539.11144048 -3.67814827e+00
6539.16696525 6.80159378e+00
6539.22249001 -1.80180531e+01
6539.27801478 1.48570900e+01
6539.33353955 -5.05300140e+00
6539.38906431 9.34373665e+00
6539.44458908 -1.26709204e+01
6539.50011385 -1.47409420e+01
6539.55563861 1.60092945e+01
6539.61116338 7.29281235e+00
6539.66668814 -1.62629871e+01
6539.72221291 -9.31537247e+00
6539.77773768 -1.53550177e+01
6539.83326244 -5.74796677e+00
6539.88878721 1.87245388e+01
6539.94431197 1.53180809e+01
6539.99983674 -3.06664848e+01
6540.05536151 -6.49202728e+00
6540.11088627 3.95543022e+01
6540.16641104 1.79540424e+01
6540.22193581 2.03252983e+00
6540.27746057 -5.54153252e+00
6540.33298534 -1.56639366e+01
6540.38851010 2.33352318e+01
6540.44403487 3.99908066e-01
6540.49955964 6.34723473e+00
6540.55508440 1.85236549e+01
6540.61060917 2.66434536e+01
6540.66613393 4.41240387e+01
6540.72165870 1.32192802e+00
6540.77718347 3.42924194e+01
6540.83270823 1.09596071e+01
6540.88823300 -1.13699150e+01
6540.94375777 -7.97093010e+00
6540.99928253 -1.51845741e+00
6541.05480730 -2.16485386e+01
6541.11033206 -7.95389748e+00
6541.16585683 -4.61966324e+00
6541.22138160 5.01752472e+00
6541.27690636 -1.01608276e+00
6541.33243113 1.47436752e+01
6541.38795589 -8.82644176e+00
6541.44348066 -3.30426788e+00
6541.49900543 -2.20863342e-01
6541.55453019 5.79056740e+00
6541.61005496 2.64331741e+01
6541.66557973 7.35258675e+00
6541.72110449 -1.26297846e+01
6541.77662926 9.46832752e+00
6541.83215402 1.90248833e+01
6541.88767879 -5.03166199e-01
6541.94320356 9.07369995e+00
6541.99872832 1.60480976e+01
6542.05425309 -9.12551880e-01
6542.10977786 -1.73355179e+01
6542.16530262 -3.82140350e+00
6542.22082739 1.38010788e+01
6542.27635215 7.40493774e-01
6542.33187692 -1.22494965e+01
6542.38740169 -1.69593811e+00
6542.44292645 2.81341553e-01
6542.49845122 -3.00813293e+00
6542.55397598 -9.34197235e+00
6542.60950075 4.44360733e+00
6542.66502552 -7.16349792e+00
6542.72055028 -3.10791016e-01
6542.77607505 -3.85698929e+01
6542.83159982 -3.78301620e-01
6542.88712458 2.04709415e+01
6542.94264935 6.43034363e+00
6542.99817411 4.97463608e+00
6543.05369888 6.37501144e+00
6543.10922365 -6.12762642e+00
6543.16474841 -1.46755924e+01
6543.22027318 2.02882099e+01
6543.27579794 2.29238701e+00
6543.33132271 1.02047825e+01
6543.38684748 2.25513687e+01
6543.44237224 2.32465553e+00
6543.49789701 -8.55877495e+00
6543.55342178 1.22500610e+01
6543.60894654 1.19575005e+01
6543.66447131 -3.81924629e+00
6543.71999607 6.31307030e+00
6543.77552084 -4.69905472e+00
6543.83104561 1.16602783e+01
6543.88657037 2.05796947e+01
6543.94209514 6.74966049e+00
6543.99761990 1.66732559e+01
6544.05314467 1.00541897e+01
6544.10866944 7.52925110e+00
6544.16419420 5.01107025e+00
6544.21971897 -8.05664635e+00
6544.27524374 1.89468498e+01
6544.33076850 3.11999378e+01
6544.38629327 -1.46779404e+01
6544.44181803 -1.26239700e+01
6544.49734280 3.38654175e+01
6544.55286757 3.55873947e+01
6544.60839233 1.12774849e+01
6544.66391710 1.77041817e+01
6544.71944187 -1.12502670e+00
6544.77496663 -5.25451660e-01
6544.83049140 -1.34378624e+01
6544.88601616 -4.94826508e+00
6544.94154093 1.23260269e+01
6544.99706570 2.32155285e+01
6545.05259046 6.16883659e+00
6545.10811523 -5.22536659e+00
6545.16363999 -3.68799973e+00
6545.21916476 -8.78379250e+00
6545.27468953 1.35764389e+01
6545.33021429 -1.15611858e+01
6545.38573906 2.67426472e+01
6545.44126383 1.93098621e+01
6545.49678859 -1.58547592e+01
6545.55231336 7.93211746e+00
6545.60783812 -3.21619034e-01
6545.66336289 2.52398949e+01
6545.71888766 1.66258945e+01
6545.77441242 -3.53983879e+00
6545.82993719 1.53360386e+01
6545.88546195 -4.53779221e+00
6545.94098672 -9.59813881e+00
6545.99651149 3.18309402e+00
6546.05203625 -6.32304382e+00
6546.10756102 5.77773094e+00
6546.16308579 -1.95926476e+01
6546.21861055 3.80340347e+01
6546.27413532 2.08846169e+01
6546.32966008 6.61207771e+00
6546.38518485 -3.80840302e-01
6546.44070962 -1.93260574e+00
6546.49623438 -2.43931847e+01
6546.55175915 -1.21167374e+00
6546.60728391 -1.35038948e+00
6546.66280868 2.47906876e+00
6546.71833345 2.28209572e+01
6546.77385821 7.29412460e+00
6546.82938298 -5.23155594e+00
6546.88490775 1.08839912e+01
6546.94043251 2.20359650e+01
6546.99595728 1.33060951e+01
6547.05148204 -2.47813797e+00
6547.10700681 3.14032001e+01
6547.16253158 -9.18819237e+00
6547.21805634 8.31070328e+00
6547.27358111 2.58859596e+01
6547.32910587 1.10803185e+01
6547.38463064 3.64043121e+01
6547.44015541 5.22527924e+01
6547.49568017 -6.15723419e+00
6547.55120494 4.40319595e+01
6547.60672971 1.72707024e+01
6547.66225447 2.34434052e+01
6547.71777924 3.12846832e+01
6547.77330400 1.64118614e+01
6547.82882877 1.03255501e+01
6547.88435354 5.31209183e+01
6547.93987830 2.74884415e+00
6547.99540307 -2.43703461e+00
6548.05092784 1.14153976e+01
6548.10645260 4.01186256e+01
6548.16197737 3.31120987e+01
6548.21750213 5.33122177e+01
6548.27302690 1.91384125e+01
6548.32855167 1.81608124e+01
6548.38407643 4.84601212e+00
6548.43960120 3.56067123e+01
6548.49512596 2.21781654e+01
6548.55065073 3.53282166e+00
6548.60617550 -1.41922760e+01
6548.66170026 8.25551224e+00
6548.71722503 1.27902985e+00
6548.77274980 2.65684090e+01
6548.82827456 1.13863564e+01
6548.88379933 6.05277824e+00
6548.93932409 3.42965088e+01
6548.99484886 7.37073898e+00
6549.05037363 2.54307156e+01
6549.10589839 9.17926788e-01
6549.16142316 3.12693100e+01
6549.21694792 -1.34420252e+01
6549.27247269 -6.10355377e+00
6549.32799746 -6.20945930e+00
6549.38352222 -2.30451660e+01
6549.43904699 1.11380939e+01
6549.49457176 -1.46700459e+01
6549.55009652 -9.89584351e+00
6549.60562129 6.41016769e+00
6549.66114605 -6.04513359e+00
6549.71667082 -9.00463867e+00
6549.77219559 1.95159149e+00
6549.82772035 -4.66073608e+00
6549.88324512 -7.26183701e+00
6549.93876988 8.63240433e+00
6549.99429465 9.00028229e-01
6550.04981942 8.21259499e+00
6550.10534418 1.61929398e+01
6550.16086895 1.29131832e+01
6550.21639372 -2.50114441e+01
6550.27191848 2.24221401e+01
6550.32744325 3.73758774e+01
6550.38296801 1.97833519e+01
6550.43849278 1.12846355e+01
6550.49401755 5.22869492e+00
6550.54954231 -1.43435516e+01
6550.60506708 -1.34335690e+01
6550.66059184 5.51690292e+00
6550.71611661 -6.52494431e+01
6550.77164138 7.24452209e+00
6550.82716614 -3.73222542e+00
6550.88269091 1.20910301e+01
6550.93821568 -5.15185547e+00
6550.99374044 1.27130013e+01
6551.04926521 -8.34284592e+00
6551.10478997 -1.07519112e+01
6551.16031474 -2.38050575e+01
6551.21583951 1.17594452e+01
6551.27136427 3.24720306e+01
6551.32688904 2.11415710e+01
6551.38241381 2.92048645e+00
6551.43793857 2.21701965e+01
6551.49346334 -7.87825775e+00
6551.54898810 -2.01454926e+00
6551.60451287 -6.88442993e+00
6551.66003764 -1.26594925e+00
6551.71556240 1.44203568e+00
6551.77108717 -8.53447342e+00
6551.82661193 -9.02970314e+00
6551.88213670 1.48460560e+01
6551.93766147 2.84426460e+01
6551.99318623 5.40025520e+01
6552.04871100 2.41013527e+01
6552.10423577 -1.14533615e+00
6552.15976053 -1.38979454e+01
6552.21528530 -2.70088711e+01
6552.27081006 2.85037804e+01
6552.32633483 2.97873058e+01
6552.38185960 1.52281570e+00
6552.43738436 -2.87834167e+00
6552.49290913 1.01334076e+01
6552.54843389 4.21359253e+00
6552.60395866 -2.15835743e+01
6552.65948343 -1.13130951e+00
6552.71500819 -9.78788757e+00
6552.77053296 -3.56342316e+00
6552.82605773 -2.85665512e+00
6552.88158249 1.66818848e+01
6552.93710726 7.92427826e+00
6552.99263202 -3.17226353e+01
6553.04815679 1.15725155e+01
6553.10368156 2.90571976e+01
6553.15920632 -1.92599277e+01
6553.21473109 1.58078880e+01
6553.27025585 1.19387302e+01
6553.32578062 9.19243622e+00
6553.38130539 8.86922646e+00
6553.43683015 -8.75688362e+00
6553.49235492 -2.36419582e+01
6553.54787969 9.16131592e+00
6553.60340445 -1.14856987e+01
6553.65892922 -1.43425941e+01
6553.71445398 -1.08410072e+01
6553.76997875 -1.15863400e+01
6553.82550352 -1.85235043e+01
6553.88102828 -1.95725632e+00
6553.93655305 -8.27722549e-01
6553.99207781 1.00653191e+01
6554.04760258 -1.38929367e-01
6554.10312735 -3.66843033e+00
6554.15865211 1.44051342e+01
6554.21417688 -1.90097313e+01
6554.26970165 -3.84632111e-01
6554.32522641 -9.24491882e-01
6554.38075118 1.16041489e+01
6554.43627594 -1.34041977e+01
6554.49180071 1.31738663e+00
6554.54732548 1.77677402e+01
6554.60285024 -8.22715759e-02
6554.65837501 2.96508026e+00
6554.71389978 -6.35069275e+00
6554.76942454 1.34479561e+01
6554.82494931 -1.00125360e+01
6554.88047407 2.61996841e+00
6554.93599884 -2.68427658e+00
6554.99152361 -3.25536499e+01
6555.04704837 -1.25436287e+01
6555.10257314 4.52611351e+00
6555.15809790 -2.09277630e+01
6555.21362267 1.16581001e+01
6555.26914744 1.44514542e+01
6555.32467220 3.23935699e+00
6555.38019697 4.97381973e+00
6555.43572174 1.41319447e+01
6555.49124650 -1.05072441e+01
6555.54677127 2.32451973e+01
6555.60229603 1.65877781e+01
6555.65782080 2.01373901e+01
6555.71334557 2.91383476e+01
6555.76887033 -4.56105423e+00
6555.82439510 1.27071724e+01
6555.87991986 2.67873001e+00
6555.93544463 -2.07173309e+01
6555.99096940 1.38738079e+01
6556.04649416 1.85141582e+01
6556.10201893 5.03269958e+00
6556.15754370 1.53919945e+01
6556.21306846 6.55039978e+00
6556.26859323 2.78505268e+01
6556.32411799 4.31118393e+01
6556.37964276 1.62949066e+01
6556.43516753 1.22064171e+01
6556.49069229 1.03763390e+01
6556.54621706 -9.65480804e-01
6556.60174182 -8.45555496e+00
6556.65726659 4.85850143e+00
6556.71279136 1.59491444e+01
6556.76831612 1.64083328e+01
6556.82384089 1.27495575e+01
6556.87936566 3.23823929e+00
6556.93489042 2.05099373e+01
6556.99041519 -1.09117622e+01
6557.04593995 2.06059837e+00
6557.10146472 -7.57204056e+00
6557.15698949 -2.19639320e+01
6557.21251425 4.86752930e+01
6557.26803902 1.28058701e+01
6557.32356378 -8.13892365e+00
6557.37908855 4.40512085e+00
6557.43461332 1.52948456e+01
6557.49013808 1.65193443e+01
6557.54566285 5.62217712e-01
6557.60118762 9.47124481e-01
6557.65671238 1.94851799e+01
6557.71223715 -5.66237640e+00
6557.76776191 -1.57666016e+00
6557.82328668 -1.40769081e+01
6557.87881145 1.03969936e+01
6557.93433621 -1.36476879e+01
6557.98986098 -1.41456509e+01
6558.04538575 3.11381626e+01
6558.10091051 7.17497063e+00
6558.15643528 -6.87645531e+00
6558.21196004 -1.43548203e+00
6558.26748481 1.67051964e+01
6558.32300958 2.80220261e+01
6558.37853434 2.25537033e+01
6558.43405911 1.47876549e+01
6558.48958387 1.47641449e+01
6558.54510864 -2.14526215e+01
6558.60063341 1.61632843e+01
6558.65615817 3.19555168e+01
6558.71168294 2.42149124e+01
6558.76720771 2.46967010e+01
6558.82273247 1.82713623e+01
6558.87825724 7.39528656e-01
6558.93378200 2.50233002e+01
6558.98930677 -1.92117500e+00
6559.04483154 1.89892197e+00
6559.10035630 2.86651115e+01
6559.15588107 -1.47639809e+01
6559.21140583 -4.70488930e+00
6559.26693060 3.13561001e+01
6559.32245537 3.03053036e+01
6559.37798013 8.89543915e+00
6559.43350490 2.93033714e+01
6559.48902967 1.52118301e+01
6559.54455443 -4.92464256e+00
6559.60007920 1.02250862e+00
6559.65560396 1.54026432e+01
6559.71112873 1.89987946e+00
6559.76665350 2.02196941e+01
6559.82217826 2.32991104e+01
6559.87770303 1.85115929e+01
6559.93322779 1.42332916e+01
6559.98875256 5.13375092e+00
6560.04427733 1.12931538e+01
6560.09980209 1.75987625e+00
6560.15532686 9.93136787e+00
6560.21085163 3.01809311e+00
6560.26637639 2.37744312e+01
6560.32190116 -3.00150490e+00
6560.37742592 4.13136482e+00
6560.43295069 3.58537903e+01
6560.48847546 1.37329178e+01
6560.54400022 -6.13069916e+00
6560.59952499 -8.66423225e+00
6560.65504976 1.81799164e+01
6560.71057452 3.57963638e+01
6560.76609929 -9.15641785e-02
6560.82162405 2.33298817e+01
6560.87714882 1.80521317e+01
6560.93267359 9.80798721e+00
6560.98819835 6.11701965e+00
6561.04372312 2.10677147e+01
6561.09924788 1.45106049e+01
6561.15477265 1.67138557e+01
6561.21029742 6.97809219e+00
6561.26582218 -1.68573761e+00
6561.32134695 2.80838242e+01
6561.37687172 3.72528801e+01
6561.43239648 2.32209873e+01
6561.48792125 5.38316879e+01
6561.54344601 5.67858047e+01
6561.59897078 4.41872749e+01
6561.65449555 6.59990921e+01
6561.71002031 6.42970123e+01
6561.76554508 8.95381622e+01
6561.82106984 1.02049484e+02
6561.87659461 9.12823486e+01
6561.93211938 1.09607086e+02
6561.98764414 1.30742020e+02
6562.04316891 1.62203110e+02
6562.09869368 1.42937912e+02
6562.15421844 1.51693237e+02
6562.20974321 1.64871613e+02
6562.26526797 1.54590942e+02
6562.32079274 2.14283249e+02
6562.37631751 1.72284821e+02
6562.43184227 1.70324417e+02
6562.48736704 2.29338776e+02
6562.54289180 1.52504395e+02
6562.59841657 1.74614166e+02
6562.65394134 2.05870148e+02
6562.70946610 1.52820740e+02
6562.76499087 2.02279999e+02
6562.82051564 1.67992004e+02
6562.87604040 1.30051437e+02
6562.93156517 1.22873451e+02
6562.98708993 1.21902008e+02
6563.04261470 1.13673050e+02
6563.09813947 1.07649841e+02
6563.15366423 1.27843193e+02
6563.20918900 8.11861649e+01
6563.26471376 4.62443504e+01
6563.32023853 2.73131561e+01
6563.37576330 7.18863831e+01
6563.43128806 5.21882248e+01
6563.48681283 4.82058334e+01
6563.54233760 1.88282394e+01
6563.59786236 2.96319885e+01
6563.65338713 -1.33814735e+01
6563.70891189 1.66588211e+00
6563.76443666 9.84764099e+00
6563.81996143 2.81033020e+01
6563.87548619 1.45926399e+01
6563.93101096 -2.95039940e+00
6563.98653573 2.16676674e+01
6564.04206049 -8.03293228e+00
6564.09758526 8.52056122e+00
6564.15311002 2.39662380e+01
6564.20863479 -9.82729721e+00
6564.26415956 1.38481102e+01
6564.31968432 3.09541054e+01
6564.37520909 -2.28684273e+01
6564.43073385 1.09015198e+01
6564.48625862 -1.68228626e+01
6564.54178339 3.70977402e+00
6564.59730815 7.10518074e+00
6564.65283292 1.42488937e+01
6564.70835769 1.09246864e+01
6564.76388245 -6.67008591e+00
6564.81940722 1.62199554e+01
6564.87493198 -1.79192696e+01
6564.93045675 -3.17589760e+00
6564.98598152 -3.09219742e+00
6565.04150628 1.44357700e+01
6565.09703105 6.49455070e+00
6565.15255581 -2.41743851e+00
6565.20808058 -2.33152466e+01
6565.26360535 -1.37752914e+00
6565.31913011 2.62686520e+01
6565.37465488 -1.99145298e+01
6565.43017965 9.79441452e+00
6565.48570441 1.68794250e+00
6565.54122918 1.81331100e+01
6565.59675394 1.60092163e+00
6565.65227871 5.20362854e-01
6565.70780348 -1.30103378e+01
6565.76332824 -5.70816803e+00
6565.81885301 -5.94563293e+00
6565.87437777 -5.94129944e+00
6565.92990254 -2.53447495e+01
6565.98542731 -1.88059006e+01
6566.04095207 8.84883881e+00
6566.09647684 1.57668495e+01
6566.15200161 -2.43335342e+00
6566.20752637 -1.23105621e+00
6566.26305114 2.43638229e+01
6566.31857590 -3.40853004e+01
6566.37410067 -3.54850769e+01
6566.42962544 1.38099060e+01
6566.48515020 -2.55570641e+01
6566.54067497 7.24650574e+00
6566.59619973 -3.08855057e+00
6566.65172450 2.64588165e+00
6566.70724927 -1.27582512e+01
6566.76277403 3.39397430e+01
6566.81829880 -8.36244583e+00
6566.87382357 6.63432121e+00
6566.92934833 3.13482285e-01
6566.98487310 -1.10863438e+01
6567.04039786 1.43149204e+01
6567.09592263 2.66311646e-01
6567.15144740 -1.22547398e+01
6567.20697216 -1.02650948e+01
6567.26249693 5.86834526e+00
6567.31802170 -9.14232826e+00
6567.37354646 -6.77040100e+00
6567.42907123 1.64908600e+00
6567.48459599 8.80783081e-01
6567.54012076 2.38179169e+01
6567.59564553 -1.71777878e+01
6567.65117029 -5.88283730e+00
6567.70669506 -2.08199520e+01
6567.76221982 1.49611206e+01
6567.81774459 5.54904175e+00
6567.87326936 -2.05000801e+01
6567.92879412 5.09044456e+00
6567.98431889 -1.07602577e+01
6568.03984366 -1.82911682e+01
6568.09536842 1.05210114e+01
6568.15089319 1.35362320e+01
6568.20641795 2.77244186e+01
6568.26194272 4.51854477e+01
6568.31746749 9.40916443e+00
6568.37299225 -2.44719200e+01
6568.42851702 -1.38963108e+01
6568.48404178 -4.30542374e+00
6568.53956655 1.65285149e+01
6568.59509132 -3.00945282e-01
6568.65061608 1.57769184e+01
6568.70614085 -1.55697365e+01
6568.76166562 -7.56255341e+00
6568.81719038 1.07079544e+01
6568.87271515 2.10671616e+00
6568.92823991 9.53896713e+00
6568.98376468 1.19141235e+01
6569.03928945 -2.52605515e+01
6569.09481421 -1.47338848e+01
6569.15033898 6.30116653e+00
6569.20586374 1.60921478e+01
6569.26138851 9.09666824e+00
6569.31691328 7.41618347e+00
6569.37243804 -3.73386765e+00
6569.42796281 2.05424576e+01
6569.48348758 1.05364189e+01
6569.53901234 1.16952515e+01
6569.59453711 7.28202820e+00
6569.65006187 4.23812866e-02
6569.70558664 -1.56293716e+01
6569.76111141 4.28741570e+01
6569.81663617 2.13926582e+01
6569.87216094 -9.64595413e+00
6569.92768570 1.86180878e+00
6569.98321047 4.08983231e+00
6570.03873524 2.85426540e+01
6570.09426000 1.23537750e+01
6570.14978477 1.15235348e+01
6570.20530954 3.52230721e+01
6570.26083430 -1.33223152e+01
6570.31635907 -1.12758827e+01
6570.37188383 2.10408096e+01
6570.42740860 -4.44260483e+01
6570.48293337 -2.69735603e+01
6570.53845813 4.73421097e+00
6570.59398290 3.26014481e+01
6570.64950767 2.33811493e+01
6570.70503243 3.48362579e+01
6570.76055720 -1.03058548e+01
6570.81608196 2.69385490e+01
6570.87160673 -1.49918442e+01
6570.92713150 2.51433964e+01
6570.98265626 1.81921921e+01
6571.03818103 1.90525055e+01
6571.09370579 9.41216278e+00
6571.14923056 -1.59970169e+01
6571.20475533 2.33488426e+01
6571.26028009 3.86967621e+01
6571.31580486 -3.51750603e+01
6571.37132963 5.38877487e+00
6571.42685439 9.44073486e+00
6571.48237916 -6.61039352e-01
6571.53790392 -1.57583904e+01
6571.59342869 -3.31716995e+01
6571.64895346 -1.93800449e+01
6571.70447822 1.80964737e+01
6571.76000299 2.05265999e+01
6571.81552775 -1.36010742e+00
6571.87105252 -1.26835403e+01
6571.92657729 1.42805214e+01
6571.98210205 1.74684601e+01
6572.03762682 -3.45771141e+01
6572.09315159 3.14949799e+00
6572.14867635 -1.40568829e+01
6572.20420112 -9.67018127e-01
6572.25972588 -1.56619759e+01
6572.31525065 1.74669189e+01
6572.37077542 -1.06075878e+01
6572.42630018 -8.46744537e-01
6572.48182495 2.88750725e+01
6572.53734971 -5.54679871e+00
6572.59287448 -2.15486641e+01
6572.64839925 -5.71427155e+00
6572.70392401 2.24172955e+01
6572.75944878 8.53768921e+00
6572.81497355 4.36141968e-01
6572.87049831 -1.26210976e+01
6572.92602308 -3.68683319e+01
6572.98154784 7.43890953e+00
6573.03707261 1.82828140e+00
6573.09259738 -2.24887466e+00
6573.14812214 2.80804920e+01
6573.20364691 8.06899071e+00
6573.25917168 2.20666161e+01
6573.31469644 3.08890610e+01
6573.37022121 2.42159233e+01
6573.42574597 6.44316483e+00
6573.48127074 -7.30667114e-02
6573.53679551 -1.17478943e+01
6573.59232027 -1.01369896e+01
6573.64784504 1.34594574e+01
6573.70336980 9.55131531e+00
6573.75889457 -5.49439240e+00
6573.81441934 5.51585388e+00
6573.86994410 2.96739464e+01
6573.92546887 5.28234100e+00
6573.98099364 -4.52730179e+00
6574.03651840 -2.53350449e+01
6574.09204317 1.67444611e+00
6574.14756793 3.24166451e+01
6574.20309270 2.17487221e+01
6574.25861747 1.50206909e+01
6574.31414223 1.86934414e+01
6574.36966700 8.77161026e+00
6574.42519176 1.59332542e+01
6574.48071653 5.15879822e+00
6574.53624130 1.49298649e+01
6574.59176606 6.00403214e+00
6574.64729083 -3.59606934e+00
6574.70281560 -2.17579021e+01
6574.75834036 2.14854431e+00
6574.81386513 -1.86639957e+01
6574.86938989 -1.44290047e+01
6574.92491466 5.33347130e+00
6574.98043943 1.25175476e-01
6575.03596419 1.59928894e+00
6575.09148896 1.23274555e+01
6575.14701372 1.04487915e+01
6575.20253849 -8.10783005e+00
6575.25806326 1.44289017e+00
6575.31358802 2.29056664e+01
6575.36911279 1.15453720e+01
6575.42463756 4.68879700e+00
6575.48016232 -2.38886395e+01
6575.53568709 5.73162575e+01
6575.59121185 -4.48913574e-01
6575.64673662 1.97445602e+01
6575.70226139 -1.23796558e+01
6575.75778615 7.16817284e+00
6575.81331092 1.86857224e+01
6575.86883568 3.65839233e+01
6575.92436045 7.88344574e+00
6575.97988522 5.30330658e+00
6576.03540998 -1.48746529e+01
6576.09093475 4.34250412e+01
6576.14645952 -8.51722336e+00
6576.20198428 -9.27202225e+00
6576.25750905 -1.27128410e+01
6576.31303381 -5.81055450e+00
6576.36855858 1.39004707e+01
6576.42408335 1.41892204e+01
6576.47960811 2.39652863e+01
6576.53513288 -7.78467941e+00
6576.59065765 -4.98863602e+00
6576.64618241 -1.03836899e+01
6576.70170718 1.20569534e+01
6576.75723194 1.08636589e+01
6576.81275671 -3.85541153e+00
6576.86828148 -8.17202187e+00
6576.92380624 -1.64905300e+01
6576.97933101 -1.36793900e+00
6577.03485577 1.48109970e+01
6577.09038054 -1.93289032e+01
6577.14590531 4.04117012e+01
6577.20143007 -6.05161667e+00
6577.25695484 -2.24069157e+01
6577.31247961 3.75398445e+00
6577.36800437 -2.39292679e+01
6577.42352914 -1.47450218e+01
6577.47905390 -1.27577991e+01
6577.53457867 -1.22671375e+01
6577.59010344 1.95394135e+00
6577.64562820 1.80714378e+01
6577.70115297 1.37496262e+01
6577.75667773 7.31033325e+00
6577.81220250 3.84920349e+01
6577.86772727 -6.77445221e+00
6577.92325203 -2.01776714e+01
6577.97877680 8.48551178e+00
6578.03430157 8.69185448e+00
6578.08982633 -4.35848045e+00
6578.14535110 3.17210770e+00
6578.20087586 -2.09839630e+00
6578.25640063 4.41073227e+00
6578.31192540 2.33103027e+01
6578.36745016 2.56726913e+01
6578.42297493 -1.08936272e+01
6578.47849969 1.09997902e+01
6578.53402446 3.45767212e+00
6578.58954923 4.80028915e+00
6578.64507399 1.68507538e+01
6578.70059876 -8.57318878e-01
6578.75612353 1.22503204e+01
6578.81164829 -7.42592621e+00
6578.86717306 1.67283936e+01
6578.92269782 1.72419701e+01
6578.97822259 2.76385307e+01
6579.03374736 9.41449738e+00
6579.08927212 -1.02941132e+00
6579.14479689 -7.90910339e+00
6579.20032165 -2.31966019e+00
6579.25584642 1.54282074e+01
6579.31137119 2.11857605e+01
6579.36689595 -7.91446686e-01
6579.42242072 -7.20664406e+00
6579.47794549 1.70046005e+01
6579.53347025 1.44146729e+01
6579.58899502 -1.19858818e+01
6579.64451978 -1.70983124e+00
6579.70004455 2.14982491e+01
6579.75556932 8.41643906e+00
6579.81109408 -1.00719738e+01
6579.86661885 -8.80132484e+00
6579.92214362 1.01509590e+01
6579.97766838 -1.62061081e+01
6580.03319315 -2.36219120e+01
6580.08871791 1.18783569e+00
6580.14424268 -3.81901741e+00
6580.19976745 -2.24701996e+01
6580.25529221 1.39494514e+01
6580.31081698 -9.96068954e+00
6580.36634174 1.48021660e+01
6580.42186651 2.89310551e+01
6580.47739128 1.79109688e+01
6580.53291604 1.52126312e+00
6580.58844081 2.28165646e+01
6580.64396558 1.54242744e+01
6580.69949034 2.18432484e+01
6580.75501511 -4.36660767e+00
6580.81053987 -4.28947830e+00
6580.86606464 -1.24119148e+01
6580.92158941 2.00724602e+01
6580.97711417 -1.43085480e-01
6581.03263894 2.69043465e+01
6581.08816370 8.50505829e+00
6581.14368847 -1.77079773e+00
6581.19921324 7.74968719e+00
6581.25473800 2.57289314e+00
6581.31026277 9.55478287e+00
6581.36578754 1.74556007e+01
6581.42131230 4.57928467e+00
6581.47683707 3.50103493e+01
6581.53236183 -1.39140053e+01
6581.58788660 -1.44841385e+01
6581.64341137 7.36088181e+00
6581.69893613 -1.52743587e+01
6581.75446090 1.30894203e+01
6581.80998566 -1.21187649e+01
6581.86551043 -9.78636742e+00
6581.92103520 9.00777435e+00
6581.97655996 -2.34239197e+00
6582.03208473 1.68897247e+00
6582.08760950 1.27785110e+01
6582.14313426 -3.66905594e+00
6582.19865903 5.93409729e+00
6582.25418379 -1.11809559e+01
6582.30970856 8.24089050e+00
6582.36523333 2.18124924e+01
6582.42075809 3.98781204e+00
6582.47628286 -2.87277794e+01
6582.53180762 3.53426666e+01
6582.58733239 4.55624542e+01
6582.64285716 1.26151447e+01
6582.69838192 1.85835419e+01
6582.75390669 2.08293533e+01
6582.80943146 4.21109657e+01
6582.86495622 4.79711456e+01
6582.92048099 8.97037506e+01
6582.97600575 7.34330368e+01
6583.03153052 9.02661514e+00
6583.08705529 1.40998840e+00
6583.14258005 2.08488541e+01
6583.19810482 1.20723343e+01
6583.25362959 5.84127350e+01
6583.30915435 3.32354240e+01
6583.36467912 4.01189041e+00
6583.42020388 -1.05931091e+00
6583.47572865 5.27212181e+01
6583.53125342 -6.09409332e-01
6583.58677818 3.26569061e+01
6583.64230295 1.95476837e+01
6583.69782771 -7.72533417e-01
6583.75335248 4.91311493e+01
6583.80887725 2.87464600e+01
6583.86440201 1.31554413e+01
6583.91992678 2.41647873e+01
6583.97545155 8.05187607e+00
6584.03097631 3.46039886e+01
6584.08650108 8.84808350e+00
6584.14202584 1.01338425e+01
6584.19755061 2.61304379e+01
6584.25307538 3.15990829e+00
6584.30860014 2.45507755e+01
6584.36412491 -4.82668304e+00
6584.41964967 -2.46959400e+01
6584.47517444 -2.74907436e+01
6584.53069921 -2.15156841e+01
6584.58622397 -2.90281219e+01
6584.64174874 -1.10945892e+00
6584.69727351 -4.51353073e+01
6584.75279827 -8.09674835e+00
6584.80832304 4.63667488e+00
6584.86384780 -1.75056305e+01
6584.91937257 -5.77991867e+00
6584.97489734 7.48808670e+00
6585.03042210 -1.03588066e+01
6585.08594687 -2.38240128e+01
6585.14147163 1.67139435e+01
6585.19699640 -1.08833961e+01
6585.25252117 -2.36701050e+01
6585.30804593 -4.75681496e+00
6585.36357070 2.47795563e+01
6585.41909547 2.33836937e+01
6585.47462023 6.05717850e+00
6585.53014500 -9.87704468e+00
6585.58566976 -1.43607254e+01
6585.64119453 8.16856003e+00
6585.69671930 -2.24420948e+01
6585.75224406 -3.37674332e+00
6585.80776883 -1.32744446e+01
6585.86329360 1.87453728e+01
6585.91881836 1.48947678e+01
6585.97434313 2.08798981e+00
6586.02986789 -2.26766205e+00
6586.08539266 8.42091370e+00
6586.14091743 -8.04388809e+00
6586.19644219 6.89342499e+00
6586.25196696 -7.77695847e+00
6586.30749172 -3.34660339e+00
6586.36301649 -1.16023502e+01
6586.41854126 -9.31582260e+00
6586.47406602 1.96157761e+01
6586.52959079 -7.91195679e+00
6586.58511556 -2.84114838e-01
6586.64064032 9.67831421e+00
6586.69616509 2.57957878e+01
6586.75168985 -1.93628693e+00
6586.80721462 -1.11674538e+01
6586.86273939 -8.00559044e+00
6586.91826415 -2.78135414e+01
6586.97378892 1.76723404e+01
6587.02931368 -9.75507355e+00
6587.08483845 8.08556366e+00
6587.14036322 6.97123909e+00
6587.19588798 -1.71122971e+01
6587.25141275 -3.08609142e+01
6587.30693752 -3.65456200e+00
6587.36246228 1.97827168e+01
6587.41798705 3.55890656e+00
6587.47351181 3.65211868e+00
6587.52903658 1.08441162e+00
6587.58456135 -1.44270515e+01
6587.64008611 -1.25771484e+01
6587.69561088 -6.16059875e+00
6587.75113564 -4.65709305e+00
6587.80666041 -2.57182503e+01
6587.86218518 -1.66900272e+01
6587.91770994 -8.69844437e-01
6587.97323471 1.97762585e+01
6588.02875948 1.46856804e+01
6588.08428424 -1.44893627e+01
6588.13980901 3.19007874e-01
6588.19533377 1.62155037e+01
6588.25085854 -1.04932404e+00
6588.30638331 -5.18403625e+00
6588.36190807 -1.48925114e+01
6588.41743284 -8.40184784e+00
6588.47295760 2.69720268e+00
6588.52848237 -1.34650631e+01
6588.58400714 1.16260567e+01
6588.63953190 -4.08957481e+00
6588.69505667 -2.80400391e+01
6588.75058144 -3.29286957e+00
6588.80610620 -5.39428711e+00
6588.86163097 2.47129650e+01
6588.91715573 -1.26089649e+01
6588.97268050 1.07415771e+00
6589.02820527 5.31931114e+00
6589.08373003 -1.79993458e+01
6589.13925480 1.79143867e+01
6589.19477957 1.09473038e+01
6589.25030433 1.25606575e+01
6589.30582910 2.24447632e+01
6589.36135386 6.67329216e+00
6589.41687863 -2.50832443e+01
6589.47240340 3.49425888e+01
6589.52792816 3.90430717e+01
6589.58345293 2.50296230e+01
6589.63897769 -1.65063343e+01
6589.69450246 -1.57145786e+01
6589.75002723 1.73207664e+01
