# Rest-frame spectrum generated from: M106C0002o_1d.fits
# lambda_Ha_obs = 6573.91400000 Angstrom
# lambda_Ha_rest = 6562.80000000 Angstrom
# z_Ha = 1.6934844883e-03
# v_Ha_relativistic = 507.263992 km/s
# v_Ha_classical = 507.693877 km/s
# columns: wavelength_rest[Angstrom] flux_or_counts

6532.86199252 1.33619232e+01
6532.91833067 1.33573418e+01
6532.97466883 1.33583374e+01
6533.03100698 1.33614082e+01
6533.08734514 1.33612061e+01
6533.14368329 1.33611755e+01
6533.20002145 1.33620529e+01
6533.25635960 1.33571625e+01
6533.31269776 1.33616409e+01
6533.36903591 1.33609467e+01
6533.42537406 1.33617134e+01
6533.48171222 1.33612518e+01
6533.53805037 1.33583221e+01
6533.59438853 1.33609467e+01
6533.65072668 1.33623123e+01
6533.70706484 1.33612518e+01
6533.76340299 1.33621368e+01
6533.81974114 1.14296684e+01
6533.87607930 1.81573563e+01
6533.93241745 1.33607903e+01
6533.98875561 1.57726822e+01
6534.04509376 1.05557709e+01
6534.10143192 -5.33225441e+00
6534.15777007 -2.30847473e+01
6534.21410823 1.57159805e+00
6534.27044638 -3.66572342e+01
6534.32678453 2.53040886e+01
6534.38312269 9.29835129e+00
6534.43946084 -8.31829453e+00
6534.49579900 8.65345764e+00
6534.55213715 -4.23683548e+00
6534.60847531 2.42109299e+01
6534.66481346 3.74139595e+00
6534.72115162 2.03742104e+01
6534.77748977 3.99838982e+01
6534.83382792 -1.72547359e+01
6534.89016608 -9.57579517e+00
6534.94650423 2.55374908e+00
6535.00284239 8.73277283e+00
6535.05918054 2.99643974e+01
6535.11551870 1.16930771e+01
6535.17185685 2.15729904e+00
6535.22819500 -1.62262897e+01
6535.28453316 -1.02494125e+01
6535.34087131 -2.30968323e+01
6535.39720947 -5.51366043e+00
6535.45354762 7.43938446e+00
6535.50988578 3.35424271e+01
6535.56622393 1.30500412e+01
6535.62256209 5.07635117e-01
6535.67890024 1.04957275e+01
6535.73523839 1.27365131e+01
6535.79157655 -1.09988022e+01
6535.84791470 1.36549187e+00
6535.90425286 1.51125164e+01
6535.96059101 3.66241570e+01
6536.01692917 -6.29611969e+00
6536.07326732 2.43672333e+01
6536.12960548 1.87712231e+01
6536.18594363 1.97263222e+01
6536.24228178 2.39281502e+01
6536.29861994 -2.07115498e+01
6536.35495809 3.66242599e+00
6536.41129625 -1.77317829e+01
6536.46763440 -1.38176346e+01
6536.52397256 9.69166565e+00
6536.58031071 -4.98618317e+00
6536.63664886 2.06585732e+01
6536.69298702 8.52659225e+00
6536.74932517 2.13579750e+00
6536.80566333 -1.70967102e+01
6536.86200148 1.74733467e+01
6536.91833964 1.89788303e+01
6536.97467779 2.94028854e+00
6537.03101595 5.79285812e+00
6537.08735410 1.76835098e+01
6537.14369225 3.63407516e+00
6537.20003041 1.64010220e+01
6537.25636856 -1.40491047e+01
6537.31270672 -2.57035255e+00
6537.36904487 3.27131538e+01
6537.42538303 -3.32111435e+01
6537.48172118 4.50468826e+00
6537.53805934 2.76976166e+01
6537.59439749 -7.98358536e+00
6537.65073564 5.08466721e+00
6537.70707380 -2.21852303e+01
6537.76341195 -1.00654240e+01
6537.81975011 1.39290771e+01
6537.87608826 2.65569305e+00
6537.93242642 -4.59370041e+00
6537.98876457 4.41344910e+01
6538.04510272 1.96828079e+00
6538.10144088 -1.95010033e+01
6538.15777903 3.58015556e+01
6538.21411719 1.69563560e+01
6538.27045534 1.02200317e+00
6538.32679350 -6.51295280e+00
6538.38313165 2.02171116e+01
6538.43946981 -7.70127106e+00
6538.49580796 -8.60493088e+00
6538.55214611 -1.49906969e+01
6538.60848427 4.66974258e+00
6538.66482242 1.73966446e+01
6538.72116058 -1.70136337e+01
6538.77749873 2.05857086e+00
6538.83383689 -6.66244507e-01
6538.89017504 -2.32060032e+01
6538.94651320 -1.07607212e+01
6539.00285135 2.41369858e+01
6539.05918950 -1.00610790e+01
6539.11552766 6.84264374e+00
6539.17186581 8.85256577e+00
6539.22820397 4.76772690e+00
6539.28454212 1.20405159e+01
6539.34088028 -1.13065281e+01
6539.39721843 -6.84498215e+00
6539.45355658 1.33377151e+01
6539.50989474 1.24103146e+01
6539.56623289 2.38270893e+01
6539.62257105 1.39727974e+00
6539.67890920 2.50860405e+01
6539.73524736 2.85872326e+01
6539.79158551 1.32462997e+01
6539.84792367 -1.09839249e+00
6539.90426182 2.13402214e+01
6539.96059997 7.49708748e+00
6540.01693813 1.82507515e+01
6540.07327628 -1.30464325e+01
6540.12961444 -2.78499241e+01
6540.18595259 3.32855225e-01
6540.24229075 -8.23353577e+00
6540.29862890 2.41984177e+00
6540.35496706 1.71098442e+01
6540.41130521 1.98613586e+01
6540.46764336 2.52153740e+01
6540.52398152 7.16359520e+00
6540.58031967 6.50515747e+00
6540.63665783 1.57679901e+01
6540.69299598 3.09682083e+00
6540.74933414 3.61682129e+00
6540.80567229 1.07002640e+00
6540.86201044 -6.13349915e-01
6540.91834860 -1.25541306e+01
6540.97468675 6.95739746e-01
6541.03102491 -2.91378994e+01
6541.08736306 -1.02426376e+01
6541.14370122 2.34650040e+01
6541.20003937 -9.56761551e+00
6541.25637753 1.40345459e+01
6541.31271568 1.64906235e+01
6541.36905383 -5.49976349e-01
6541.42539199 2.05501633e+01
6541.48173014 1.32917976e+01
6541.53806830 -2.35682220e+01
6541.59440645 -3.77960358e+01
6541.65074461 2.06557541e+01
6541.70708276 -1.67842102e+00
6541.76342092 1.98588982e+01
6541.81975907 2.14761066e+01
6541.87609722 -2.00302429e+01
6541.93243538 9.80648041e+00
6541.98877353 1.23341827e+01
6542.04511169 2.79037094e+00
6542.10144984 -9.04445648e+00
6542.15778800 1.23019943e+01
6542.21412615 1.74718018e+01
6542.27046430 2.34374847e+01
6542.32680246 -1.41680679e+01
6542.38314061 9.11512756e+00
6542.43947877 4.18854752e+01
6542.49581692 1.62640915e+01
6542.55215508 -6.73007965e+00
6542.60849323 1.31825333e+01
6542.66483139 9.24611282e+00
6542.72116954 -1.63333950e+01
6542.77750769 -6.00091171e+00
6542.83384585 -1.49959145e+01
6542.89018400 1.94311810e+01
6542.94652216 4.21394043e+01
6543.00286031 3.48084450e+00
6543.05919847 1.09067173e+01
6543.11553662 -5.89012146e-01
6543.17187478 -1.05397263e+01
6543.22821293 1.22230530e-01
6543.28455108 4.10917282e-01
6543.34088924 -5.33886147e+00
6543.39722739 -1.02465248e+01
6543.45356555 2.27903805e+01
6543.50990370 3.17478218e+01
6543.56624186 -2.00837440e+01
6543.62258001 2.15975628e+01
6543.67891816 1.40771294e+01
6543.73525632 2.29549389e+01
6543.79159447 -2.02875137e+00
6543.84793263 -1.75829620e+01
6543.90427078 1.13206787e+01
6543.96060894 -5.35846138e+00
6544.01694709 6.35285568e+00
6544.07328525 -3.84220505e+00
6544.12962340 7.71747971e+00
6544.18596155 2.44048729e+01
6544.24229971 -5.50760078e+00
6544.29863786 1.07795506e+01
6544.35497602 2.87277985e+00
6544.41131417 -7.17427826e+00
6544.46765233 9.93024635e+00
6544.52399048 -2.24474545e+01
6544.58032863 3.16941795e+01
6544.63666679 -3.38638077e+01
6544.69300494 -1.93965759e+01
6544.74934310 1.01874676e+01
6544.80568125 1.87536335e+01
6544.86201941 9.37966919e+00
6544.91835756 -6.89727783e-01
6544.97469572 -9.10465240e-01
6545.03103387 -2.91584969e+00
6545.08737202 -2.56939030e+01
6545.14371018 2.61577759e+01
6545.20004833 8.58223724e+00
6545.25638649 -2.12586708e+01
6545.31272464 3.33113251e+01
6545.36906280 -9.81319809e+00
6545.42540095 1.59021111e+01
6545.48173911 1.95107727e+01
6545.53807726 -6.61544800e-01
6545.59441541 7.46405792e+00
6545.65075357 -1.06439285e+01
6545.70709172 4.95019531e+00
6545.76342988 3.38376045e+01
6545.81976803 1.89786739e+01
6545.87610619 3.08864670e+01
6545.93244434 7.99678421e+00
6545.98878249 -4.85863495e+00
6546.04512065 -1.89750423e+01
6546.10145880 -5.43969536e+00
6546.15779696 2.15039043e+01
6546.21413511 1.08286362e+01
6546.27047327 7.53464508e+00
6546.32681142 -2.04772224e+01
6546.38314958 3.21738625e+00
6546.43948773 -7.89560699e+00
6546.49582588 5.40207863e+00
6546.55216404 1.17287216e+01
6546.60850219 1.90946770e+01
6546.66484035 6.96598053e+00
6546.72117850 -3.74369164e+01
6546.77751666 1.87641144e-01
6546.83385481 6.76006317e-01
6546.89019297 1.34230042e+00
6546.94653112 3.14826965e+00
6547.00286927 9.89763641e+00
6547.05920743 1.35292168e+01
6547.11554558 -1.18061733e+01
6547.17188374 1.61959648e+01
6547.22822189 2.69232559e+01
6547.28456005 9.27411652e+00
6547.34089820 1.78662872e+00
6547.39723635 2.03073158e+01
6547.45357451 2.90366974e+01
6547.50991266 -1.24877224e+01
6547.56625082 1.04739532e+01
6547.62258897 1.58410988e+01
6547.67892713 -1.75191422e+01
6547.73526528 1.49150734e+01
6547.79160344 -5.81494141e+00
6547.84794159 2.57111320e+01
6547.90427974 2.32235489e+01
6547.96061790 1.04243336e+01
6548.01695605 1.51610947e+01
6548.07329421 4.09122963e+01
6548.12963236 5.16375351e+01
6548.18597052 1.22412987e+01
6548.24230867 -5.33973694e+00
6548.29864683 2.50106220e+01
6548.35498498 3.31119728e+01
6548.41132313 -8.06739807e-01
6548.46766129 3.21813774e+01
6548.52399944 9.83432198e+00
6548.58033760 4.31895828e+00
6548.63667575 5.67399788e+00
6548.69301391 1.06203136e+01
6548.74935206 7.62362289e+00
6548.80569021 2.52340775e+01
6548.86202837 1.37726460e+01
6548.91836652 -3.29555511e+01
6548.97470468 1.60386124e+01
6549.03104283 -9.56700516e+00
6549.08738099 1.07066307e+01
6549.14371914 2.02555466e+01
6549.20005730 -1.48274574e+01
6549.25639545 1.21121788e+01
6549.31273360 -1.84232826e+01
6549.36907176 1.53928070e+01
6549.42540991 -3.79679108e+00
6549.48174807 -1.47146893e+01
6549.53808622 -8.55571938e+00
6549.59442438 1.66525192e+01
6549.65076253 -7.95288086e+00
6549.70710069 2.97851582e+01
6549.76343884 1.18652840e+01
6549.81977699 -8.87006760e+00
6549.87611515 -4.51831436e+00
6549.93245330 -1.94655571e+01
6549.98879146 -5.89228439e+00
6550.04512961 9.98011398e+00
6550.10146777 2.23299522e+01
6550.15780592 2.76777382e+01
6550.21414407 2.08599091e+01
6550.27048223 -1.35567722e+01
6550.32682038 -3.54201088e+01
6550.38315854 2.96057510e+01
6550.43949669 -1.24377708e+01
6550.49583485 -9.96543121e+00
6550.55217300 2.43178024e+01
6550.60851116 -3.33138275e+00
6550.66484931 -3.30082397e+01
6550.72118746 1.08103142e+01
6550.77752562 7.80447006e+00
6550.83386377 3.20840454e+00
6550.89020193 -2.08443279e+01
6550.94654008 -8.75431061e+00
6551.00287824 -2.20796452e+01
6551.05921639 -5.14174271e+00
6551.11555455 -1.13642921e+01
6551.17189270 2.60357132e+01
6551.22823085 -1.64314270e+00
6551.28456901 3.17716293e+01
6551.34090716 -8.01487732e+00
6551.39724532 2.50198822e+01
6551.45358347 3.96312103e+01
6551.50992163 3.68772736e+01
6551.56625978 -7.74133301e+00
6551.62259793 -4.80557251e+00
6551.67893609 8.46328735e-02
6551.73527424 -5.54656982e-03
6551.79161240 1.74303322e+01
6551.84795055 1.73440704e+01
6551.90428871 1.18653107e+00
6551.96062686 5.11066818e+00
6552.01696502 -2.61525841e+01
6552.07330317 -5.86943436e+00
6552.12964132 6.65603638e+00
6552.18597948 1.82495079e+01
6552.24231763 3.29733238e+01
6552.29865579 2.58256302e+01
6552.35499394 2.40506916e+01
6552.41133210 -7.36484528e-01
6552.46767025 -5.07733536e+00
6552.52400841 7.47472382e+00
6552.58034656 -1.12770920e+01
6552.63668471 1.43972206e+01
6552.69302287 2.80085754e+00
6552.74936102 2.25034714e+00
6552.80569918 -1.14178944e+01
6552.86203733 5.71123505e+00
6552.91837549 2.38035831e+01
6552.97471364 2.26963272e+01
6553.03105179 1.65804329e+01
6553.08738995 6.38224792e+00
6553.14372810 2.96442795e+00
6553.20006626 1.31247787e+01
6553.25640441 1.46069870e+01
6553.31274257 -2.68591156e+01
6553.36908072 1.83886642e+01
6553.42541888 1.67154694e+00
6553.48175703 2.33079414e+01
6553.53809518 -3.04459934e+01
6553.59443334 7.87637711e+00
6553.65077149 -5.29512405e+00
6553.70710965 1.53450470e+01
6553.76344780 -7.05570412e+00
6553.81978596 7.83997345e+00
6553.87612411 2.42301178e+00
6553.93246227 -1.67960491e+01
6553.98880042 3.11308289e+00
6554.04513857 7.24829102e+00
6554.10147673 -1.18194904e+01
6554.15781488 -1.81802864e+01
6554.21415304 -6.44641876e+00
6554.27049119 1.25928345e+01
6554.32682935 -4.99834061e+00
6554.38316750 3.23719025e-01
6554.43950565 5.69860458e+00
6554.49584381 8.82534981e+00
6554.55218196 -1.16913776e+01
6554.60852012 -2.13490562e+01
6554.66485827 -6.36921501e+00
6554.72119643 2.62125015e+00
6554.77753458 -9.42225075e+00
6554.83387274 -1.91216774e+01
6554.89021089 -2.55745354e+01
6554.94654904 -1.72597885e+01
6555.00288720 -3.95403366e+01
6555.05922535 -2.17947788e+01
6555.11556351 -1.65424480e+01
6555.17190166 1.34690285e+01
6555.22823982 -1.13956451e+00
6555.28457797 7.75310898e+00
6555.34091613 1.21353874e+01
6555.39725428 1.40681000e+01
6555.45359243 7.90241241e-01
6555.50993059 -1.11582623e+01
6555.56626874 1.56934509e+01
6555.62260690 5.86587944e+01
6555.67894505 1.85276718e+01
6555.73528321 -2.64047623e+01
6555.79162136 -1.17923222e+01
6555.84795951 1.57241821e-01
6555.90429767 -2.86065025e+01
6555.96063582 2.30940552e+01
6556.01697398 -7.76073456e+00
6556.07331213 -1.29927692e+01
6556.12965029 -1.45828552e+01
6556.18598844 2.56641731e+01
6556.24232660 -2.12785816e+01
6556.29866475 4.44033928e+01
6556.35500290 -2.29860744e+01
6556.41134106 1.66281509e+00
6556.46767921 -2.66340332e+01
6556.52401737 -4.16311188e+01
6556.58035552 1.70629768e+01
6556.63669368 -1.17427616e+01
6556.69303183 -4.83384705e+00
6556.74936999 -3.03151455e+01
6556.80570814 3.40129471e+00
6556.86204629 8.19443512e+00
6556.91838445 1.51572838e+01
6556.97472260 2.38267326e+01
6557.03106076 1.36293812e+01
6557.08739891 2.24837914e+01
6557.14373707 -5.55676270e+00
6557.20007522 1.24443130e+01
6557.25641337 2.21087074e+01
6557.31275153 -1.17030563e+01
6557.36908968 8.07962990e+00
6557.42542784 6.27070618e+00
6557.48176599 -1.04351578e+01
6557.53810415 2.09328995e+01
6557.59444230 9.56298828e-01
6557.65078046 -2.16711426e+01
6557.70711861 5.23846512e+01
6557.76345676 2.53532410e-01
6557.81979492 3.49332809e+01
6557.87613307 3.09669552e+01
6557.93247123 2.20108032e-03
6557.98880938 7.81227112e+00
6558.04514754 -1.60261497e+01
6558.10148569 -6.57605743e+00
6558.15782385 2.10710678e+01
6558.21416200 -3.39937210e+00
6558.27050015 -1.12900734e+01
6558.32683831 2.98025475e+01
6558.38317646 9.82444382e+00
6558.43951462 1.12086678e+01
6558.49585277 2.55643768e+01
6558.55219093 5.18104172e+00
6558.60852908 -1.92042885e+01
6558.66486723 -2.65069962e+00
6558.72120539 2.37412376e+01
6558.77754354 3.04803085e+00
6558.83388170 -1.77991371e+01
6558.89021985 -3.64140320e+00
6558.94655801 -8.31252098e+00
6559.00289616 8.03947449e-02
6559.05923432 1.22579231e+01
6559.11557247 3.88178635e+00
6559.17191062 2.64750290e+00
6559.22824878 -1.91504288e+00
6559.28458693 6.86359787e+00
6559.34092509 -4.92942429e+00
6559.39726324 -1.94463558e+01
6559.45360140 1.91565170e+01
6559.50993955 1.94637070e+01
6559.56627771 1.13134365e+01
6559.62261586 -1.98866138e+01
6559.67895401 -2.50086327e+01
6559.73529217 9.02933502e+00
6559.79163032 8.22601318e-02
6559.84796848 5.13623047e+00
6559.90430663 -1.49854546e+01
6559.96064479 3.43076782e+01
6560.01698294 4.39253845e+01
6560.07332109 -1.84813690e+01
6560.12965925 2.37283554e+01
6560.18599740 1.85411682e+01
6560.24233556 3.30445862e+00
6560.29867371 1.80720673e+01
6560.35501187 5.49831009e+00
6560.41135002 -1.10994587e+01
6560.46768818 2.82145729e+01
6560.52402633 1.32872238e+01
6560.58036448 1.68516159e+00
6560.63670264 1.88695564e+01
6560.69304079 -1.45424385e+01
6560.74937895 -1.71407661e+01
6560.80571710 8.74232674e+00
6560.86205526 4.44659119e+01
6560.91839341 -7.28747177e+00
6560.97473157 5.84298706e+00
6561.03106972 5.25054932e+01
6561.08740787 5.07365227e+01
6561.14374603 6.48174744e+01
6561.20008418 2.55569439e+01
6561.25642234 -1.03336716e+01
6561.31276049 1.31354523e+00
6561.36909865 7.71451569e+00
6561.42543680 -1.88071060e+00
6561.48177495 2.13071709e+01
6561.53811311 1.37477264e+01
6561.59445126 6.74759979e+01
6561.65078942 5.70988159e+01
6561.70712757 5.87667770e+01
6561.76346573 7.55169983e+01
6561.81980388 6.62951050e+01
6561.87614204 5.17779121e+01
6561.93248019 3.92194977e+01
6561.98881834 1.18048096e+02
6562.04515650 1.10624321e+02
6562.10149465 1.00043007e+02
6562.15783281 1.35589447e+02
6562.21417096 1.43466400e+02
6562.27050912 1.45111252e+02
6562.32684727 1.55910568e+02
6562.38318542 1.62734390e+02
6562.43952358 1.71818420e+02
6562.49586173 1.85460007e+02
6562.55219989 1.84542694e+02
6562.60853804 2.13420761e+02
6562.66487620 1.80796661e+02
6562.72121435 2.18114319e+02
6562.77755251 2.22954666e+02
6562.83389066 2.27981659e+02
6562.89022881 2.31416229e+02
6562.94656697 2.20691681e+02
6563.00290512 2.80850342e+02
6563.05924328 2.20860672e+02
6563.11558143 2.21044327e+02
6563.17191959 2.12656006e+02
6563.22825774 1.54554779e+02
6563.28459590 1.79690521e+02
6563.34093405 1.53296448e+02
6563.39727220 1.62923843e+02
6563.45361036 9.46761398e+01
6563.50994851 1.08407135e+02
6563.56628667 9.15395966e+01
6563.62262482 1.03664810e+02
6563.67896298 5.39865189e+01
6563.73530113 3.76864662e+01
6563.79163928 4.79679260e+01
6563.84797744 3.87257881e+01
6563.90431559 3.28012238e+01
6563.96065375 3.50735359e+01
6564.01699190 4.75521088e-01
6564.07333006 4.72642517e+00
6564.12966821 2.05826797e+01
6564.18600637 2.96469746e+01
6564.24234452 -7.90454102e+00
6564.29868267 -5.58815384e+00
6564.35502083 2.53712120e+01
6564.41135898 1.22716503e+01
6564.46769714 -2.25851784e+01
6564.52403529 5.13361435e+01
6564.58037345 1.77254562e+01
6564.63671160 2.13493538e+01
6564.69304976 -5.72694778e+00
6564.74938791 1.07184525e+01
6564.80572606 3.76157455e+01
6564.86206422 -2.64361992e+01
6564.91840237 1.98990822e+01
6564.97474053 2.45844002e+01
6565.03107868 1.57190742e+01
6565.08741684 -2.88023396e+01
6565.14375499 -1.38587418e+01
6565.20009314 8.26376724e+00
6565.25643130 3.44999084e+01
6565.31276945 2.44635353e+01
6565.36910761 3.43618393e+00
6565.42544576 1.46083527e+01
6565.48178392 9.85945892e+00
6565.53812207 1.94330177e+01
6565.59446023 2.72740974e+01
6565.65079838 -1.17556362e+01
6565.70713653 -1.04514656e+01
6565.76347469 -1.87208176e+00
6565.81981284 1.46199036e+01
6565.87615100 1.47284241e+01
6565.93248915 1.64456253e+01
6565.98882731 9.47263336e+00
6566.04516546 2.33078461e+01
6566.10150362 5.76890793e+01
6566.15784177 1.71465759e+01
6566.21417992 2.13964844e+01
6566.27051808 8.36492920e+00
6566.32685623 -5.95138550e+00
6566.38319439 3.01909943e+01
6566.43953254 -1.89847183e+00
6566.49587070 2.74643707e+00
6566.55220885 4.79581223e+01
6566.60854700 1.95963364e+01
6566.66488516 -4.18803482e+01
6566.72122331 9.89846802e+00
6566.77756147 1.53945732e+01
6566.83389962 4.49014282e+00
6566.89023778 1.48579559e+01
6566.94657593 -5.18373871e+00
6567.00291409 2.87544441e+01
6567.05925224 -1.10665321e+01
6567.11559039 1.05865669e+01
6567.17192855 2.65384750e+01
6567.22826670 8.21291733e+00
6567.28460486 -3.57095337e+00
6567.34094301 -8.23526382e+00
6567.39728117 9.48254013e+00
6567.45361932 -1.00480728e+01
6567.50995748 -3.16915665e+01
6567.56629563 -1.89583473e+01
6567.62263378 -2.87794876e+00
6567.67897194 -6.55330658e+00
6567.73531009 -8.72750092e+00
6567.79164825 -1.90713425e+01
6567.84798640 -9.98460007e+00
6567.90432456 4.35433578e+00
6567.96066271 -5.65862274e+00
6568.01700086 -4.36549797e+01
6568.07333902 2.18128090e+01
6568.12967717 -1.00118484e+01
6568.18601533 -3.58580017e+00
6568.24235348 -1.03489571e+01
6568.29869164 -7.63714981e+00
6568.35502979 1.42499199e+01
6568.41136795 -3.35021973e-01
6568.46770610 7.05951691e+00
6568.52404425 8.21280289e+00
6568.58038241 3.94760132e+00
6568.63672056 1.43679962e+01
6568.69305872 2.22932816e+01
6568.74939687 1.08440285e+01
6568.80573503 -7.66341400e+00
6568.86207318 -5.49446869e+00
6568.91841134 -1.78371849e+01
6568.97474949 1.80510712e+01
6569.03108764 -3.85356522e+00
6569.08742580 -1.00257759e+01
6569.14376395 2.22057648e+01
6569.20010211 7.26989365e+00
6569.25644026 -4.63523102e+00
6569.31277842 -5.93372345e-01
6569.36911657 -2.26663284e+01
6569.42545472 1.40963669e+01
6569.48179288 1.23130379e+01
6569.53813103 6.84862518e+00
6569.59446919 -4.47640610e+00
6569.65080734 -1.81672401e+01
6569.70714550 -1.72043190e+01
6569.76348365 -2.08075142e+01
6569.81982181 1.94160576e+01
6569.87615996 -6.58775330e-01
6569.93249811 1.46923676e+01
6569.98883627 1.96506042e+01
6570.04517442 2.48873405e+01
6570.10151258 -2.32343025e+01
6570.15785073 1.49326515e+01
6570.21418889 3.46528816e+01
6570.27052704 -7.94705963e+00
6570.32686520 -1.35953903e+00
6570.38320335 -3.06807861e+01
6570.43954150 2.03701515e+01
6570.49587966 4.79422607e+01
6570.55221781 -2.24981327e+01
6570.60855597 2.21505737e+00
6570.66489412 2.00075035e+01
6570.72123228 -1.42440338e+01
6570.77757043 4.41598511e+00
6570.83390858 1.71159363e+00
6570.89024674 9.74399185e+00
6570.94658489 -4.23498535e+00
6571.00292305 -6.11083984e-01
6571.05926120 -2.03502121e+01
6571.11559936 5.59254837e+00
6571.17193751 3.05973625e+01
6571.22827567 3.68531799e+01
6571.28461382 -1.22982407e+00
6571.34095197 -2.44628277e+01
6571.39729013 -2.32482147e+00
6571.45362828 -8.98083115e+00
6571.50996644 2.59818649e+01
6571.56630459 8.95451736e+00
6571.62264275 1.90133667e+00
6571.67898090 1.09294624e+01
6571.73531906 -7.37913513e+00
6571.79165721 1.99459419e+01
6571.84799536 1.93033981e+01
6571.90433352 1.57735443e+01
6571.96067167 1.01931839e+01
6572.01700983 1.08941917e+01
6572.07334798 -5.61510468e+00
6572.12968614 3.33070068e+01
6572.18602429 1.68776512e+01
6572.24236244 2.31904335e+01
6572.29870060 5.08775330e+00
6572.35503875 1.32481804e+01
6572.41137691 1.50801964e+01
6572.46771506 -2.57060623e+00
6572.52405322 3.49980278e+01
6572.58039137 -3.83383942e+00
6572.63672953 -1.25949860e-01
6572.69306768 2.53214264e+01
6572.74940583 -1.53563385e+01
6572.80574399 1.09494209e+01
6572.86208214 3.02171097e+01
6572.91842030 -6.84203339e+00
6572.97475845 2.99077988e+00
6573.03109661 -1.88798637e+01
6573.08743476 1.24619713e+01
6573.14377292 9.65591049e+00
6573.20011107 -1.05204544e+01
6573.25644922 4.16463852e+00
6573.31278738 -1.24599342e+01
6573.36912553 9.94575500e-01
6573.42546369 2.03887978e+01
6573.48180184 -7.78171539e-01
6573.53814000 9.71775818e+00
6573.59447815 4.40898895e+00
6573.65081630 9.40376282e-01
6573.70715446 1.32478981e+01
6573.76349261 -1.56380806e+01
6573.81983077 1.42365417e+01
6573.87616892 9.40312958e+00
6573.93250708 1.74841080e+01
6573.98884523 2.87075424e+00
6574.04518339 -6.66603088e-01
6574.10152154 -6.64545441e+00
6574.15785969 2.67550583e+01
6574.21419785 1.17974701e+01
6574.27053600 3.61793747e+01
6574.32687416 -2.27528114e+01
6574.38321231 -5.70002365e+00
6574.43955047 1.63177872e+01
6574.49588862 2.10080528e+01
6574.55222678 2.97394638e+01
6574.60856493 -4.50541306e+00
6574.66490308 -1.25946350e+01
6574.72124124 -4.60214233e+01
6574.77757939 -1.12745209e+01
6574.83391755 2.81488037e+00
6574.89025570 -9.84343719e+00
6574.94659386 -1.56319351e+01
6575.00293201 -1.23726234e+01
6575.05927016 -1.24515533e-01
6575.11560832 7.84188461e+00
6575.17194647 1.74452858e+01
6575.22828463 -6.26308441e-01
6575.28462278 6.17860794e+00
6575.34096094 1.15804596e+01
6575.39729909 6.51655197e+00
6575.45363725 6.35984421e+00
6575.50997540 -2.57099152e+00
6575.56631355 2.85046425e+01
6575.62265171 -2.04961395e+00
6575.67898986 2.14170341e+01
6575.73532802 3.06222000e+01
6575.79166617 7.74540710e+00
6575.84800433 -1.87301941e+01
6575.90434248 -1.43015842e+01
6575.96068064 9.80556870e+00
6576.01701879 4.69680023e+00
6576.07335694 6.19777679e-01
6576.12969510 4.02362213e+01
6576.18603325 -1.78034973e+00
6576.24237141 -6.51531601e+00
6576.29870956 1.88273811e+01
6576.35504772 3.41613617e+01
6576.41138587 1.85583038e+01
6576.46772402 1.99614677e+01
6576.52406218 -3.45302010e+01
6576.58040033 2.73048401e+00
6576.63673849 1.80290985e+00
6576.69307664 2.43964424e+01
6576.74941480 1.29086723e+01
6576.80575295 1.13988724e+01
6576.86209111 1.17640610e+01
6576.91842926 3.42724838e+01
6576.97476741 -1.08884201e+01
6577.03110557 5.83898926e+00
6577.08744372 6.80871201e+00
6577.14378188 8.52675247e+00
6577.20012003 9.56522751e+00
6577.25645819 2.88354053e+01
6577.31279634 7.00420380e+00
6577.36913450 -3.03844452e+00
6577.42547265 9.06211090e+00
6577.48181080 8.05331802e+00
6577.53814896 1.05787010e+01
6577.59448711 6.08482361e-01
6577.65082527 -5.90058136e+00
6577.70716342 1.61562691e+01
6577.76350158 3.10613289e+01
6577.81983973 -1.90970726e+01
6577.87617788 2.32524529e+01
6577.93251604 3.04190178e+01
6577.98885419 4.37140274e+00
6578.04519235 1.64182205e+01
6578.10153050 5.26125717e+00
6578.15786866 1.86635246e+01
6578.21420681 6.93336487e+00
6578.27054497 -2.50668564e+01
6578.32688312 3.05493164e+00
6578.38322127 -6.59419632e+00
6578.43955943 3.22309456e+01
6578.49589758 -1.12223434e+01
6578.55223574 -4.47684097e+00
6578.60857389 -7.98422241e+00
6578.66491205 -3.26927643e+01
6578.72125020 2.05761375e+01
6578.77758836 1.23045006e+01
6578.83392651 -5.70843124e+00
6578.89026466 1.18391190e+01
6578.94660282 2.50144577e+01
6579.00294097 1.36974602e+01
6579.05927913 -3.22277069e-01
6579.11561728 8.87741089e-01
6579.17195544 -5.37014389e+00
6579.22829359 -2.79218178e+01
6579.28463174 -3.16001339e+01
6579.34096990 9.95418167e+00
6579.39730805 3.77153397e+00
6579.45364621 -3.33428574e+00
6579.50998436 9.19366074e+00
6579.56632252 -1.57755089e+01
6579.62266067 1.85835419e+01
6579.67899883 3.78954735e+01
6579.73533698 3.11100235e+01
6579.79167513 -3.94020462e+01
6579.84801329 -1.67942181e+01
6579.90435144 3.09139080e+01
6579.96068960 1.61972618e+01
6580.01702775 -3.49939270e+01
6580.07336591 -3.88586807e+00
6580.12970406 -1.26009979e+01
6580.18604221 4.23279190e+00
6580.24238037 1.76745834e+01
6580.29871852 -2.11157093e+01
6580.35505668 -1.19411240e+01
6580.41139483 1.83952942e+01
6580.46773299 1.74929161e+01
6580.52407114 -1.39214630e+01
6580.58040930 9.79218292e+00
6580.63674745 2.53761482e+01
6580.69308560 1.10724792e+01
6580.74942376 1.58425217e+01
6580.80576191 2.55061569e+01
6580.86210007 1.34664917e+00
6580.91843822 2.00372276e+01
6580.97477638 2.39867172e+01
6581.03111453 1.42408180e+01
6581.08745269 1.90660629e+01
6581.14379084 5.93413544e+00
6581.20012899 -1.75348816e+01
6581.25646715 5.09680176e+00
6581.31280530 7.48768234e+00
6581.36914346 1.70696259e-01
6581.42548161 1.31229610e+01
6581.48181977 -4.84673691e+00
6581.53815792 1.20562706e+01
6581.59449607 1.07008095e+01
6581.65083423 -3.37420273e+00
6581.70717238 -1.75521507e+01
6581.76351054 -1.61859169e+01
6581.81984869 1.08349915e+01
6581.87618685 3.03413773e+01
6581.93252500 -1.95431862e+01
6581.98886316 -1.10217781e+01
6582.04520131 -5.85486984e+00
6582.10153946 -7.63870621e+00
6582.15787762 -6.96749878e+00
6582.21421577 -2.09061337e+01
6582.27055393 2.66098480e+01
6582.32689208 -1.59709930e+00
6582.38323024 -4.01963387e+01
6582.43956839 1.25386429e+00
6582.49590655 -7.24559784e-01
6582.55224470 4.07424583e+01
6582.60858285 -1.54109573e+00
6582.66492101 1.01370316e+01
6582.72125916 2.60233078e+01
6582.77759732 2.08679619e+01
6582.83393547 1.81473465e+01
6582.89027363 2.19556541e+01
6582.94661178 2.90307541e+01
6583.00294993 1.72563705e+01
6583.05928809 2.05770378e+01
6583.11562624 3.50840378e+01
6583.17196440 4.26828804e+01
6583.22830255 4.44634514e+01
6583.28464071 6.30528374e+01
6583.34097886 4.56548958e+01
6583.39731702 4.27083664e+01
6583.45365517 1.63995285e+01
6583.50999332 5.45081787e+01
6583.56633148 2.10692787e+01
6583.62266963 4.02092438e+01
6583.67900779 4.55915909e+01
6583.73534594 8.49328537e+01
6583.79168410 3.53541451e+01
6583.84802225 -1.47288437e+01
6583.90436041 5.50602417e+01
6583.96069856 6.33166809e+01
6584.01703671 5.28354912e+01
6584.07337487 4.37376785e+00
6584.12971302 3.79425201e+01
6584.18605118 -2.74483452e+01
6584.24238933 2.40666962e+00
6584.29872749 2.51252823e+01
6584.35506564 3.16768265e+00
6584.41140379 -1.70951004e+01
6584.46774195 1.61014786e+01
6584.52408010 2.61535645e-01
6584.58041826 -2.14332962e+00
6584.63675641 2.55766125e+01
6584.69309457 4.67431259e+00
6584.74943272 -1.21954727e+01
6584.80577088 4.54322586e+01
6584.86210903 3.59935379e+00
6584.91844718 -4.98988342e+00
6584.97478534 -5.91188431e+00
6585.03112349 3.98658371e+00
6585.08746165 2.72705078e+00
6585.14379980 1.47272987e+01
6585.20013796 -1.97852325e+01
6585.25647611 3.47382355e+01
6585.31281427 -1.82380886e+01
6585.36915242 2.49838848e+01
6585.42549057 -3.83419037e+00
6585.48182873 -4.31186829e+01
6585.53816688 3.31999702e+01
6585.59450504 1.75782318e+01
6585.65084319 -1.06017570e+01
6585.70718135 -1.37651443e+00
6585.76351950 -1.88717194e+01
6585.81985765 1.02665100e+01
6585.87619581 5.97618103e-01
6585.93253396 -3.58302689e+00
6585.98887212 9.74415207e+00
6586.04521027 2.71663628e+01
6586.10154843 2.91139259e+01
6586.15788658 1.12107239e+01
6586.21422474 1.07969818e+01
6586.27056289 -1.77235489e+01
6586.32690104 7.27042007e+00
6586.38323920 1.32948341e+01
6586.43957735 3.26552277e+01
6586.49591551 3.80939484e+00
6586.55225366 -5.68366241e+00
6586.60859182 1.95896950e+01
6586.66492997 -2.38680229e+01
6586.72126813 1.61528664e+01
6586.77760628 2.53139877e+01
6586.83394443 -1.76254768e+01
6586.89028259 -4.09242630e+01
6586.94662074 6.80328369e-01
6587.00295890 2.09497490e+01
6587.05929705 5.92430573e+01
6587.11563521 -5.88753510e+00
6587.17197336 2.49553375e+01
6587.22831151 -2.13082542e+01
6587.28464967 2.28500443e+01
6587.34098782 7.47893524e+00
6587.39732598 2.35307045e+01
6587.45366413 1.52062607e+00
6587.51000229 4.25665283e+00
6587.56634044 -2.13401165e+01
6587.62267860 -2.56960926e+01
6587.67901675 1.17202950e+01
6587.73535490 -1.45588913e+01
6587.79169306 -2.39699249e+01
6587.84803121 2.41545868e+00
6587.90436937 2.10321922e+01
6587.96070752 -2.54549026e+00
6588.01704568 7.62951279e+00
6588.07338383 -2.36780930e+00
6588.12972199 1.56954689e+01
6588.18606014 8.33564758e+00
6588.24239829 5.34181595e+00
6588.29873645 1.53379059e+00
6588.35507460 3.98187294e+01
6588.41141276 -5.05776215e+00
6588.46775091 -2.60169678e+01
6588.52408907 -2.90811920e+00
6588.58042722 -1.29327583e+01
6588.63676537 1.67571182e+01
6588.69310353 1.22047577e+01
6588.74944168 5.09696198e+00
6588.80577984 -8.13284683e+00
6588.86211799 4.69321823e+00
6588.91845615 2.10874329e+01
6588.97479430 -9.44296265e+00
6589.03113246 -2.36059837e+01
6589.08747061 -2.06288872e+01
6589.14380876 7.47110748e+00
6589.20014692 -1.02229538e+01
6589.25648507 -7.21395111e+00
6589.31282323 -1.52227612e+01
6589.36916138 -1.77139568e+01
6589.42549954 1.25348549e+01
6589.48183769 4.90449524e+00
6589.53817585 6.05430222e+00
6589.59451400 -1.81448479e+01
6589.65085215 1.23254662e+01
6589.70719031 4.64913101e+01
6589.76352846 2.12120705e+01
6589.81986662 -2.74613953e+00
6589.87620477 2.27787628e+01
6589.93254293 4.01108551e+00
6589.98888108 -1.27767601e+01
