M106C	1.2711825152176623	0.04869950348830363	24.617889282577355	0.9431210472449478	1.1796621095564614	0.05460475385593052	22.845481721349348	1.0574823892440484	0.11986600036330693	0.0214888157271237	2.3177968665763156	0.41551991063188815	9.1	2.4	22.62958882557361	1.026868675644284	20.68752891879057	1.1687178281060002
M106C	1.3595998693439917	0.04437327949429835	26.330144172370535	0.859337274759743	1.2973960506773394	0.04954977685822193	25.125501104185222	0.9595859125002123	0.11928968765412523	0.020048517019041222	2.306652957649174	0.38766947912996746	9.1	2.4	24.482357816819572	0.9249165373432684	23.18189288797145	1.0407542719149405
M106C	1.3116330609943274	0.047179507285567704	25.40124583424513	0.9136840924021564	1.2830494885938009	0.0565862091397051	24.847690906939985	1.0958553405760254	0.11684903427881259	0.020706110775338786	2.259459101772172	0.40038508441592824	9.1	2.4	23.485061943694646	0.9889835029064058	22.885204564832865	1.1904852483381225
M106C	1.2952087590334271	0.04021703674291555	25.083501465564403	0.7788583060806374	1.3380263621730413	0.049972070589919065	25.912716723194897	0.9677777253693648	0.12237895671392532	0.018384522018694192	2.366388813731077	0.3554935294351978	9.1	2.4	23.130331812475585	0.845409262771131	24.027049172938256	1.0443169936050825
N5204B	0.792740878438747	0.003407681401007192	15.365704974107459	0.06605112525135856	0.7719965148134561	0.004427843419269444	14.96361692661142	0.08582493763326815	0.11817728135566476	0.021235355831405865	2.2851428394745734	0.4106188665466849	9.1	2.4	11.929501731191827	0.11586521984522247	11.406925691419662	0.13943452393225686
N5204B	0.7984100200906266	0.0032296716231970113	15.475603081486284	0.06260081269829652	0.781816539465928	0.004307243870793122	15.153971336161261	0.08348742557997499	0.12178744530431836	0.018715971187154155	2.3549510141250525	0.36190261826570325	9.1	2.4	12.057300546008596	0.10701474376365634	11.641608693744542	0.1310342835831755
N5204B	0.7921151299389676	0.004007836161998895	15.353587388092343	0.07768398863325322	0.7726527229320934	0.005256361743539189	14.976347055411386	0.10188419115549897	0.12035963097527255	0.0201549888927195	2.3273419876464465	0.38972827957748424	9.1	2.4	11.90571816214067	0.1258583638726946	11.415097476441767	0.15550341577059795
N5204X	0.8312499448502262	0.005110169354482152	16.111237288979115	0.09904500032389842	0.8168211061001941	0.006345159635455411	15.831578042532911	0.12298150624516305	0.11949202854262617	0.022005457814628468	2.3105655356606722	0.4255099946251017	9.1	2.4	12.87102380881988	0.14562163900830855	12.519191276685062	0.17422415755708406
N5204X	0.8288414429939901	0.004943465914905981	16.064624582868195	0.09581437406689311	0.8057087067540099	0.005948742542897646	15.616265550968178	0.11529867117669573	0.12122385430408616	0.01895258517778216	2.3440530993668265	0.36647792038977073	9.1	2.4	12.806544344820031	0.13764165049010688	12.239410313642738	0.162995103671613
N5204X	0.8203363163102556	0.005181464406846631	15.899846463193896	0.10042769884176042	0.7980433544282464	0.006478369468955097	15.46776144705543	0.12556444829175545	0.12062500432361323	0.02038085098550166	2.3324733969984948	0.39409567691569647	9.1	2.4	12.601376329807541	0.1462115430560016	12.051606201469935	0.17829533162566685
N7331A	0.852479856784852	0.010250566688184456	16.49264130164822	0.19831426887253395	0.8100235259591384	0.012507032835035969	15.671250883264682	0.24196932938582955	0.12004263206804837	0.019412711122757678	2.3212123172507932	0.3753751762443273	9.1	2.4	13.343507428074371	0.2536662862222906	12.313816533653052	0.31596881186531606
N7331A	0.8488540720803801	0.010805089379910565	16.422518668165008	0.2090427411367473	0.7867662863409883	0.012613088480167926	15.221325088250781	0.24402153912362545	0.11704272821856646	0.02138254478922175	2.2632044774856825	0.4134649955923381	9.1	2.4	13.266763919634545	0.2682082779960376	11.747197237439295	0.326068499727415
N7331A	0.8369822437102608	0.011343701337387808	16.19288080139608	0.21946368036278832	0.7862010367311457	0.01363174531180828	15.210428516393026	0.2637298577995141	0.11953722216203291	0.020134070510507168	2.3114394250799633	0.3893237898923472	9.1	2.4	12.972919348874704	0.28258230268234386	11.72366766146534	0.35067042671824267
N7331A	0.8451393699306508	0.013101515508046486	16.350700706121774	0.2534717544708148	0.8099006927908856	0.016199967789029258	15.668948028390492	0.31341676282951325	0.1196849707297452	0.017359967811281633	2.3142963750594965	0.3356821690462568	9.1	2.4	13.168881724336261	0.32019601601548153	12.312187644963377	0.40382575946499427
N7331A	0.8586323325087307	0.014345323124841828	16.61176470272735	0.2775357080232507	0.8093746891428372	0.01700594196642091	15.658785257235143	0.32901003320378513	0.11377549221811778	0.02074704976672997	2.2000273518516194	0.40117670393839233	9.1	2.4	13.510758905031317	0.3474327015332718	12.32020435639399	0.42425856625976416
