N3319A	0.9814592660794021	0.007941058728906379	18.995191484959893	0.1536914840607205	0.9114610703869804	0.009550654273822085	17.640444956838927	0.1848436499296959	0.11764560285746997	0.01954132856473318	2.2748620029287077	0.37786219594210924	9.1	2.4	16.342346906669313	0.18622274728404414	14.745857084038727	0.2286826820653222
N3319A	0.9942704871910526	0.00893770619485833	19.243130823907286	0.17298054381479092	0.9148291401720564	0.010748649228304607	17.705622117769177	0.2080295796841581	0.12331255284554495	0.01888580131357463	2.38444135725432	0.3651865497698375	9.1	2.4	16.61452747807851	0.20708963542747616	14.806535516151383	0.25561837335033466
N4395C	1.0365364387410028	0.005306909103656117	20.086979437230408	0.10284228325814519	0.9758203362117823	0.006630119125920069	18.910367936176886	0.12848470920226981	0.1200041238209863	0.02008069552962901	2.320467699977277	0.3882917010343057	9.1	2.4	17.593526439150263	0.12810029738222606	16.23722405877769	0.15959492417483692
N4395C	1.0396336342682124	0.005286407143539683	20.146999561917347	0.1024449757052913	0.9829802967322959	0.006339094945959642	19.04912005816563	0.12284496554724157	0.12250337289999748	0.018267540249371276	2.36879459556542	0.3532315036934412	9.1	2.4	17.65560544166973	0.12614217997695193	16.391698726929686	0.15161231004783593
N4395C	1.0440183215140573	0.004799071935805591	20.23197526205621	0.09300095858972872	0.9981592738147658	0.0058259723896197674	19.343276486879194	0.11290121496006117	0.12269546888466167	0.018826012241690344	2.3725090723143487	0.364030434415618	9.1	2.4	17.75201463795703	0.11662567647058043	16.73211122212734	0.14035625026839932
N5204C	0.851089002817668	0.012266261515852047	16.497838828180747	0.23777396352540692	0.7958589339608381	0.014075809868993086	15.42723237230742	0.2728508538525243	0.12146159662442617	0.018028022505137704	2.3486502195132104	0.34860005294517765	9.1	2.4	13.345131252520854	0.30028086254163244	11.996388657239754	0.3574591692012721
N5204C	0.8632189744754278	0.011887144008921028	16.73301509502198	0.23042561159971087	0.8092823911270909	0.014442333734884044	15.687478676920367	0.279956421880655	0.12170452486393406	0.019034155796308454	2.35334761752956	0.3680552160653742	9.1	2.4	13.633985079986754	0.2898497173655899	12.328371434617761	0.3630981379543732
N5204C	0.8529198001958821	0.01295113909439438	16.533350006321836	0.2510502342412546	0.7981252899841748	0.014721958483668224	15.471185769898254	0.2853764408368476	0.12064492127998133	0.019082885408168965	2.3328585225463714	0.36899747943728484	9.1	2.4	13.391767379450892	0.3165396081873295	12.055926353477988	0.3731149708425806
N7331C	1.478383429873041	0.020425698043648275	28.609344744638246	0.3952735299737498	1.55590667992041	0.02680207425751462	30.109565851159168	0.5186678804191363	0.1186730005306195	0.019446551385291944	2.2947283461814747	0.3760295307254004	9.1	2.4	26.919487895106613	0.42130778214312486	28.5087736944703	0.5486270789528302
N7331C	1.457869422534326	0.02160150295747125	28.212304778081975	0.4180265911890808	1.5105580347720635	0.030952585157401555	29.23193062956671	0.5989864681123949	0.123877486771201	0.018405372360397847	2.395365239579079	0.35589670345052576	9.1	2.4	26.488230712155982	0.44639694936058266	27.571688263521633	0.6358069814153149
N7331C	1.5065005183604265	0.02367287986224667	29.1535379530161	0.45811348427036036	1.5795736889677363	0.031455460518143	30.56764498411646	0.6087207938737239	0.1156777815786953	0.022259115502249478	2.2368110962487315	0.4304148633265599	9.1	2.4	27.501917229488726	0.4868854967690291	28.996682499808124	0.6425580431791662
N7331C	1.4298079163271602	0.02932959301496834	27.66911779787889	0.5675755147443993	1.4735094037831433	0.039731117797827044	28.514820726664606	0.7688622131398114	0.11703730556685696	0.019569957716267173	2.2630996220212247	0.3784157854296796	9.1	2.4	25.920811326301223	0.606757511625562	26.821696090564984	0.8180201542100601
