N3319B	0.9951753533920761	0.00562942990392081	19.26153080331499	0.1089571170848257	0.9434297988525104	0.006535790455326106	18.26000084130442	0.12649964984994233	0.11454733154524228	0.0167709657448135	2.214952074195631	0.32429289152027774	9.1	2.4	16.659248368280867	0.1331512014961771	15.490371784868648	0.15616081131626336
N3319B	0.9996766902499876	0.005781706961316125	19.348638322434365	0.11190433664391235	0.9435525021626723	0.006883805849596828	18.262360703319892	0.13323534742244478	0.11678122082238995	0.01716838225748043	2.25814782237408	0.33197756227756664	9.1	2.4	16.75412108541307	0.13676040917111448	15.48691663535611	0.1644004934986009
N3319B	1.0033136730112533	0.00620602488820713	19.4190530034319	0.12011709746066632	0.9570236776845722	0.007195843628690266	18.523115034002828	0.13927496509115347	0.11885340245927796	0.0166280532244888	2.2982167000407974	0.3215294540918231	9.1	2.4	16.829967901031516	0.14538408000176045	15.78777978572526	0.1699763804652826
N4395B	1.1246463252749141	0.006840229185442881	21.794718664623517	0.13255800276752108	1.0935870394065852	0.0090252652098213	21.192815270216002	0.1749021993349881	0.11850644956723383	0.016876231167685402	2.2915078224308654	0.3263283633517547	9.1	2.4	19.524055766408445	0.1528509811754705	18.849785435840875	0.20060423413225012
N4395B	1.0798680789790505	0.006618436595925853	20.9270355483297	0.12826035014226358	1.0570760826431518	0.008314840507193997	20.48534367011235	0.16113538859580953	0.11323707825802032	0.01874122757935601	2.1896162745999184	0.36239099016873705	9.1	2.4	18.562769120232634	0.15078258861936278	18.06335754649781	0.1879466584111838
N4395B	1.0691514778056592	0.0066736858313835015	20.719391578513225	0.129331262110966	1.042338636011638	0.008182932688134163	20.199778297195145	0.15857939100641344	0.11546976063268685	0.018988609891696654	2.232788685428489	0.3671745146598493	9.1	2.4	18.323150440630762	0.15293601303010945	17.733462660801994	0.1864562343674888
N5204E	0.7884082244932307	0.004760412347913955	15.281765329755926	0.09227136667740089	0.7666632276685801	0.0065258807226398815	14.860280669238339	0.12649154889990677	0.11487497781486622	0.01965251362516938	2.2212876280205522	0.38001213323798994	9.1	2.4	11.83335256245385	0.13888030123446476	11.283785838190191	0.18261024434259418
N5204E	0.7873156202160215	0.004305280534553285	15.26059601677835	0.08344956620915299	0.7653940114579052	0.0056676409929007346	14.83568770861811	0.10985629696145323	0.11371090929014545	0.02072939399867976	2.198778539781183	0.400835302008406	9.1	2.4	11.810214380793814	0.1311344325404119	11.255798626514256	0.16461170403118455
N5204C	0.9943133248809765	0.02290575867394791	19.272120681143466	0.44396724293151296	0.96501872877364	0.02766866851861937	18.70432125132209	0.5362835446999825	0.11361354264644921	0.01999300496677913	2.196895803217152	0.38659606664936147	9.1	2.4	16.673880303587545	0.5156711757672667	16.01422125182695	0.6286107204056322
N5204C	1.006448173045581	0.021082510223462025	19.507301211548267	0.40862797334125006	1.0216035939720718	0.027638891265783987	19.801048687545016	0.5357058597412421	0.1133293581324056	0.020316993177764135	2.19140065051177	0.39286088618077697	9.1	2.4	16.945871584164948	0.47312909272859127	17.28320839183121	0.6157662685919637
N7331B	1.197203358386395	0.02931923501784541	23.155919271149234	0.5670831395596219	1.0494926368727988	0.08078798444064018	20.29888755372278	1.5625704785685137	0.1212112082920504	0.017317470840827465	2.343808568916304	0.3348604235583027	9.1	2.4	21.026962659505887	0.6256141497885573	17.832032898998254	1.7792784129242183
N7331B	1.1704795968443769	0.030308023262977747	22.63890259903925	0.5862044827349484	1.0316366204459757	0.050174810478040274	19.95342379127332	0.9704572688417733	0.1117894631007673	0.020900383907038807	2.161624368093321	0.40414165971292226	9.1	2.4	20.476261645623968	0.6495203567795863	17.461285779845003	1.1100924426672385
N7331B	1.0313186430753176	0.02624210299087832	19.94721434088097	0.5075607394758354	0.9092912753479317	0.03159586870225128	17.58700855082736	0.6111098039785846	0.12190755484456595	0.017469606787764623	2.3572735202167547	0.3378022103872265	9.1	2.4	17.42884452601297	0.5826943380458117	14.668883097146818	0.7346879555490567
N7331B	1.1171001085945216	0.03132397086462199	21.60640237847061	0.6058528804943236	1.0389180331198535	0.04836642620367524	20.09422621874213	0.9354789103142142	0.11082816179142192	0.020547049457290675	2.143036101563336	0.39730938468916677	9.1	2.4	19.330649756481975	0.6786095114028806	17.62428221509687	1.0676745887056327
