# Rest-frame spectrum generated from: M106C0003o_1d.fits
# lambda_Ha_obs = 6573.91400000 Angstrom
# lambda_Ha_rest = 6562.80000000 Angstrom
# z_Ha = 1.6934844883e-03
# v_Ha_relativistic = 507.263992 km/s
# v_Ha_classical = 507.693877 km/s
# columns: wavelength_rest[Angstrom] flux_or_counts

6533.16275272 -9.40785599e+00
6533.21872841 -9.42152405e+00
6533.27470409 -9.42171478e+00
6533.33067978 -9.40014267e+00
6533.38665546 -9.40754128e+00
6533.44263115 -9.40771103e+00
6533.49860684 -9.40746307e+00
6533.55458252 -9.40739441e+00
6533.61055821 -9.40770531e+00
6533.66653390 -9.40729141e+00
6533.72250958 -9.40689468e+00
6533.77848527 -9.40717125e+00
6533.83446096 -9.40714455e+00
6533.89043664 -9.40634155e+00
6533.94641233 -9.40662003e+00
6534.00238802 -9.40718460e+00
6534.05836370 -9.40662003e+00
6534.11433939 -9.40661240e+00
6534.17031508 -1.31197586e+01
6534.22629076 -1.13152065e+01
6534.28226645 -1.31266174e+01
6534.33824214 -4.35850334e+00
6534.39421782 -7.89336014e+00
6534.45019351 -1.00554686e+01
6534.50616920 1.30286522e+01
6534.56214488 2.32650108e+01
6534.61812057 9.99102402e+00
6534.67409626 1.60132179e+01
6534.73007194 -1.35905571e+01
6534.78604763 2.00711594e+01
6534.84202331 -4.81281281e+00
6534.89799900 4.66594696e+01
6534.95397469 -4.33259964e+00
6535.00995037 2.40684509e-01
6535.06592606 7.86190414e+00
6535.12190175 7.28533363e+00
6535.17787743 1.54820251e+00
6535.23385312 2.01169052e+01
6535.28982881 -7.74419594e+00
6535.34580449 -1.68640041e+01
6535.40178018 2.05571194e+01
6535.45775587 1.71592731e+01
6535.51373155 1.36153793e+00
6535.56970724 -1.20419884e+01
6535.62568293 4.71205902e+00
6535.68165861 1.38196182e+00
6535.73763430 4.52791214e+00
6535.79360999 9.26709366e+00
6535.84958567 -2.17383347e+01
6535.90556136 -1.96318169e+01
6535.96153705 9.11802292e-01
6536.01751273 6.26072311e+00
6536.07348842 -2.96285553e+01
6536.12946411 2.23627510e+01
6536.18543979 1.80187836e+01
6536.24141548 -3.70344963e+01
6536.29739116 -1.02767839e+01
6536.35336685 -1.53769379e+01
6536.40934254 2.81978836e+01
6536.46531822 3.35324020e+01
6536.52129391 7.78332520e+00
6536.57726960 1.47944832e+01
6536.63324528 3.38224449e+01
6536.68922097 4.46301804e+01
6536.74519666 -4.42574692e+00
6536.80117234 1.27532063e+01
6536.85714803 1.05859718e+01
6536.91312372 -7.08852005e+00
6536.96909940 3.15591812e-01
6537.02507509 -7.13900375e+00
6537.08105078 4.67336655e+00
6537.13702646 1.99191017e+01
6537.19300215 1.92612286e+01
6537.24897784 3.43293533e+01
6537.30495352 1.78421745e+01
6537.36092921 1.29449844e+00
6537.41690490 -1.10853748e+01
6537.47288058 2.25533638e+01
6537.52885627 -2.52176170e+01
6537.58483196 -9.71929550e-01
6537.64080764 1.07350349e+01
6537.69678333 -9.91562843e+00
6537.75275901 -7.40633392e+00
6537.80873470 1.19053154e+01
6537.86471039 1.49348335e+01
6537.92068607 1.99571266e+01
6537.97666176 3.05239487e+00
6538.03263745 -7.99426270e+00
6538.08861313 1.16133556e+01
6538.14458882 1.21298981e+01
6538.20056451 3.63619232e+00
6538.25654019 2.38876190e+01
6538.31251588 6.02848434e+01
6538.36849157 1.86058979e+01
6538.42446725 3.66991615e+01
6538.48044294 6.93656921e+01
6538.53641863 9.25899506e+01
6538.59239431 1.78978775e+02
6538.64837000 1.86506378e+02
6538.70434569 9.86772385e+01
6538.76032137 5.15069199e+01
6538.81629706 1.05028191e+01
6538.87227275 4.92227859e+01
6538.92824843 4.62830772e+01
6538.98422412 9.64588165e-01
6539.04019981 1.60375977e+00
6539.09617549 1.86304989e+01
6539.15215118 5.32689857e+00
6539.20812686 1.17938042e+01
6539.26410255 -2.11627960e-01
6539.32007824 2.09835625e+01
6539.37605392 4.24580994e+01
6539.43202961 1.62589149e+01
6539.48800530 1.51469307e+01
6539.54398098 1.07122993e+01
6539.59995667 2.45163841e+01
6539.65593236 -1.84063759e+01
6539.71190804 3.21945267e+01
6539.76788373 4.14213562e+00
6539.82385942 8.54379654e+00
6539.87983510 3.38585968e+01
6539.93581079 2.82505569e+01
6539.99178648 -1.17699623e+01
6540.04776216 -1.79754639e+01
6540.10373785 -3.02647934e+01
6540.15971354 -6.27017593e+00
6540.21568922 -4.50391388e+00
6540.27166491 1.82688141e+01
6540.32764060 -1.64310780e+01
6540.38361628 -5.71302795e+00
6540.43959197 -3.51455307e+00
6540.49556766 3.66103668e+01
6540.55154334 -2.06378937e+00
6540.60751903 4.60244637e+01
6540.66349471 2.15126305e+01
6540.71947040 3.56103134e+00
6540.77544609 9.23600006e+00
6540.83142177 2.53945389e+01
6540.88739746 4.09967422e+00
6540.94337315 -2.12849712e+01
6540.99934883 6.99607468e+00
6541.05532452 -7.83195496e-02
6541.11130021 -1.35918541e+01
6541.16727589 1.59915962e+01
6541.22325158 -1.24143791e+01
6541.27922727 -6.33836365e+00
6541.33520295 2.60653458e+01
6541.39117864 -9.95239258e-01
6541.44715433 8.04348755e+00
6541.50313001 3.32620316e+01
6541.55910570 4.99771118e+00
6541.61508139 1.54384441e+01
6541.67105707 -1.27419090e+01
6541.72703276 -1.36191940e+01
6541.78300845 2.88532982e+01
6541.83898413 9.07417679e+00
6541.89495982 7.96470642e-01
6541.95093551 8.11093521e+00
6542.00691119 -1.83829479e+01
6542.06288688 6.49185181e+00
6542.11886256 2.21269073e+01
6542.17483825 -1.61353302e+00
6542.23081394 -6.01762390e+00
6542.28678962 1.15480499e+01
6542.34276531 3.78628082e+01
6542.39874100 3.84133911e+00
6542.45471668 6.27914429e+00
6542.51069237 3.07230530e+01
6542.56666806 2.49926147e+01
6542.62264374 -2.81917267e+01
6542.67861943 1.02609024e+01
6542.73459512 3.09290581e+01
6542.79057080 1.18380737e+01
6542.84654649 4.05983772e+01
6542.90252218 -1.93837757e+01
6542.95849786 -1.31041069e+01
6543.01447355 -1.45773039e+01
6543.07044924 1.01513100e+01
6543.12642492 1.45613003e+01
6543.18240061 3.12804794e+01
6543.23837630 1.56137466e+00
6543.29435198 2.36188660e+01
6543.35032767 1.80135460e+01
6543.40630336 5.44154739e+00
6543.46227904 3.02364273e+01
6543.51825473 6.25141907e+00
6543.57423041 2.74931526e+01
6543.63020610 1.88276291e+00
6543.68618179 2.09840870e+01
6543.74215747 1.48250675e+01
6543.79813316 -6.33707047e+00
6543.85410885 6.55522308e+01
6543.91008453 2.16329956e+01
6543.96606022 -6.24211121e+00
6544.02203591 -1.23419323e+01
6544.07801159 2.66524811e+01
6544.13398728 4.40742226e+01
6544.18996297 1.89342728e+01
6544.24593865 -1.74096298e+00
6544.30191434 4.10709000e+00
6544.35789003 2.26586227e+01
6544.41386571 2.03600121e+01
6544.46984140 -1.56003952e+00
6544.52581709 -9.68063927e+00
6544.58179277 4.82883072e+00
6544.63776846 2.97531128e+00
6544.69374415 2.35968513e+01
6544.74971983 1.21434174e+01
6544.80569552 1.68588600e+01
6544.86167121 1.24286194e+01
6544.91764689 6.06800461e+00
6544.97362258 1.21567459e+01
6545.02959826 4.78536224e+00
6545.08557395 1.17534256e+01
6545.14154964 2.24062843e+01
6545.19752532 8.62373352e+00
6545.25350101 2.06689453e+00
6545.30947670 6.44242859e+00
6545.36545238 4.48894997e+01
6545.42142807 -4.59265518e+00
6545.47740376 1.95979004e+01
6545.53337944 1.80838299e+01
6545.58935513 1.00618076e+01
6545.64533082 2.82992744e+01
6545.70130650 3.87378311e+00
6545.75728219 -2.94598846e+01
6545.81325788 1.24587250e+00
6545.86923356 -2.92369537e+01
6545.92520925 2.45617180e+01
6545.98118494 6.93258667e+00
6546.03716062 4.05807495e+00
6546.09313631 1.67665482e+00
6546.14911200 9.60019302e+00
6546.20508768 2.44606361e+01
6546.26106337 1.38686790e+01
6546.31703906 -4.22393417e+01
6546.37301474 -1.11586075e+01
6546.42899043 -3.53188515e+00
6546.48496611 2.80340939e+01
6546.54094180 7.51607895e+00
6546.59691749 2.65606537e+01
6546.65289317 -1.10190945e+01
6546.70886886 2.43967857e+01
6546.76484455 2.78930244e+01
6546.82082023 7.89256096e+00
6546.87679592 8.53099060e+00
6546.93277161 -2.34250259e+00
6546.98874729 3.03246307e+00
6547.04472298 1.17458382e+01
6547.10069867 1.43154907e+01
6547.15667435 4.06185036e+01
6547.21265004 -1.83999672e+01
6547.26862573 1.93515205e+01
6547.32460141 3.14188080e+01
6547.38057710 1.63753815e+01
6547.43655279 5.42179718e+01
6547.49252847 1.77968979e+01
6547.54850416 2.04467125e+01
6547.60447985 1.51131210e+01
6547.66045553 3.45552826e+00
6547.71643122 -1.32068157e+01
6547.77240691 -6.52941895e+00
6547.82838259 3.77237587e+01
6547.88435828 3.67524567e+01
6547.94033396 4.16186714e+01
6547.99630965 2.02296944e+01
6548.05228534 1.27970619e+01
6548.10826102 2.26664696e+01
6548.16423671 1.12001915e+01
6548.22021240 3.58385201e+01
6548.27618808 3.83627701e+01
6548.33216377 4.43728828e+00
6548.38813946 2.92159195e+01
6548.44411514 2.33895111e+00
6548.50009083 -7.71208572e+00
6548.55606652 -9.37358856e-01
6548.61204220 8.35936737e+00
6548.66801789 3.39749985e+01
6548.72399358 -6.68128967e+00
6548.77996926 -1.65548325e+00
6548.83594495 1.83601856e+01
6548.89192064 9.73431778e+00
6548.94789632 1.06439476e+01
6549.00387201 1.94989777e+00
6549.05984770 1.56228237e+01
6549.11582338 2.79017258e+00
6549.17179907 2.91404800e+01
6549.22777476 1.11653214e+01
6549.28375044 1.94918842e+01
6549.33972613 3.17568703e+01
6549.39570181 6.08251953e+00
6549.45167750 1.47328186e+00
6549.50765319 -4.36252594e+00
6549.56362887 1.04141235e+01
6549.61960456 2.88300095e+01
6549.67558025 -1.26037521e+01
6549.73155593 1.96818161e+00
6549.78753162 6.31383514e+00
6549.84350731 4.20461197e+01
6549.89948299 4.14726753e+01
6549.95545868 -3.18258667e+00
6550.01143437 -2.68710880e+01
6550.06741005 1.51514091e+01
6550.12338574 6.02833939e+00
6550.17936143 1.59656754e+01
6550.23533711 1.80188026e+01
6550.29131280 7.58806610e+00
6550.34728849 1.43819866e+01
6550.40326417 2.55816994e+01
6550.45923986 -1.21481438e+01
6550.51521555 -2.52784309e+01
6550.57119123 3.34305534e+01
6550.62716692 -2.97300701e+01
6550.68314261 -3.81439095e+01
6550.73911829 2.13077297e+01
6550.79509398 4.27190475e+01
6550.85106966 -5.34002304e+00
6550.90704535 1.87505302e+01
6550.96302104 -1.08489990e+01
6551.01899672 -3.73449364e+01
6551.07497241 2.11618919e+01
6551.13094810 1.65508957e+01
6551.18692378 -1.84892273e+00
6551.24289947 2.19436188e+01
6551.29887516 7.32077789e+00
6551.35485084 -2.44974823e+01
6551.41082653 1.06772461e+01
6551.46680222 2.77586975e+01
6551.52277790 2.52234650e+01
6551.57875359 3.56720276e+01
6551.63472928 -7.88401794e+00
6551.69070496 -1.46271210e+01
6551.74668065 4.70713272e+01
6551.80265634 -8.26231384e+00
6551.85863202 1.13245888e+01
6551.91460771 3.82955208e+01
6551.97058340 -2.55581512e+01
6552.02655908 -2.85256767e+01
6552.08253477 8.37210846e+00
6552.13851046 -2.40864563e+00
6552.19448614 4.12727127e+01
6552.25046183 2.49207726e+01
6552.30643751 3.74768982e+01
6552.36241320 3.12095566e+01
6552.41838889 9.63097382e+00
6552.47436457 2.33071041e+01
6552.53034026 -3.19530487e-01
6552.58631595 -3.26246986e+01
6552.64229163 2.57044067e+01
6552.69826732 9.98656082e+00
6552.75424301 1.41823959e+00
6552.81021869 -7.39933014e+00
6552.86619438 -3.08817291e+00
6552.92217007 1.42248039e+01
6552.97814575 -2.91522217e+00
6553.03412144 -1.75118141e+01
6553.09009713 -1.97946548e+00
6553.14607281 3.99609947e+01
6553.20204850 1.90955353e+01
6553.25802419 2.17203522e+00
6553.31399987 -5.05461884e+00
6553.36997556 2.24077568e+01
6553.42595125 4.15523529e+00
6553.48192693 -1.33403740e+01
6553.53790262 -1.26861801e+01
6553.59387831 -1.03363304e+01
6553.64985399 -4.28558731e+00
6553.70582968 2.68025684e+01
6553.76180536 -1.37869358e+01
6553.81778105 1.16030407e+01
6553.87375674 1.31912575e+01
6553.92973242 -1.78982468e+01
6553.98570811 -1.76816444e+01
6554.04168380 -8.83314896e+00
6554.09765948 -4.63005066e-01
6554.15363517 2.61928749e+01
6554.20961086 -2.24915447e+01
6554.26558654 1.25984726e+01
6554.32156223 2.75993347e-01
6554.37753792 2.54932404e+00
6554.43351360 4.20870132e+01
6554.48948929 1.37573242e+00
6554.54546498 2.29188461e+01
6554.60144066 -1.34621925e+01
6554.65741635 -6.84080505e+00
6554.71339204 6.99589539e+00
6554.76936772 3.66041412e+01
6554.82534341 3.44782867e+01
6554.88131910 -8.48407745e-01
6554.93729478 2.66808395e+01
6554.99327047 -7.38003159e+00
6555.04924616 -1.85778713e+01
6555.10522184 3.56199265e+01
6555.16119753 4.41405106e+00
6555.21717321 -1.59571838e+00
6555.27314890 -1.65234985e+01
6555.32912459 7.92741394e+00
6555.38510027 3.80462685e+01
6555.44107596 4.25185013e+00
6555.49705165 6.81014633e+00
6555.55302733 1.02534103e+00
6555.60900302 7.22880096e+01
6555.66497871 3.07750969e+01
6555.72095439 3.96108017e+01
6555.77693008 2.26332588e+01
6555.83290577 3.35506248e+01
6555.88888145 1.82546616e+00
6555.94485714 -2.31129227e+01
6556.00083283 4.60237579e+01
6556.05680851 1.88933830e+01
6556.11278420 1.10754356e+01
6556.16875989 8.43037033e+00
6556.22473557 -5.16136169e+00
6556.28071126 3.63216057e+01
6556.33668695 2.67859154e+01
6556.39266263 -9.50741196e+00
6556.44863832 -1.89445496e-01
6556.50461401 -1.14446259e+01
6556.56058969 -6.03172302e-01
6556.61656538 -2.45846272e+01
6556.67254106 9.32501602e+00
6556.72851675 1.06406555e+01
6556.78449244 -9.30113411e+00
6556.84046812 -1.05319023e+01
6556.89644381 1.36909027e+01
6556.95241950 1.30535583e+01
6557.00839518 -1.89023895e+01
6557.06437087 -3.73929482e+01
6557.12034656 -4.76210060e+01
6557.17632224 2.03751450e+01
6557.23229793 -7.25279236e+00
6557.28827362 -3.48056183e+01
6557.34424930 -7.02760315e+00
6557.40022499 4.02637482e+00
6557.45620068 2.61122360e+01
6557.51217636 -3.86820221e+00
6557.56815205 1.15853119e+00
6557.62412774 -4.19300079e+00
6557.68010342 3.06663589e+01
6557.73607911 -3.18201065e+00
6557.79205480 -2.80255127e+00
6557.84803048 1.62067795e+00
6557.90400617 2.77618675e+01
6557.95998186 -2.53875027e+01
6558.01595754 -2.29055576e+01
6558.07193323 -2.37516861e+01
6558.12790891 1.69471664e+01
6558.18388460 -3.46229248e+01
6558.23986029 5.53647995e+00
6558.29583597 -2.37223473e+01
6558.35181166 -8.40236664e-01
6558.40778735 5.29600906e+00
6558.46376303 -3.20970459e+01
6558.51973872 1.04532852e+01
6558.57571441 -6.71455383e-01
6558.63169009 2.24213867e+01
6558.68766578 -2.63363647e+00
6558.74364147 2.72143555e+00
6558.79961715 -1.40144863e+01
6558.85559284 -4.12233353e+00
6558.91156853 -2.99745903e+01
6558.96754421 2.84943771e+00
6559.02351990 -1.07088776e+01
6559.07949559 1.11874638e+01
6559.13547127 3.10654793e+01
6559.19144696 2.40272102e+01
6559.24742265 -4.18394241e+01
6559.30339833 8.01689148e+00
6559.35937402 2.88210678e+00
6559.41534971 -4.74046783e+01
6559.47132539 3.95128632e+00
6559.52730108 1.55253258e+01
6559.58327676 3.06770325e-01
6559.63925245 3.80980530e+01
6559.69522814 1.75992508e+01
6559.75120382 1.96542587e+01
6559.80717951 2.57878532e+01
6559.86315520 -1.57472496e+01
6559.91913088 2.47630501e+01
6559.97510657 -7.01848984e+00
6560.03108226 9.56508636e-01
6560.08705794 -1.90405922e+01
6560.14303363 -1.48105145e+01
6560.19900932 5.57517090e+01
6560.25498500 4.30072403e+00
6560.31096069 2.34595528e+01
6560.36693638 -2.59436436e+01
6560.42291206 1.09461136e+01
6560.47888775 -2.23420677e+01
6560.53486344 -6.58726120e+00
6560.59083912 4.52662010e+01
6560.64681481 8.65213776e+00
6560.70279050 -3.47772217e+00
6560.75876618 -4.20560455e+00
6560.81474187 3.75073395e+01
6560.87071756 3.21286354e+01
6560.92669324 2.69331055e+01
6560.98266893 1.14895630e+01
6561.03864461 -1.35101814e+01
6561.09462030 -9.76934052e+00
6561.15059599 4.03697777e+01
6561.20657167 3.63099136e+01
6561.26254736 1.74274445e+01
6561.31852305 3.75772743e+01
6561.37449873 3.31193123e+01
6561.43047442 2.30288811e+01
6561.48645011 -1.48815498e+01
6561.54242579 3.46099319e+01
6561.59840148 6.07616081e+01
6561.65437717 2.25138969e+01
6561.71035285 3.37828217e+01
6561.76632854 8.06117706e+01
6561.82230423 7.40876236e+01
6561.87827991 7.79750671e+01
6561.93425560 6.58907547e+01
6561.99023129 1.29290436e+02
6562.04620697 9.97654114e+01
6562.10218266 1.26350739e+02
6562.15815835 9.26614685e+01
6562.21413403 1.40837250e+02
6562.27010972 1.17895996e+02
6562.32608541 2.32204285e+02
6562.38206109 1.95943054e+02
6562.43803678 1.88074524e+02
6562.49401246 1.72056274e+02
6562.54998815 2.07801666e+02
6562.60596384 1.99813675e+02
6562.66193952 1.84387344e+02
6562.71791521 2.34444168e+02
6562.77389090 2.30828781e+02
6562.82986658 2.35331009e+02
6562.88584227 2.40153946e+02
6562.94181796 1.91872955e+02
6562.99779364 2.49716522e+02
6563.05376933 1.86853149e+02
6563.10974502 1.60815887e+02
6563.16572070 1.72867096e+02
6563.22169639 1.49139893e+02
6563.27767208 1.35994690e+02
6563.33364776 1.37531235e+02
6563.38962345 1.04606308e+02
6563.44559914 7.61807556e+01
6563.50157482 5.88089905e+01
6563.55755051 9.53895721e+01
6563.61352620 4.38882675e+01
6563.66950188 5.53475838e+01
6563.72547757 4.15015068e+01
6563.78145326 3.69261169e+00
6563.83742894 4.16761475e+01
6563.89340463 -1.58859024e+01
6563.94938031 1.14976387e+01
6564.00535600 1.67663193e+01
6564.06133169 -1.19962311e+00
6564.11730737 1.52751045e+01
6564.17328306 1.84215317e+01
6564.22925875 9.64408875e-01
6564.28523443 5.38353195e+01
6564.34121012 3.10051384e+01
6564.39718581 -1.71990204e+00
6564.45316149 3.13233185e+01
6564.50913718 1.25767708e+01
6564.56511287 3.09125519e+00
6564.62108855 -7.74546814e+00
6564.67706424 3.22863617e+01
6564.73303993 -2.66031628e+01
6564.78901561 2.11405525e+01
6564.84499130 -2.51087570e+00
6564.90096699 -1.07632561e+01
6564.95694267 1.24949684e+01
6565.01291836 1.25250816e+01
6565.06889405 1.13410339e+01
6565.12486973 -1.05597916e+01
6565.18084542 9.90556717e+00
6565.23682111 1.12586975e-01
6565.29279679 7.47998047e+00
6565.34877248 -8.92528534e+00
6565.40474816 7.41849518e+00
6565.46072385 2.30189133e+01
6565.51669954 3.45204544e+00
6565.57267522 2.20028381e+01
6565.62865091 2.38879433e+01
6565.68462660 -4.39266968e+00
6565.74060228 1.12890091e+01
6565.79657797 -1.92050018e+01
6565.85255366 -1.28042603e+01
6565.90852934 -1.12862701e+01
6565.96450503 2.83915863e+01
6566.02048072 1.84876404e+01
6566.07645640 -1.92351456e+01
6566.13243209 1.50665741e+01
6566.18840778 1.37777710e+00
6566.24438346 1.28727493e+01
6566.30035915 1.76664047e+01
6566.35633484 -8.17893219e+00
6566.41231052 1.35993958e-01
6566.46828621 1.11674271e+01
6566.52426190 6.09335327e+00
6566.58023758 -2.29615002e+01
6566.63621327 -1.12364883e+01
6566.69218896 1.79720879e+01
6566.74816464 -4.29930115e+00
6566.80414033 3.02062073e+01
6566.86011601 2.10850525e+01
6566.91609170 4.87385941e+01
6566.97206739 1.24140778e+01
6567.02804307 -7.90270042e+00
6567.08401876 -1.47184753e+00
6567.13999445 -1.83390427e+00
6567.19597013 1.52810593e+01
6567.25194582 -1.23478527e+01
6567.30792151 -6.59767532e+00
6567.36389719 -8.94275665e-01
6567.41987288 -3.74526215e+00
6567.47584857 1.10345612e+01
6567.53182425 4.06789589e+01
6567.58779994 1.34582100e+01
6567.64377563 1.96179085e+01
6567.69975131 1.01641617e+01
6567.75572700 -1.42740250e+01
6567.81170269 8.71955490e+00
6567.86767837 -9.56222534e-01
6567.92365406 -1.79143524e+00
6567.97962975 4.00796509e+00
6568.03560543 2.76139336e+01
6568.09158112 2.70021324e+01
6568.14755681 8.41666031e+00
6568.20353249 8.41442108e+00
6568.25950818 -8.21854401e+00
6568.31548386 -7.74404144e+00
6568.37145955 -5.91542435e+00
6568.42743524 8.63624191e+00
6568.48341092 2.80483208e+01
6568.53938661 5.08793221e+01
6568.59536230 2.12122383e+01
6568.65133798 1.40295334e+01
6568.70731367 -1.98385086e+01
6568.76328936 -4.60771561e+00
6568.81926504 -1.32938576e+01
6568.87524073 2.03282127e+01
6568.93121642 -1.43465309e+01
6568.98719210 1.42434692e+00
6569.04316779 -1.70154381e+01
6569.09914348 8.71584892e+00
6569.15511916 3.24925346e+01
6569.21109485 -6.11452103e+00
6569.26707054 1.81677818e+01
6569.32304622 -1.97818222e+01
6569.37902191 4.73654938e+00
6569.43499760 7.24277115e+00
6569.49097328 -1.55164604e+01
6569.54694897 -2.02980881e+01
6569.60292466 -5.20345688e+00
6569.65890034 -2.16959763e+00
6569.71487603 -2.51582546e+01
6569.77085171 1.67837410e+01
6569.82682740 -2.22731476e+01
6569.88280309 -1.53119621e+01
6569.93877877 1.32467194e+01
6569.99475446 2.74001541e+01
6570.05073015 4.30191803e+00
6570.10670583 3.02428818e+00
6570.16268152 6.10989990e+01
6570.21865721 2.80874901e+01
6570.27463289 -8.30261612e+00
6570.33060858 2.69548607e+01
6570.38658427 3.59371033e+01
6570.44255995 -8.26584244e+00
6570.49853564 -1.53438759e+01
6570.55451133 -8.67462921e+00
6570.61048701 -8.90282440e+00
6570.66646270 9.81171417e+00
6570.72243839 3.17685280e+01
6570.77841407 1.96169853e+01
6570.83438976 -1.39969025e+01
6570.89036545 -2.62649918e+00
6570.94634113 -7.39640427e+00
6571.00231682 -3.83257446e+01
6571.05829251 2.16447563e+01
6571.11426819 6.88631821e+00
6571.17024388 -2.67758064e+01
6571.22621956 1.27930794e+01
6571.28219525 9.97193909e+00
6571.33817094 7.21678925e+00
6571.39414662 -2.92566681e+00
6571.45012231 6.44434357e+00
6571.50609800 4.37847137e+00
6571.56207368 -2.77054214e+00
6571.61804937 1.33995361e+01
6571.67402506 2.17822723e+01
6571.73000074 2.38394661e+01
6571.78597643 -1.60019875e+01
6571.84195212 -9.86894989e+00
6571.89792780 1.91548424e+01
6571.95390349 -1.67756882e+01
6572.00987918 -6.80559921e+00
6572.06585486 -2.25692482e+01
6572.12183055 5.57744980e+00
6572.17780624 9.41443634e+00
6572.23378192 -1.90439110e+01
6572.28975761 1.84335747e+01
6572.34573330 -1.81258545e+01
6572.40170898 1.12312698e+00
6572.45768467 1.24502029e+01
6572.51366036 -3.83124504e+01
6572.56963604 -1.28945541e+01
6572.62561173 -3.05666046e+01
6572.68158741 -6.81730270e+00
6572.73756310 -2.13003845e+01
6572.79353879 2.03301697e+01
6572.84951447 -1.47573395e+01
6572.90549016 -2.90112152e+01
6572.96146585 1.59469299e+01
6573.01744153 2.35039062e+01
6573.07341722 1.21054573e+01
6573.12939291 2.89195824e+01
6573.18536859 7.73239517e+00
6573.24134428 2.97707748e+00
6573.29731997 -1.64319229e+00
6573.35329565 1.82250290e+01
6573.40927134 -9.47297668e+00
6573.46524703 -1.05747452e+01
6573.52122271 1.26875687e+00
6573.57719840 -1.95214233e+01
6573.63317409 2.67494507e+01
6573.68914977 3.31178932e+01
6573.74512546 -7.34059525e+00
6573.80110115 -1.30092888e+01
6573.85707683 -5.57995987e+00
6573.91305252 -2.21306190e+01
6573.96902821 2.36084366e+00
6574.02500389 2.32917137e+01
6574.08097958 -9.09957886e-01
6574.13695526 -5.23805237e+00
6574.19293095 4.56932831e+00
6574.24890664 2.06512680e+01
6574.30488232 4.72405510e+01
6574.36085801 -7.79138565e+00
6574.41683370 1.58398743e+01
6574.47280938 -5.09683228e+00
6574.52878507 4.81441498e+00
6574.58476076 3.95767212e+00
6574.64073644 2.88447876e+01
6574.69671213 1.52489700e+01
6574.75268782 4.20594406e+00
6574.80866350 2.54743843e+01
6574.86463919 4.63982010e+00
6574.92061488 2.05313225e+01
6574.97659056 -1.49872551e+01
6575.03256625 -3.23822327e+01
6575.08854194 -2.30349350e+01
6575.14451762 -1.84221001e+01
6575.20049331 1.58317566e+00
6575.25646900 -1.59109650e+01
6575.31244468 -1.48749199e+01
6575.36842037 9.18069839e+00
6575.42439606 -8.83469009e+00
6575.48037174 -2.67461586e+01
6575.53634743 4.05462952e+01
6575.59232311 -2.30642395e+01
6575.64829880 -7.51308441e-01
6575.70427449 -5.10617065e+00
6575.76025017 -3.91183090e+00
6575.81622586 7.49126434e+01
6575.87220155 3.60767403e+01
6575.92817723 -1.52892303e+01
6575.98415292 -2.61648941e+01
6576.04012861 7.49391556e+00
6576.09610429 -5.62640953e+00
6576.15207998 -9.50809860e+00
6576.20805567 -4.70535278e+00
6576.26403135 -1.48487663e+01
6576.32000704 -4.63774109e+00
6576.37598273 -3.47458649e+01
6576.43195841 -9.35158539e+00
6576.48793410 8.73689651e+00
6576.54390979 4.28661041e+01
6576.59988547 9.34756470e+00
6576.65586116 -9.81492615e+00
6576.71183685 2.31358452e+01
6576.76781253 1.83374367e+01
6576.82378822 2.09097214e+01
6576.87976391 -1.29057083e+01
6576.93573959 -1.49035149e+01
6576.99171528 6.29112549e+01
6577.04769096 -1.83004761e+00
6577.10366665 -7.10207367e+00
6577.15964234 2.33206940e+01
6577.21561802 -2.59762421e+01
6577.27159371 1.66063347e+01
6577.32756940 5.30029297e+00
6577.38354508 9.78923798e+00
6577.43952077 6.66350174e+00
6577.49549646 -1.55846786e+00
6577.55147214 1.15959053e+01
6577.60744783 1.84584312e+01
6577.66342352 7.05139923e+00
6577.71939920 -1.61959839e+00
6577.77537489 2.96785355e+01
6577.83135058 7.08627701e+00
6577.88732626 -9.61157608e+00
6577.94330195 -4.57379913e+00
6577.99927764 9.24957275e-01
6578.05525332 2.79175873e+01
6578.11122901 -3.37362747e+01
6578.16720470 2.03818207e+01
6578.22318038 1.50826530e+01
6578.27915607 -4.52028275e+00
6578.33513176 1.42993164e+00
6578.39110744 -1.68366470e+01
6578.44708313 8.72287750e-01
6578.50305881 1.83692780e+01
6578.55903450 -1.91322708e+00
6578.61501019 -6.18689346e+00
6578.67098587 -2.47254753e+01
6578.72696156 1.31475067e+00
6578.78293725 3.31018372e+01
6578.83891293 3.43930740e+01
6578.89488862 1.21308899e+00
6578.95086431 -5.20023346e-01
6579.00683999 5.64402771e+00
6579.06281568 -1.88754654e+00
6579.11879137 -8.08284760e+00
6579.17476705 -1.45343781e-01
6579.23074274 1.02786026e+01
6579.28671843 2.54608536e+01
6579.34269411 -6.03221893e+00
6579.39866980 3.14753647e+01
6579.45464549 3.01045418e+01
6579.51062117 2.40091171e+01
6579.56659686 1.33827286e+01
6579.62257255 -4.61014557e+00
6579.67854823 -2.88523388e+01
6579.73452392 3.25527649e+01
6579.79049961 2.01381950e+01
6579.84647529 -1.27048874e+00
6579.90245098 6.14932251e+00
6579.95842666 -1.43572388e+01
6580.01440235 3.75855370e+01
6580.07037804 -1.70035439e+01
6580.12635372 2.81889000e+01
6580.18232941 9.23580170e-01
6580.23830510 5.75598145e+00
6580.29428078 4.53421822e+01
6580.35025647 -1.24697800e+01
6580.40623216 2.60460281e+00
6580.46220784 1.47803383e+01
6580.51818353 -2.72636375e+01
6580.57415922 -1.39902115e+01
6580.63013490 -1.84169693e+01
6580.68611059 -1.51790962e+01
6580.74208628 2.92339668e+01
6580.79806196 2.15343323e+01
6580.85403765 3.69308167e+01
6580.91001334 4.38991013e+01
6580.96598902 3.64726753e+01
6581.02196471 5.04185867e+00
6581.07794040 -2.85112419e+01
6581.13391608 3.67031631e+01
6581.18989177 -7.36240005e+00
6581.24586746 -3.25891495e+00
6581.30184314 3.19556961e+01
6581.35781883 1.60059967e+01
6581.41379452 -1.52145309e+01
6581.46977020 2.41988449e+01
6581.52574589 1.69167824e+01
6581.58172157 2.47261810e+00
6581.63769726 -1.85134888e+00
6581.69367295 4.04874420e+01
6581.74964863 4.49824524e+00
6581.80562432 -1.38717651e-01
6581.86160001 1.49133224e+01
6581.91757569 -1.93918762e+01
6581.97355138 3.55882339e+01
6582.02952707 -2.45315933e+01
6582.08550275 -6.10383606e+00
6582.14147844 1.58778191e+01
6582.19745413 -2.71722488e+01
6582.25342981 2.09057732e+01
6582.30940550 1.70067368e+01
6582.36538119 3.35153923e+01
6582.42135687 1.69580612e+01
6582.47733256 -2.50180054e+00
6582.53330825 8.05073547e+00
6582.58928393 2.34231224e+01
6582.64525962 3.62933388e+01
6582.70123531 -2.74729919e+00
6582.75721099 -5.78548050e+00
6582.81318668 4.65366058e+01
6582.86916237 3.51657410e+01
6582.92513805 6.80193253e+01
6582.98111374 3.83517876e+01
6583.03708942 4.36176605e+01
6583.09306511 3.80809097e+01
6583.14904080 -9.73053360e+00
6583.20501648 6.53859100e+01
6583.26099217 4.86593590e+01
6583.31696786 -5.86467743e+00
6583.37294354 6.24078140e+01
6583.42891923 6.98405762e+01
6583.48489492 6.06372261e+01
6583.54087060 2.27301788e+01
6583.59684629 3.26929779e+01
6583.65282198 2.26284332e+01
6583.70879766 3.49137077e+01
6583.76477335 4.29515762e+01
6583.82074904 4.26183662e+01
6583.87672472 5.75007362e+01
6583.93270041 3.41223412e+01
6583.98867610 2.98883858e+01
6584.04465178 4.13214264e+01
6584.10062747 2.10371323e+01
6584.15660316 3.87806244e+01
6584.21257884 1.60799103e+01
6584.26855453 1.07312775e+00
6584.32453022 -1.96185379e+01
6584.38050590 -6.12181091e+00
6584.43648159 3.93487167e+00
6584.49245727 1.86857986e+00
6584.54843296 4.20098076e+01
6584.60440865 -1.28579254e+01
6584.66038433 -4.82175980e+01
6584.71636002 1.41617813e+01
6584.77233571 -2.06224613e+01
6584.82831139 3.35846519e+01
6584.88428708 -1.27363472e+01
6584.94026277 2.26102829e+01
6584.99623845 2.38298416e+00
6585.05221414 2.50422173e+01
6585.10818983 2.38840942e+01
6585.16416551 -5.20590591e+00
6585.22014120 3.66790009e+00
6585.27611689 1.98328743e+01
6585.33209257 -2.64675484e+01
6585.38806826 -8.76953125e+00
6585.44404395 -1.09688492e+01
6585.50001963 1.03499222e+01
6585.55599532 -2.68573685e+01
6585.61197101 5.85667038e+00
6585.66794669 -4.65046692e+00
6585.72392238 1.94395905e+01
6585.77989807 1.34762802e+01
6585.83587375 -2.96360722e+01
6585.89184944 -2.85673523e+01
6585.94782512 4.41917801e+00
6586.00380081 2.08012657e+01
6586.05977650 2.45298347e+01
6586.11575218 1.32299118e+01
6586.17172787 -1.52083359e+01
6586.22770356 -2.78730583e+01
6586.28367924 9.42077637e-01
6586.33965493 -7.22314835e+00
6586.39563062 -1.55093498e+01
6586.45160630 1.94547653e+00
6586.50758199 -2.75940247e+01
6586.56355768 5.48181152e+00
6586.61953336 3.71387482e+00
6586.67550905 2.67351723e+01
6586.73148474 2.56265068e+01
6586.78746042 5.95182800e+00
6586.84343611 -1.33302765e+01
6586.89941180 -1.30692558e+01
6586.95538748 2.47098961e+01
6587.01136317 -6.71878052e+00
6587.06733886 8.57325363e+00
6587.12331454 1.72321625e+01
6587.17929023 1.96835785e+01
6587.23526592 -4.82537842e+00
6587.29124160 1.00832748e+00
6587.34721729 2.03479996e+01
6587.40319297 -1.06419411e+01
6587.45916866 1.41622581e+01
6587.51514435 7.74363327e+00
6587.57112003 -1.58552189e+01
6587.62709572 1.06996765e+01
6587.68307141 -5.31357574e+00
6587.73904709 3.59449005e+01
6587.79502278 -1.29417915e+01
6587.85099847 1.59888687e+01
6587.90697415 1.88049316e-01
6587.96294984 -4.05482330e+01
6588.01892553 5.44598770e+00
6588.07490121 2.41338730e+00
6588.13087690 8.72954559e+00
6588.18685259 1.99743080e+01
6588.24282827 -5.36953354e+00
6588.29880396 5.96124496e+01
6588.35477965 -2.63012238e+01
6588.41075533 -6.03138351e+00
6588.46673102 -1.85239201e+01
6588.52270671 1.93996010e+01
6588.57868239 2.88126488e+01
6588.63465808 3.65691071e+01
6588.69063377 4.39102554e+00
6588.74660945 -2.97799377e+01
6588.80258514 3.90956497e+01
6588.85856082 -1.17220802e+01
6588.91453651 3.75178757e+01
6588.97051220 -1.24559135e+01
6589.02648788 -1.99049416e+01
6589.08246357 1.52674904e+01
6589.13843926 7.71883392e+00
6589.19441494 -1.29132957e+01
6589.25039063 -1.69774246e+00
6589.30636632 7.23522949e+00
6589.36234200 -2.64831924e+00
6589.41831769 7.95438766e+00
6589.47429338 3.29530907e+01
6589.53026906 5.73916435e+01
6589.58624475 2.07461205e+01
6589.64222044 2.90658913e+01
6589.69819612 3.40822830e+01
6589.75417181 -2.11293755e+01
6589.81014750 -3.65413284e+01
6589.86612318 -1.42634277e+01
6589.92209887 2.88131714e+00
