# Rest-frame spectrum generated from: M106C0001o_1d.fits
# lambda_Ha_obs = 6573.91400000 Angstrom
# lambda_Ha_rest = 6562.80000000 Angstrom
# z_Ha = 1.6934844883e-03
# v_Ha_relativistic = 507.263992 km/s
# v_Ha_classical = 507.693877 km/s
# columns: wavelength_rest[Angstrom] flux_or_counts

6532.80398529 2.32433472e+01
6532.86032392 2.32426376e+01
6532.91666255 2.32463264e+01
6532.97300119 2.32464485e+01
6533.02933982 2.32438660e+01
6533.08567846 2.32431870e+01
6533.14201709 2.32465973e+01
6533.19835572 2.32390594e+01
6533.25469436 2.32281761e+01
6533.31103299 2.32187805e+01
6533.36737163 2.32099800e+01
6533.42371026 2.32052460e+01
6533.48004890 2.31931343e+01
6533.53638753 2.31835403e+01
6533.59272616 2.31754189e+01
6533.64906480 2.31697845e+01
6533.70540343 2.31632080e+01
6533.76174207 1.62857704e+01
6533.81808070 1.85625000e+01
6533.87441933 2.96603508e+01
6533.93075797 1.82438736e+01
6533.98709660 2.05326614e+01
6534.04343524 -7.17213821e+00
6534.09977387 -2.46743584e+01
6534.15611251 -2.61881256e+01
6534.21245114 -4.18058395e+00
6534.26878977 5.90653419e+00
6534.32512841 -1.70649719e+01
6534.38146704 6.42524529e+00
6534.43780568 2.87237911e+01
6534.49414431 3.53442307e+01
6534.55048294 -1.88083000e+01
6534.60682158 8.67971039e+00
6534.66316021 -1.59966087e+00
6534.71949885 6.67867088e+00
6534.77583748 -1.01341820e+00
6534.83217611 1.76217155e+01
6534.88851475 1.36466961e+01
6534.94485338 -2.98191261e+01
6535.00119202 -4.18422699e-01
6535.05753065 -1.24493980e+01
6535.11386929 -1.71166458e+01
6535.17020792 2.19885406e+01
6535.22654655 1.90238953e+00
6535.28288519 4.58717346e-03
6535.33922382 1.14009972e+01
6535.39556246 2.32504425e+01
6535.45190109 -2.08155460e+01
6535.50823972 4.46621323e+00
6535.56457836 1.58523884e+01
6535.62091699 8.89312935e+00
6535.67725563 -1.67957401e+01
6535.73359426 -1.97268410e+01
6535.78993290 -1.98226299e+01
6535.84627153 -2.67898521e+01
6535.90261016 -2.16004524e+01
6535.95894880 3.54491310e+01
6536.01528743 1.11423016e+01
6536.07162607 1.12803993e+01
6536.12796470 -2.03298187e+00
6536.18430333 2.42282562e+01
6536.24064197 2.97164116e+01
6536.29698060 8.72835541e+00
6536.35331924 1.89416256e+01
6536.40965787 -1.03066483e+01
6536.46599651 -2.04683762e+01
6536.52233514 1.02099342e+01
6536.57867377 3.50793991e+01
6536.63501241 1.77148075e+01
6536.69135104 2.40040073e+01
6536.74768968 -1.27457314e+01
6536.80402831 2.87625790e+01
6536.86036694 -1.68656540e+00
6536.91670558 3.00103703e+01
6536.97304421 2.32556725e+01
6537.02938285 -4.69292831e+00
6537.08572148 2.40423012e+00
6537.14206012 1.38673553e+01
6537.19839875 5.13603783e+00
6537.25473738 4.06338120e+00
6537.31107602 2.48851376e+01
6537.36741465 4.60048599e+01
6537.42375329 3.46283722e+01
6537.48009192 -1.05825500e+01
6537.53643055 -7.32829857e+00
6537.59276919 2.42200298e+01
6537.64910782 3.59057961e+01
6537.70544646 2.90674248e+01
6537.76178509 9.45095444e+00
6537.81812372 -5.33330536e+00
6537.87446236 -2.33628216e+01
6537.93080099 -4.38784027e+00
6537.98713963 3.73358765e+01
6538.04347826 -5.16518021e+00
6538.09981690 -6.69047928e+00
6538.15615553 1.79469261e+01
6538.21249416 3.42067184e+01
6538.26883280 -2.38097744e+01
6538.32517143 3.94433212e+00
6538.38151007 1.42692261e+01
6538.43784870 -2.65628147e+01
6538.49418733 -1.45238056e+01
6538.55052597 -8.00702858e+00
6538.60686460 1.04090977e+01
6538.66320324 -1.93711090e+00
6538.71954187 3.32377243e+00
6538.77588051 1.94004097e+01
6538.83221914 -1.03684387e+01
6538.88855777 -2.41282730e+01
6538.94489641 -1.10399952e+01
6539.00123504 2.56486530e+01
6539.05757368 -4.24633026e+00
6539.11391231 -1.41015587e+01
6539.17025094 -9.47689438e+00
6539.22658958 -6.17650223e+00
6539.28292821 2.33114796e+01
6539.33926685 3.27831268e+01
6539.39560548 1.34578009e+01
6539.45194412 1.46183472e+01
6539.50828275 5.41614532e-01
6539.56462138 -9.76600456e+00
6539.62096002 -1.47225838e+01
6539.67729865 1.17338657e+01
6539.73363729 1.74125977e+01
6539.78997592 3.90068016e+01
6539.84631455 6.22697830e-01
6539.90265319 -1.47017670e+00
6539.95899182 1.16764183e+01
6540.01533046 5.93883133e+00
6540.07166909 1.78550892e+01
6540.12800772 2.98753777e+01
6540.18434636 -2.06250000e+00
6540.24068499 2.78493118e+00
6540.29702363 1.89606667e+01
6540.35336226 2.70291309e+01
6540.40970090 1.45368042e+01
6540.46603953 1.37379646e+00
6540.52237816 4.39203644e+00
6540.57871680 -2.73461533e+00
6540.63505543 1.66314888e+01
6540.69139407 3.08656788e+01
6540.74773270 4.06008720e+00
6540.80407133 2.68223190e+00
6540.86040997 9.56715393e+00
6540.91674860 2.00584412e+00
6540.97308724 2.77875328e+01
6541.02942587 1.19683304e+01
6541.08576451 -2.28984985e+01
6541.14210314 3.80756760e+00
6541.19844177 -2.43477631e+00
6541.25478041 -9.43365669e+00
6541.31111904 -7.70788574e+00
6541.36745768 -1.73658752e+00
6541.42379631 1.71162338e+01
6541.48013494 -1.38225327e+01
6541.53647358 6.12483597e+00
6541.59281221 2.70578671e+01
6541.64915085 -5.50573349e+00
6541.70548948 -1.76964169e+01
6541.76182812 1.62564831e+01
6541.81816675 6.15721321e+00
6541.87450538 1.35874653e+01
6541.93084402 -2.56011963e+00
6541.98718265 5.09167099e+00
6542.04352129 8.95430756e+00
6542.09985992 8.97288132e+00
6542.15619855 -8.88851929e+00
6542.21253719 -1.48303909e+01
6542.26887582 1.98639374e+01
6542.32521446 7.53123474e+00
6542.38155309 2.96437531e+01
6542.43789173 -8.70661926e+00
6542.49423036 -1.56671143e+00
6542.55056899 -6.87859344e+00
6542.60690763 1.91573029e+01
6542.66324626 2.56254082e+01
6542.71958490 2.01512032e+01
6542.77592353 3.30783539e+01
6542.83226216 2.04024792e+01
6542.88860080 -1.17859192e+01
6542.94493943 1.27927132e+01
6543.00127807 2.78740158e+01
6543.05761670 1.52276497e+01
6543.11395533 3.91725006e+01
6543.17029397 2.19287872e-01
6543.22663260 1.11158810e+01
6543.28297124 3.25196495e+01
6543.33930987 1.20512486e+01
6543.39564851 3.99456024e-02
6543.45198714 -1.26935768e+00
6543.50832577 -1.63102894e+01
6543.56466441 2.52488327e+00
6543.62100304 2.21322956e+01
6543.67734168 1.45771103e+01
6543.73368031 6.26017189e+00
6543.79001894 -1.29319134e+01
6543.84635758 -1.97524052e+01
6543.90269621 2.81444397e+01
6543.95903485 7.34954834e+00
6544.01537348 -6.42041206e+00
6544.07171212 2.96680260e+01
6544.12805075 2.27412643e+01
6544.18438938 2.66415653e+01
6544.24072802 5.98099518e+00
6544.29706665 6.38809204e-01
6544.35340529 2.07567215e+00
6544.40974392 2.29406700e+01
6544.46608255 3.86760979e+01
6544.52242119 5.53867340e+00
6544.57875982 -1.95405178e+01
6544.63509846 -1.20271721e+01
6544.69143709 1.37761650e+01
6544.74777573 4.03019867e+01
6544.80411436 3.27535629e+00
6544.86045299 2.58701286e+01
6544.91679163 -1.99027481e+01
6544.97313026 7.25755310e+00
6545.02946890 -1.78208752e+01
6545.08580753 -9.34506607e+00
6545.14214616 1.95984573e+01
6545.19848480 2.49371338e+00
6545.25482343 7.26439667e+00
6545.31116207 1.51496506e+00
6545.36750070 6.13960934e+00
6545.42383933 1.63158264e+01
6545.48017797 1.15773563e+01
6545.53651660 -3.59601593e+00
6545.59285524 1.31584396e+01
6545.64919387 -1.41588459e+01
6545.70553251 -9.58713531e+00
6545.76187114 -1.71914291e+00
6545.81820977 2.39842453e+01
6545.87454841 -3.51276360e+01
6545.93088704 3.25159073e+00
6545.98722568 -2.74199295e+00
6546.04356431 -2.47034187e+01
6546.09990294 4.48533249e+00
6546.15624158 8.92237854e+00
6546.21258021 -2.43189430e+00
6546.26891885 7.72793770e+00
6546.32525748 -3.03009644e+01
6546.38159612 -3.29803467e-01
6546.43793475 -1.26813431e+01
6546.49427338 -1.28688087e+01
6546.55061202 -6.51893997e+00
6546.60695065 3.01358452e+01
6546.66328929 1.56971798e+01
6546.71962792 3.46861687e+01
6546.77596655 -4.65308762e+00
6546.83230519 4.96635818e+00
6546.88864382 -1.14526596e+01
6546.94498246 -4.45008736e+01
6547.00132109 -3.38450432e+01
6547.05765973 2.81945419e+00
6547.11399836 1.74350090e+01
6547.17033699 -1.37201099e+01
6547.22667563 -3.38058472e-02
6547.28301426 3.15838547e+01
6547.33935290 1.63995743e+00
6547.39569153 3.43967056e+00
6547.45203016 2.62293587e+01
6547.50836880 4.85422134e+00
6547.56470743 1.28509712e+01
6547.62104607 1.59286957e+01
6547.67738470 -9.78725815e+00
6547.73372334 2.52879467e+01
6547.79006197 2.78282166e+00
6547.84640060 1.44221687e+01
6547.90273924 1.73116722e+01
6547.95907787 1.28483963e+01
6548.01541651 3.91372986e+01
6548.07175514 1.07927856e+01
6548.12809377 1.15066986e+01
6548.18443241 2.77616653e+01
6548.24077104 1.65312347e+01
6548.29710968 4.78591232e+01
6548.35344831 3.49647331e+01
6548.40978694 2.43152199e+01
6548.46612558 -2.22997284e+00
6548.52246421 3.45922470e+00
6548.57880285 2.26261597e+01
6548.63514148 2.33130074e+00
6548.69148012 1.36320305e+00
6548.74781875 2.00795078e+01
6548.80415738 2.33493767e+01
6548.86049602 1.20214958e+01
6548.91683465 2.40946255e+01
6548.97317329 -6.81794357e+00
6549.02951192 -4.60786438e+00
6549.08585055 -1.55561638e+00
6549.14218919 -1.07070999e+01
6549.19852782 -1.12783737e+01
6549.25486646 1.77794571e+01
6549.31120509 2.43524799e+01
6549.36754373 2.70828590e+01
6549.42388236 1.24200840e+01
6549.48022099 2.62066498e+01
6549.53655963 6.39282227e-01
6549.59289826 8.67982101e+00
6549.64923690 2.56228180e+01
6549.70557553 -5.60335350e+00
6549.76191416 -6.14700317e+00
6549.81825280 7.62133408e+00
6549.87459143 2.18048725e+01
6549.93093007 8.44920921e+00
6549.98726870 -1.82471085e+00
6550.04360734 -3.79373932e+00
6550.09994597 -1.05399437e+01
6550.15628460 -4.30973816e+00
6550.21262324 -8.88606644e+00
6550.26896187 1.73486271e+01
6550.32530051 1.88066292e+00
6550.38163914 4.86866760e+00
6550.43797777 9.45962524e+00
6550.49431641 -1.00215588e+01
6550.55065504 5.30729294e+00
6550.60699368 2.83895302e+01
6550.66333231 -3.91273499e+00
6550.71967094 4.10466537e+01
6550.77600958 -1.84616508e+01
6550.83234821 2.00502396e+01
6550.88868685 2.59035378e+01
6550.94502548 3.96197014e+01
6551.00136412 3.41137314e+01
6551.05770275 -6.52487564e+00
6551.11404138 2.66817474e+00
6551.17038002 -8.76175690e+00
6551.22671865 9.03131104e+00
6551.28305729 -3.00977783e+01
6551.33939592 -8.14631653e+00
6551.39573455 -3.74880447e+01
6551.45207319 8.44305420e+00
6551.50841182 9.22851562e-01
6551.56475046 3.00970459e+00
6551.62108909 -1.90841675e-01
6551.67742773 3.93180847e+00
6551.73376636 2.31801300e+01
6551.79010499 -7.95260239e+00
6551.84644363 4.76955261e+01
6551.90278226 3.18024368e+01
6551.95912090 -6.01093292e+00
6552.01545953 1.57295876e+01
6552.07179816 -2.15900345e+01
6552.12813680 1.10328445e+01
6552.18447543 1.56810188e+01
6552.24081407 1.55939541e+01
6552.29715270 2.38546200e+01
6552.35349134 -1.97566853e+01
6552.40982997 1.35498047e+00
6552.46616860 -3.96896744e+00
6552.52250724 1.02902946e+01
6552.57884587 -7.12051964e+00
6552.63518451 5.65127563e+00
6552.69152314 -1.22481194e+01
6552.74786177 1.67839336e+01
6552.80420041 -7.78203964e+00
6552.86053904 6.58248520e+00
6552.91687768 -1.24702606e+01
6552.97321631 2.27555714e+01
6553.02955495 2.14764519e+01
6553.08589358 4.72168007e+01
6553.14223221 2.82519836e+01
6553.19857085 2.25584602e+01
6553.25490948 2.16426926e+01
6553.31124812 3.57348328e+01
6553.36758675 2.05604630e+01
6553.42392538 -1.21789780e+01
6553.48026402 -8.67689514e+00
6553.53660265 3.27042656e+01
6553.59294129 -5.03940582e-01
6553.64927992 -3.46849442e+00
6553.70561855 -3.95473480e-01
6553.76195719 -2.70392838e+01
6553.81829582 -2.40591965e+01
6553.87463446 2.35863647e+01
6553.93097309 -1.80973053e+01
6553.98731173 1.24714088e+01
6554.04365036 -1.86500130e+01
6554.09998899 -3.93361702e+01
6554.15632763 -3.10314140e+01
6554.21266626 1.88917847e+01
6554.26900490 -1.09536743e+01
6554.32534353 -1.10955811e+00
6554.38168216 5.55992775e+01
6554.43802080 7.30813599e+00
6554.49435943 -1.27844086e+01
6554.55069807 -2.29579659e+01
6554.60703670 2.05299454e+01
6554.66337534 7.24725723e-01
6554.71971397 9.43727493e+00
6554.77605260 2.10875893e+01
6554.83239124 -1.39080391e+01
6554.88872987 1.27356682e+01
6554.94506851 -7.70804405e+00
6555.00140714 -3.44133682e+01
6555.05774577 1.87696457e+00
6555.11408441 -2.03221512e+00
6555.17042304 -2.07118053e+01
6555.22676168 -2.41156845e+01
6555.28310031 -2.76213970e+01
6555.33943895 -2.01791840e+01
6555.39577758 8.30276108e+00
6555.45211621 2.02696495e+01
6555.50845485 -1.11713791e+00
6555.56479348 1.46337013e+01
6555.62113212 -1.12267723e+01
6555.67747075 -1.87778187e+01
6555.73380938 -1.01130524e+01
6555.79014802 1.52346191e+01
6555.84648665 3.79209251e+01
6555.90282529 -1.35024261e+00
6555.95916392 2.72274208e+01
6556.01550255 -1.52963314e+01
6556.07184119 1.38549309e+01
6556.12817982 3.30957184e+01
6556.18451846 -2.96597309e+01
6556.24085709 2.04207802e+01
6556.29719573 3.78224335e+01
6556.35353436 2.57968311e+01
6556.40987299 8.84769630e+00
6556.46621163 -1.77378864e+01
6556.52255026 -3.11960716e+01
6556.57888890 -2.46501160e+00
6556.63522753 -2.22538815e+01
6556.69156616 1.37862778e+00
6556.74790480 -1.10328922e+01
6556.80424343 5.93017578e+00
6556.86058207 4.59072495e+00
6556.91692070 1.61713409e+00
6556.97325934 -1.29363632e+00
6557.02959797 -1.99254055e+01
6557.08593660 1.76637230e+01
6557.14227524 3.43030548e+00
6557.19861387 1.90914001e+01
6557.25495251 -1.20086765e+01
6557.31129114 -2.37011261e+01
6557.36762977 1.31082420e+01
6557.42396841 6.15722656e-01
6557.48030704 1.21431122e+01
6557.53664568 -3.37095833e+01
6557.59298431 1.30458298e+01
6557.64932295 -4.03158188e+00
6557.70566158 6.49309921e+00
6557.76200021 2.06512756e+01
6557.81833885 1.84143944e+01
6557.87467748 2.05253983e+01
6557.93101612 -2.34662247e+00
6557.98735475 1.47625465e+01
6558.04369338 5.43595123e+00
6558.10003202 9.90052032e+00
6558.15637065 2.66365395e+01
6558.21270929 -7.58098030e+00
6558.26904792 9.29685211e+00
6558.32538656 9.64222717e+00
6558.38172519 -3.07039127e+01
6558.43806382 2.04164143e+01
6558.49440246 4.99982910e+01
6558.55074109 3.03521080e+01
6558.60707973 3.62414360e+01
6558.66341836 -4.01124573e+00
6558.71975699 -1.50244331e+01
6558.77609563 -2.44075203e+01
6558.83243426 -4.63822556e+00
6558.88877290 3.74513474e+01
6558.94511153 1.08133812e+01
6559.00145016 -3.28634796e+01
6559.05778880 9.35071564e+00
6559.11412743 6.71058273e+00
6559.17046607 -3.56739044e+00
6559.22680470 -1.02874908e+01
6559.28314334 8.44837189e-01
6559.33948197 2.15316238e+01
6559.39582060 6.90145493e+00
6559.45215924 8.81179810e-01
6559.50849787 2.65867043e+00
6559.56483651 -2.27375927e+01
6559.62117514 1.79383087e+01
6559.67751377 3.15688515e+01
6559.73385241 -7.53440857e-02
6559.79019104 1.59674721e+01
6559.84652968 -1.33322620e+01
6559.90286831 1.65005608e+01
6559.95920695 2.20924759e+00
6560.01554558 -1.97916069e+01
6560.07188421 1.88603821e+01
6560.12822285 2.54386234e+01
6560.18456148 3.00774689e+01
6560.24090012 2.08206100e+01
6560.29723875 1.73190918e+01
6560.35357738 9.13532639e+00
6560.40991602 1.70150928e+01
6560.46625465 4.35133362e+00
6560.52259329 -5.99001312e+00
6560.57893192 1.52779312e+01
6560.63527056 2.31945534e+01
6560.69160919 3.20626144e+01
6560.74794782 2.24620781e+01
6560.80428646 1.16789474e+01
6560.86062509 2.15217094e+01
6560.91696373 -1.97458878e+01
6560.97330236 -1.43149300e+01
6561.02964099 5.39358521e+01
6561.08597963 6.73484879e+01
6561.14231826 6.59095001e+00
6561.19865690 -2.35048676e+01
6561.25499553 -4.81639862e-01
6561.31133416 3.82162209e+01
6561.36767280 3.48649864e+01
6561.42401143 8.50054932e+00
6561.48035007 4.11507530e+01
6561.53668870 5.12415047e+01
6561.59302734 2.15944328e+01
6561.64936597 4.75405922e+01
6561.70570460 1.66834755e+01
6561.76204324 5.53855934e+01
6561.81838187 3.88347168e+01
6561.87472051 8.82383423e+01
6561.93105914 9.30610809e+01
6561.98739777 9.41396561e+01
6562.04373641 6.70044861e+01
6562.10007504 1.16242027e+02
6562.15641368 1.36767090e+02
6562.21275231 1.75786942e+02
6562.26909095 1.28215820e+02
6562.32542958 1.71426071e+02
6562.38176821 1.53689880e+02
6562.43810685 1.73465088e+02
6562.49444548 2.27878540e+02
6562.55078412 1.95504425e+02
6562.60712275 1.79878174e+02
6562.66346138 2.52456909e+02
6562.71980002 2.18559692e+02
6562.77613865 2.05295486e+02
6562.83247729 2.55344742e+02
6562.88881592 2.39144226e+02
6562.94515456 2.63964996e+02
6563.00149319 2.08284058e+02
6563.05783182 2.42951401e+02
6563.11417046 2.26553711e+02
6563.17050909 1.98315247e+02
6563.22684773 1.81630981e+02
6563.28318636 1.71638168e+02
6563.33952499 1.80251129e+02
6563.39586363 1.15491058e+02
6563.45220226 8.63897247e+01
6563.50854090 9.44360809e+01
6563.56487953 9.94438477e+01
6563.62121817 3.88133507e+01
6563.67755680 3.07600670e+01
6563.73389543 6.15473785e+01
6563.79023407 7.34955750e+01
6563.84657270 7.32027359e+01
6563.90291134 3.83409271e+01
6563.95924997 3.13825569e+01
6564.01558860 4.06781044e+01
6564.07192724 9.93742371e+00
6564.12826587 2.51495590e+01
6564.18460451 2.47641125e+01
6564.24094314 2.25969315e+01
6564.29728177 3.10747490e+01
6564.35362041 -1.85567093e+00
6564.40995904 4.69129944e+00
6564.46629768 2.55765152e+01
6564.52263631 2.06505814e+01
6564.57897495 1.70096855e+01
6564.63531358 1.26413994e+01
6564.69165221 -2.05680847e+00
6564.74799085 9.96437836e+00
6564.80432948 4.94868088e+00
6564.86066812 4.23137665e+00
6564.91700675 -5.35686493e+00
6564.97334538 -7.28226089e+00
6565.02968402 5.11938248e+01
6565.08602265 -1.26414318e+01
6565.14236129 2.41031303e+01
6565.19869992 4.76466675e+01
6565.25503856 6.27811432e-01
6565.31137719 3.41388092e+01
6565.36771582 4.75579224e+01
6565.42405446 -6.18759537e+00
6565.48039309 -3.44019318e+00
6565.53673173 8.13038635e+00
6565.59307036 9.24058151e+00
6565.64940899 2.05673523e+01
6565.70574763 1.83514252e+01
6565.76208626 1.05836105e+01
6565.81842490 1.66435890e+01
6565.87476353 -6.04778290e+00
6565.93110217 2.12172546e+01
6565.98744080 5.18940735e+00
6566.04377943 2.00095291e+01
6566.10011807 2.78754272e+01
6566.15645670 1.08964844e+01
6566.21279534 -2.98685455e+00
6566.26913397 5.35279465e+01
6566.32547260 1.35133362e+00
6566.38181124 -9.49083328e+00
6566.43814987 -1.22604141e+01
6566.49448851 -2.59153633e+01
6566.55082714 -5.80865860e+00
6566.60716577 -1.79369011e+01
6566.66350441 1.17932358e+01
6566.71984304 -2.48001881e+01
6566.77618168 -3.42243576e+00
6566.83252031 -5.32047653e+00
6566.88885895 -2.25264320e+01
6566.94519758 2.37528896e+01
6567.00153621 -1.31238937e+00
6567.05787485 2.16072750e+01
6567.11421348 -1.70968132e+01
6567.17055212 7.46442795e+00
6567.22689075 -4.47939987e+01
6567.28322938 5.39607964e+01
6567.33956802 4.41497040e+00
6567.39590665 -6.61097717e+00
6567.45224529 1.48596420e+01
6567.50858392 3.23711357e+01
6567.56492256 1.98991508e+01
6567.62126119 2.49029312e+01
6567.67759982 -2.24208832e-01
6567.73393846 1.03615398e+01
6567.79027709 1.17335243e+01
6567.84661573 -1.61609497e+01
6567.90295436 2.94236336e+01
6567.95929299 2.46106987e+01
6568.01563163 1.38214378e+01
6568.07197026 6.25946426e+00
6568.12830890 -7.49870682e+00
6568.18464753 1.39477997e+01
6568.24098617 8.54826736e+00
6568.29732480 1.12351437e+01
6568.35366343 -2.85177231e+00
6568.41000207 -1.38070793e+01
6568.46634070 -8.78809738e+00
6568.52267934 2.64645844e+01
6568.57901797 2.61094437e+01
6568.63535660 3.43364372e+01
6568.69169524 3.60616837e+01
6568.74803387 -3.32838058e+00
6568.80437251 9.19431686e+00
6568.86071114 1.81256027e+01
6568.91704977 -2.08122692e+01
6568.97338841 -5.21711731e+00
6569.02972704 6.74256897e+00
6569.08606568 8.66239166e+00
6569.14240431 2.14554939e+01
6569.19874295 1.40492020e+01
6569.25508158 1.28556252e+01
6569.31142021 1.07332878e+01
6569.36775885 3.33212814e+01
6569.42409748 -8.27193069e+00
6569.48043612 1.54477692e+00
6569.53677475 2.17875748e+01
6569.59311338 9.23660660e+00
6569.64945202 1.02009659e+01
6569.70579065 3.79402924e+00
6569.76212929 -8.98102951e+00
6569.81846792 -4.73852158e+00
6569.87480656 -1.65438080e+01
6569.93114519 3.23027000e+01
6569.98748382 3.21793098e+01
6570.04382246 -1.86318741e+01
6570.10016109 1.33152733e+01
6570.15649973 -1.81315460e+01
6570.21283836 7.12288666e+00
6570.26917699 -9.06164932e+00
6570.32551563 -3.11472893e+01
6570.38185426 3.66752090e+01
6570.43819290 -9.04070282e+00
6570.49453153 1.33300819e+01
6570.55087017 -1.06343536e+01
6570.60720880 4.84966469e+00
6570.66354743 -3.43678665e+00
6570.71988607 -4.46847534e+00
6570.77622470 -4.12728500e+00
6570.83256334 8.40503311e+00
6570.88890197 -1.71965561e+01
6570.94524060 1.38657131e+01
6571.00157924 1.10329895e+01
6571.05791787 -1.51020432e+01
6571.11425651 -8.28211212e+00
6571.17059514 5.21344757e+01
6571.22693378 2.79207306e+01
6571.28327241 -1.08245850e+01
6571.33961104 -7.15349579e+00
6571.39594968 -2.30586796e+01
6571.45228831 -1.16295242e+00
6571.50862695 5.65175591e+01
6571.56496558 1.40641060e+01
6571.62130421 1.47916489e+01
6571.67764285 2.16034012e+01
6571.73398148 2.30368118e+01
6571.79032012 5.22224426e-01
6571.84665875 -5.49735260e+00
6571.90299738 1.53234749e+01
6571.95933602 1.53800201e+00
6572.01567465 -2.80574722e+01
6572.07201329 2.31495628e+01
6572.12835192 -1.31146774e+01
6572.18469056 -2.35099373e+01
6572.24102919 -2.12551441e+01
6572.29736782 -5.43725586e+00
6572.35370646 2.42409592e+01
6572.41004509 1.47665634e+01
6572.46638373 2.07467651e+01
6572.52272236 1.72752304e+01
6572.57906099 -4.66920471e+00
6572.63539963 2.57500153e+01
6572.69173826 1.51837387e+01
6572.74807690 -1.41582756e+01
6572.80441553 -2.91397324e+01
6572.86075417 -4.36828613e-01
6572.91709280 3.04452362e+01
6572.97343143 -6.88157654e+00
6573.02977007 8.27789307e-03
6573.08610870 -6.95690918e+00
6573.14244734 1.41333275e+01
6573.19878597 -6.50070572e+00
6573.25512460 3.81318741e+01
6573.31146324 7.61495972e+00
6573.36780187 -1.44462471e+01
6573.42414051 2.37766037e+01
6573.48047914 1.11422997e+01
6573.53681778 2.95328140e+00
6573.59315641 3.88760757e+01
6573.64949504 -4.19395828e+00
6573.70583368 -4.73172188e+01
6573.76217231 -1.40241241e+01
6573.81851095 1.02374725e+01
6573.87484958 8.34333801e+00
6573.93118821 8.02501678e-01
6573.98752685 -2.06589355e+01
6574.04386548 -2.24601116e+01
6574.10020412 1.43242302e+01
6574.15654275 -2.05573997e+01
6574.21288138 -1.56616478e+01
6574.26922002 -9.76983261e+00
6574.32555865 -2.40425644e+01
6574.38189729 -1.22744026e+01
6574.43823592 1.82653847e+01
6574.49457456 9.63535309e+00
6574.55091319 8.35575867e+00
6574.60725182 -4.25649147e+01
6574.66359046 -2.47452660e+01
6574.71992909 -5.68777847e+00
6574.77626773 1.85515289e+01
6574.83260636 6.96402740e+00
6574.88894499 -3.38127136e-01
6574.94528363 -9.93815231e+00
6575.00162226 -5.85150909e+00
6575.05796090 1.66065407e+01
6575.11429953 1.72660828e+01
6575.17063817 -1.39080029e+01
6575.22697680 2.19249535e+00
6575.28331543 4.56542969e+01
6575.33965407 -7.25662041e+00
6575.39599270 4.32057953e+00
6575.45233134 4.20938797e+01
6575.50866997 2.46882401e+01
6575.56500860 5.63744736e+01
6575.62134724 3.68731117e+01
6575.67768587 -2.53692780e+01
6575.73402451 3.65146103e+01
6575.79036314 4.55088272e+01
6575.84670178 -1.70095062e+01
6575.90304041 -6.46487045e+00
6575.95937904 -5.50457382e+00
6576.01571768 -3.38129807e+00
6576.07205631 9.00025940e+00
6576.12839495 -1.38394165e+01
6576.18473358 -4.72035599e+00
6576.24107221 -3.10097332e+01
6576.29741085 -4.30600739e+00
6576.35374948 -1.17789841e+01
6576.41008812 1.84956665e+01
6576.46642675 4.44915390e+01
6576.52276539 8.79635620e+00
6576.57910402 -3.40292282e+01
6576.63544265 8.91233826e+00
6576.69178129 -9.52254486e+00
6576.74811992 3.24827728e+01
6576.80445856 -4.67346954e+00
6576.86079719 3.08728676e+01
6576.91713582 1.82038498e+00
6576.97347446 1.68911705e+01
6577.02981309 2.03629570e+01
6577.08615173 -8.81351471e+00
6577.14249036 -1.67546349e+01
6577.19882899 -2.42979736e+01
6577.25516763 2.25874710e+01
6577.31150626 6.68709946e+00
6577.36784490 2.65016479e+01
6577.42418353 1.29346046e+01
6577.48052217 -2.09554558e+01
6577.53686080 -2.42610168e+00
6577.59319943 9.43592072e+00
6577.64953807 1.19614792e+01
6577.70587670 -2.32998657e+00
6577.76221534 1.27108002e+00
6577.81855397 -2.13597488e+00
6577.87489260 6.07309341e+00
6577.93123124 1.08904533e+01
6577.98756987 8.95090485e+00
6578.04390851 1.33520889e+00
6578.10024714 -3.42498016e+00
6578.15658578 -2.99645863e+01
6578.21292441 3.10453072e+01
6578.26926304 1.16814194e+01
6578.32560168 3.46277084e+01
6578.38194031 -1.29421234e+00
6578.43827895 1.11484337e+01
6578.49461758 2.71066971e+01
6578.55095621 -2.36333885e+01
6578.60729485 -4.67325287e+01
6578.66363348 -1.31342049e+01
6578.71997212 1.41885605e+01
6578.77631075 -4.39792633e-01
6578.83264939 -8.49752426e+00
6578.88898802 1.72130356e+01
6578.94532665 8.71166229e+00
6579.00166529 2.20835762e+01
6579.05800392 -2.39528275e+00
6579.11434256 2.37751579e+01
6579.17068119 1.25055695e+01
6579.22701982 -3.12004776e+01
6579.28335846 -8.67965698e-01
6579.33969709 -1.09539108e+01
6579.39603573 -1.31804390e+01
6579.45237436 2.10056953e+01
6579.50871299 1.07329102e+01
6579.56505163 -6.21655273e+00
6579.62139026 5.21401215e+00
6579.67772890 1.07469521e+01
6579.73406753 3.48144417e+01
6579.79040617 3.54424667e+00
6579.84674480 3.07559814e+01
6579.90308343 9.22237778e+00
6579.95942207 4.74167252e+00
6580.01576070 -4.89754105e+00
6580.07209934 -8.61413574e+00
6580.12843797 6.72457886e+00
6580.18477660 3.53345985e+01
6580.24111524 7.88003540e+00
6580.29745387 5.56747437e+00
6580.35379251 -1.42090302e+01
6580.41013114 -2.19316750e+01
6580.46646978 -9.83571243e+00
6580.52280841 2.75588989e-01
6580.57914704 -5.02876663e+00
6580.63548568 -1.83891106e+01
6580.69182431 5.45741310e+01
6580.74816295 1.29197044e+01
6580.80450158 -1.07100983e+01
6580.86084021 3.46636467e+01
6580.91717885 2.83480835e+00
6580.97351748 -1.21248245e+01
6581.02985612 -1.85533485e+01
6581.08619475 5.69694901e+00
6581.14253339 -9.37950897e+00
6581.19887202 -2.07537460e+00
6581.25521065 -1.36267090e+00
6581.31154929 -1.02419815e+01
6581.36788792 4.84878540e-01
6581.42422656 9.32027435e+00
6581.48056519 1.10511780e+00
6581.53690382 -1.67357407e+01
6581.59324246 4.63687134e+00
6581.64958109 5.15583801e+00
6581.70591973 2.19416389e+01
6581.76225836 1.75606918e+00
6581.81859700 1.38938065e+01
6581.87493563 -9.47235107e+00
6581.93127426 2.35387917e+01
6581.98761290 -5.99081802e+00
6582.04395153 -4.28521576e+01
6582.10029017 -8.78801727e+00
6582.15662880 -1.41419830e+01
6582.21296743 2.67261734e+01
6582.26930607 1.62040253e+01
6582.32564470 1.02834930e+01
6582.38198334 7.71379471e+00
6582.43832197 7.38732147e+00
6582.49466060 2.76934929e+01
6582.55099924 1.08588066e+01
6582.60733787 6.68041229e+00
6582.66367651 -8.37149811e+00
6582.72001514 -1.70735397e+01
6582.77635378 1.88235970e+01
6582.83269241 4.90682411e+01
6582.88903104 1.69953117e+01
6582.94536968 4.22809486e+01
6583.00170831 2.76144676e+01
6583.05804695 1.85496902e+01
6583.11438558 1.16817818e+01
6583.17072421 3.50155373e+01
6583.22706285 2.15782242e+01
6583.28340148 2.32177048e+01
6583.33974012 5.66789017e+01
6583.39607875 3.46230927e+01
6583.45241739 2.05742493e+01
6583.50875602 1.63609200e+01
6583.56509465 5.65147057e+01
6583.62143329 6.51999817e+01
6583.67777192 4.01059761e+01
6583.73411056 2.52306290e+01
6583.79044919 3.43505020e+01
6583.84678782 3.64622345e+01
6583.90312646 4.22829742e+01
6583.95946509 3.44841118e+01
6584.01580373 6.46379929e+01
6584.07214236 2.86643906e+01
6584.12848100 7.61641693e+00
6584.18481963 -1.03924942e+00
6584.24115826 -1.16608887e+01
6584.29749690 5.45491371e+01
6584.35383553 -1.51925011e+01
6584.41017417 -3.75899696e+01
6584.46651280 -4.18402100e+00
6584.52285143 6.84789276e+00
6584.57919007 -4.46763954e+01
6584.63552870 8.42993927e+00
6584.69186734 -8.36334229e+00
6584.74820597 2.21664658e+01
6584.80454460 5.44702148e+00
6584.86088324 -2.18393955e+01
6584.91722187 1.73587303e+01
6584.97356051 -2.23239288e+01
6585.02989914 -1.98368073e+00
6585.08623778 2.19072876e+01
6585.14257641 3.23290749e+01
6585.19891504 1.53685226e+01
6585.25525368 -3.28002930e+00
6585.31159231 1.12859344e+00
6585.36793095 1.74457550e+00
6585.42426958 -1.96701050e+00
6585.48060821 2.76660233e+01
6585.53694685 2.38810730e+00
6585.59328548 -1.94690704e+01
6585.64962412 1.36532784e+01
6585.70596275 -1.91401749e+01
6585.76230139 -7.03842926e+00
6585.81864002 -1.96266632e+01
6585.87497865 5.35054779e+00
6585.93131729 1.23449707e+00
6585.98765592 -7.23508072e+00
6586.04399456 1.08934021e+00
6586.10033319 2.89588013e+01
6586.15667182 1.73335190e+01
6586.21301046 3.07857819e+01
6586.26934909 -2.35586243e+01
6586.32568773 -1.10568619e+00
6586.38202636 2.07999191e+01
6586.43836500 4.67856331e+01
6586.49470363 3.70537872e+01
6586.55104226 -1.49745560e+00
6586.60738090 1.31066360e+01
6586.66371953 1.78365173e+01
6586.72005817 -1.17882919e+00
6586.77639680 -1.32318764e+01
6586.83273543 -5.08660545e+01
6586.88907407 -2.20328770e+01
6586.94541270 4.12404633e+00
6587.00175134 2.20497322e+01
6587.05808997 4.33169327e+01
6587.11442861 1.19588776e+01
6587.17076724 2.48147392e+01
6587.22710587 5.12787170e+01
6587.28344451 8.90124512e+00
6587.33978314 1.23220863e+01
6587.39612178 2.91599274e-01
6587.45246041 2.65497093e+01
6587.50879904 -1.92574463e+01
6587.56513768 2.42069588e+01
6587.62147631 1.34806252e+01
6587.67781495 3.98725662e+01
6587.73415358 2.24829597e+01
6587.79049221 2.84917488e+01
6587.84683085 1.57793121e+01
6587.90316948 -3.96653748e+00
6587.95950812 -1.68426895e+01
6588.01584675 3.09333858e+01
6588.07218539 1.89632339e+01
6588.12852402 -7.25278854e+00
6588.18486265 -3.98347702e+01
6588.24120129 1.52702751e+01
6588.29753992 -8.79930115e+00
6588.35387856 1.17220993e+01
6588.41021719 -1.48095436e+01
6588.46655582 -5.95266342e+00
6588.52289446 1.88544502e+01
6588.57923309 4.06873741e+01
6588.63557173 -5.48756790e+00
6588.69191036 4.97645569e+00
6588.74824900 -4.12377548e+00
6588.80458763 2.45658836e+01
6588.86092626 -1.82776642e+00
6588.91726490 2.22495670e+01
6588.97360353 -1.61321964e+01
6589.02994217 2.09879684e+01
6589.08628080 -1.26326752e+00
6589.14261943 2.92709045e+01
6589.19895807 1.75221653e+01
6589.25529670 -1.79749298e+00
6589.31163534 6.74267197e+00
6589.36797397 1.52097435e+01
6589.42431261 2.83686180e+01
6589.48065124 2.75607300e+00
6589.53698987 5.49609909e+01
6589.59332851 4.06220970e+01
6589.64966714 -4.77828217e+00
6589.70600578 -1.01524849e+01
6589.76234441 -1.08946152e+01
6589.81868304 4.24159813e+01
6589.87502168 1.68755798e+01
6589.93136031 -4.34583321e+01
