# Rest-frame spectrum generated from: N3319B0002o_1d.fits
# lambda_Ha_obs = 6577.74100000 Angstrom
# lambda_Ha_rest = 6562.80000000 Angstrom
# z_Ha = 2.2766197355e-03
# v_Ha_relativistic = 681.736517 km/s
# v_Ha_classical = 682.513426 km/s
# columns: wavelength_rest[Angstrom] flux_or_counts

6529.45961042 1.25122414e+01
6529.51579040 1.25173225e+01
6529.57197038 1.25121689e+01
6529.62815037 1.25124702e+01
6529.68433035 1.25173416e+01
6529.74051033 1.25121803e+01
6529.79669031 1.25178299e+01
6529.85287029 1.25101318e+01
6529.90905027 1.25023651e+01
6529.96523025 1.24945908e+01
6530.02141024 1.24813499e+01
6530.07759022 1.24746017e+01
6530.13377020 1.24774513e+01
6530.18995018 1.24592514e+01
6530.24613016 1.24528923e+01
6530.30231014 1.24458084e+01
6530.35849013 1.24434280e+01
6530.41467011 1.57012596e+01
6530.47085009 1.46993484e+01
6530.52703007 2.64304390e+01
6530.58321005 -4.76371765e+00
6530.63939003 6.96374893e+00
6530.69557002 1.53059654e+01
6530.75175000 6.35871887e-02
6530.80792998 -2.73320007e+00
6530.86410996 -1.51136742e+01
6530.92028994 1.64440155e+00
6530.97646992 -1.54544811e+01
6531.03264991 1.98410797e+01
6531.08882989 2.27742386e+00
6531.14500987 1.29602814e+00
6531.20118985 -3.78460884e+00
6531.25736983 1.36063614e+01
6531.31354981 1.32436867e+01
6531.36972980 -8.84204865e+00
6531.42590978 -1.10432701e+01
6531.48208976 3.89743919e+01
6531.53826974 -6.85601616e+00
6531.59444972 -3.81125565e+01
6531.65062970 1.28036575e+01
6531.70680968 1.68731594e+01
6531.76298967 4.21091843e+00
6531.81916965 -2.74851608e+00
6531.87534963 -5.37368011e+00
6531.93152961 -1.19551277e+01
6531.98770959 -2.20626640e+01
6532.04388957 -3.01109791e+01
6532.10006956 -1.02763214e+01
6532.15624954 1.10189056e+00
6532.21242952 -2.97765884e+01
6532.26860950 -2.65608711e+01
6532.32478948 -2.70045204e+01
6532.38096946 -2.69431686e+00
6532.43714945 1.10783081e+01
6532.49332943 -2.26171913e+01
6532.54950941 -3.32722473e+00
6532.60568939 1.25764809e+01
6532.66186937 1.32690811e+01
6532.71804935 3.30768585e-01
6532.77422934 -1.63932190e+01
6532.83040932 -2.48408661e+01
6532.88658930 1.63780212e-01
6532.94276928 -2.52244358e+01
6532.99894926 6.70278549e+00
6533.05512924 5.50731277e+00
6533.11130923 -2.17755127e+01
6533.16748921 2.54307747e+01
6533.22366919 1.57446671e+01
6533.27984917 1.61435280e+01
6533.33602915 -4.72091675e+00
6533.39220913 -1.34743271e+01
6533.44838911 1.84902344e+01
6533.50456910 2.06048203e+01
6533.56074908 2.81509018e+00
6533.61692906 -1.88385715e+01
6533.67310904 -1.85286064e+01
6533.72928902 -6.69985580e+00
6533.78546900 -1.74785767e+01
6533.84164899 1.42467461e+01
6533.89782897 1.54528008e+01
6533.95400895 8.01843643e+00
6534.01018893 -1.76764927e+01
6534.06636891 -1.23371277e+01
6534.12254889 4.02205276e+01
6534.17872888 -2.41598129e+00
6534.23490886 -1.00394173e+01
6534.29108884 -2.08418655e+00
6534.34726882 9.37247849e+00
6534.40344880 -3.11626434e+00
6534.45962878 2.97876358e+00
6534.51580877 4.76683350e+01
6534.57198875 -5.01383209e+00
6534.62816873 -1.46007233e+01
6534.68434871 1.81496811e+00
6534.74052869 4.58053207e+00
6534.79670867 2.88932991e+01
6534.85288866 -1.54881287e+00
6534.90906864 -1.92921619e+01
6534.96524862 -3.34516907e+00
6535.02142860 2.52910995e+00
6535.07760858 -3.46381721e+01
6535.13378856 -2.73279800e+01
6535.18996854 4.95809555e+00
6535.24614853 6.84188843e+00
6535.30232851 5.55682106e+01
6535.35850849 -1.36531906e+01
6535.41468847 -1.02290726e+01
6535.47086845 -4.13856888e+01
6535.52704843 1.30944443e+01
6535.58322842 9.43964767e+00
6535.63940840 1.70364799e+01
6535.69558838 1.39790154e+00
6535.75176836 -3.19837189e+01
6535.80794834 2.63560867e+01
6535.86412832 -2.29156532e+01
6535.92030831 -3.79955559e+01
6535.97648829 2.62750893e+01
6536.03266827 5.11140060e+00
6536.08884825 -8.29826355e-01
6536.14502823 1.52397118e+01
6536.20120821 -3.41809845e+00
6536.25738820 -1.04894485e+01
6536.31356818 -1.83288841e+01
6536.36974816 -2.34814949e+01
6536.42592814 -2.10473862e+01
6536.48210812 -1.36214218e+01
6536.53828810 7.31456375e+00
6536.59446809 2.83805046e+01
6536.65064807 -4.19101181e+01
6536.70682805 -9.46220779e+00
6536.76300803 1.83729744e+01
6536.81918801 4.84009666e+01
6536.87536799 2.92849503e+01
6536.93154798 6.80740356e+00
6536.98772796 2.55497742e+00
6537.04390794 1.00663338e+01
6537.10008792 -8.86309433e+00
6537.15626790 -2.04834595e+01
6537.21244788 -1.78023834e+01
6537.26862786 6.13258018e+01
6537.32480785 4.24126091e+01
6537.38098783 1.66536140e+01
6537.43716781 2.48612976e+00
6537.49334779 -2.39054604e+01
6537.54952777 -2.68371201e+00
6537.60570775 4.02130318e+01
6537.66188774 2.26877823e+01
6537.71806772 1.21415939e+01
6537.77424770 2.93959503e+01
6537.83042768 2.19848633e-01
6537.88660766 1.83166733e+01
6537.94278764 -6.42459641e+01
6537.99896763 -1.98562279e+01
6538.05514761 2.98111801e+01
6538.11132759 2.29440384e+01
6538.16750757 -4.32162209e+01
6538.22368755 2.67199211e+01
6538.27986753 1.84895401e+01
6538.33604752 4.95499191e+01
6538.39222750 1.90992203e+01
6538.44840748 -3.05130615e+01
6538.50458746 -1.88285828e+00
6538.56076744 4.02586212e+01
6538.61694742 -1.04869232e+01
6538.67312741 6.34774780e+00
6538.72930739 7.76637268e+00
6538.78548737 5.27223778e+01
6538.84166735 4.24195862e+00
6538.89784733 8.90127945e+00
6538.95402731 1.97397270e+01
6539.01020729 -1.09392967e+01
6539.06638728 4.18749886e+01
6539.12256726 3.17793884e+01
6539.17874724 1.67174072e+01
6539.23492722 -5.14710617e+00
6539.29110720 9.54377365e+00
6539.34728718 1.75766830e+01
6539.40346717 2.27176399e+01
6539.45964715 2.42668533e+01
6539.51582713 -9.42606735e+00
6539.57200711 -2.23196068e+01
6539.62818709 -1.23087234e+01
6539.68436707 -3.06765366e+00
6539.74054706 -6.02001190e-01
6539.79672704 -2.33267860e+01
6539.85290702 -4.43265533e+00
6539.90908700 5.01202393e+00
6539.96526698 3.07226868e+01
6540.02144696 -2.44036255e+01
6540.07762695 -6.95698547e+00
6540.13380693 2.05895882e+01
6540.18998691 -1.71584778e+01
6540.24616689 3.19618988e+00
6540.30234687 1.49933319e+01
6540.35852685 1.70038605e+01
6540.41470684 -1.39559937e+00
6540.47088682 1.55600128e+01
6540.52706680 3.99248123e+01
6540.58324678 2.29209137e+00
6540.63942676 -1.20942001e+01
6540.69560674 5.89508820e+00
6540.75178672 3.20958138e+01
6540.80796671 -3.06896782e+01
6540.86414669 5.55914688e+00
6540.92032667 2.21625175e+01
6540.97650665 2.21310310e+01
6541.03268663 1.58885536e+01
6541.08886661 2.37113495e+01
6541.14504660 -9.33584976e+00
6541.20122658 1.56304932e+00
6541.25740656 -3.39550781e+00
6541.31358654 -2.15965004e+01
6541.36976652 -7.51435852e+00
6541.42594650 -2.05338898e+01
6541.48212649 -1.20680313e+01
6541.53830647 5.04613914e+01
6541.59448645 5.06862717e+01
6541.65066643 5.33675003e+00
6541.70684641 1.27542114e+01
6541.76302639 4.04100685e+01
6541.81920638 1.55037460e+01
6541.87538636 -2.77594604e+01
6541.93156634 1.07806778e+00
6541.98774632 3.08361053e+00
6542.04392630 -2.48295498e+01
6542.10010628 -1.04526615e+01
6542.15628627 4.30886803e+01
6542.21246625 1.36730003e+01
6542.26864623 8.86503220e+00
6542.32482621 -1.95273209e+00
6542.38100619 9.58336258e+00
6542.43718617 -1.95863724e+00
6542.49336615 1.23514175e+00
6542.54954614 7.23931885e+00
6542.60572612 1.49626923e+00
6542.66190610 -2.38335686e+01
6542.71808608 2.34630203e+01
6542.77426606 1.40113525e+01
6542.83044604 2.45092621e+01
6542.88662603 3.91530800e+01
6542.94280601 -1.25723839e+01
6542.99898599 -1.70643234e+01
6543.05516597 1.21188164e+01
6543.11134595 -1.09104538e+00
6543.16752593 -2.15870209e+01
6543.22370592 3.38162384e+01
6543.27988590 3.64271049e+01
6543.33606588 -2.39583778e+01
6543.39224586 -1.86097183e+01
6543.44842584 1.13794250e+01
6543.50460582 1.61911507e+01
6543.56078581 2.96561775e+01
6543.61696579 -5.60990524e+00
6543.67314577 -1.11160278e+01
6543.72932575 2.30068512e+01
6543.78550573 2.63808136e+01
6543.84168571 -1.91769638e+01
6543.89786570 -3.77165222e+00
6543.95404568 5.45080566e+00
6544.01022566 -1.87842903e+01
6544.06640564 1.11940002e+00
6544.12258562 1.14080658e+01
6544.17876560 6.82549744e+01
6544.23494559 -6.94237900e+00
6544.29112557 2.28296547e+01
6544.34730555 -2.28417397e+01
6544.40348553 -2.32108059e+01
6544.45966551 -4.11083221e-01
6544.51584549 9.94213867e+00
6544.57202547 -6.47163391e-01
6544.62820546 -1.18495941e-01
6544.68438544 -1.75383377e+00
6544.74056542 -4.69297333e+01
6544.79674540 -1.57053757e+00
6544.85292538 -7.16756058e+00
6544.90910536 4.24614334e+00
6544.96528535 4.36133957e+00
6545.02146533 1.87946243e+01
6545.07764531 3.18500595e+01
6545.13382529 1.59358101e+01
6545.19000527 -2.75699997e+00
6545.24618525 -5.90605164e+00
6545.30236524 -2.95672226e+01
6545.35854522 -1.68471470e+01
6545.41472520 1.81553650e+01
6545.47090518 3.06115837e+01
6545.52708516 -2.32008762e+01
6545.58326514 1.18544197e+01
6545.63944513 1.08734665e+01
6545.69562511 -3.04103317e+01
6545.75180509 -2.10343113e+01
6545.80798507 -1.59236565e+01
6545.86416505 7.91244507e-02
6545.92034503 2.25451965e+01
6545.97652502 2.38671455e+01
6546.03270500 -3.16078186e+00
6546.08888498 7.17649841e+00
6546.14506496 2.58406830e+01
6546.20124494 1.61511002e+01
6546.25742492 1.49894142e+01
6546.31360490 -1.10700645e+01
6546.36978489 1.96447372e+00
6546.42596487 1.11702843e+01
6546.48214485 2.41633530e+01
6546.53832483 1.35050774e+01
6546.59450481 1.26237869e+00
6546.65068479 4.04277687e+01
6546.70686478 1.50704460e+01
6546.76304476 1.08430023e+01
6546.81922474 1.88972778e+01
6546.87540472 3.79599266e+01
6546.93158470 1.92139435e+01
6546.98776468 1.21069450e+01
6547.04394467 1.85216522e+00
6547.10012465 1.93525963e+01
6547.15630463 1.25163536e+01
6547.21248461 2.85108185e+01
6547.26866459 3.95797386e+01
6547.32484457 1.60449219e+01
6547.38102456 2.61022186e+01
6547.43720454 1.35045700e+01
6547.49338452 2.48619308e+01
6547.54956450 1.12988968e+01
6547.60574448 4.67536926e+00
6547.66192446 2.89786377e+01
6547.71810445 7.69740601e+01
6547.77428443 5.49539490e+01
6547.83046441 3.05397415e+01
6547.88664439 6.63977432e+01
6547.94282437 4.30946236e+01
6547.99900435 6.60799713e+01
6548.05518433 6.71831665e+01
6548.11136432 3.20930023e+01
6548.16754430 7.03104248e+01
6548.22372428 3.84304428e+01
6548.27990426 3.21338577e+01
6548.33608424 3.12489395e+01
6548.39226422 3.84420395e+01
6548.44844421 3.91713142e+01
6548.50462419 3.66262016e+01
6548.56080417 3.30268974e+01
6548.61698415 6.33835602e+00
6548.67316413 2.16636543e+01
6548.72934411 -1.89352531e+01
6548.78552410 -1.05024796e+01
6548.84170408 1.46035423e+01
6548.89788406 2.58314362e+01
6548.95406404 3.84338684e+01
6549.01024402 2.17588387e+01
6549.06642400 8.02623367e+00
6549.12260399 -1.63037148e+01
6549.17878397 9.87577820e+00
6549.23496395 -2.59981995e+01
6549.29114393 -1.58882828e+01
6549.34732391 1.46727333e+01
6549.40350389 1.58145447e+01
6549.45968388 2.14031219e+01
6549.51586386 5.12042236e+00
6549.57204384 1.65757370e+00
6549.62822382 5.54208145e+01
6549.68440380 2.09434624e+01
6549.74058378 4.16042328e+00
6549.79676377 -1.10824471e+01
6549.85294375 1.74716568e+01
6549.90912373 4.38636551e+01
6549.96530371 9.70741653e+00
6550.02148369 -1.75176086e+01
6550.07766367 2.68543053e+01
6550.13384365 1.73754921e+01
6550.19002364 -1.51400642e+01
6550.24620362 7.34357452e+00
6550.30238360 3.25121460e+01
6550.35856358 5.48737946e+01
6550.41474356 3.35558281e+01
6550.47092354 -3.56805153e+01
6550.52710353 -3.55535583e+01
6550.58328351 3.53996887e+01
6550.63946349 7.14402008e+00
6550.69564347 1.78017731e+01
6550.75182345 6.41151810e+00
6550.80800343 5.82352448e+00
6550.86418342 2.77708092e+01
6550.92036340 4.54868164e+01
6550.97654338 2.03723640e+01
6551.03272336 5.21034241e+00
6551.08890334 -1.47563171e+00
6551.14508332 4.74399376e+01
6551.20126331 -9.52217102e+00
6551.25744329 -1.68838005e+01
6551.31362327 1.00610657e+01
6551.36980325 -2.07980194e+01
6551.42598323 3.84010315e+00
6551.48216321 3.30957184e+01
6551.53834320 -9.14337921e+00
6551.59452318 -1.21159515e+01
6551.65070316 1.17561340e+01
6551.70688314 -1.73607025e+01
6551.76306312 1.91782379e+01
6551.81924310 2.44570122e+01
6551.87542308 -2.50680542e+01
6551.93160307 -2.11858749e+01
6551.98778305 2.46186066e+00
6552.04396303 -1.65309372e+01
6552.10014301 4.89810944e+00
6552.15632299 -1.93625641e+01
6552.21250297 3.36617279e+01
6552.26868296 -2.23206291e+01
6552.32486294 9.84632111e+00
6552.38104292 -1.76462746e+01
6552.43722290 9.04272461e+00
6552.49340288 2.43235397e+00
6552.54958286 4.58608398e+01
6552.60576285 1.53735352e+00
6552.66194283 3.31244278e+00
6552.71812281 1.38828888e+01
6552.77430279 3.09511032e+01
6552.83048277 6.94908981e+01
6552.88666275 -3.20417099e+01
6552.94284274 1.75849991e+01
6552.99902272 3.19801216e+01
6553.05520270 7.22888947e+00
6553.11138268 -9.17520523e+00
6553.16756266 -4.38545380e+01
6553.22374264 -1.05389786e+00
6553.27992263 2.44839668e+01
6553.33610261 1.46898193e+01
6553.39228259 4.26823387e+01
6553.44846257 8.96831131e+00
6553.50464255 1.60147362e+01
6553.56082253 -6.75177002e+00
6553.61700251 4.12212372e+00
6553.67318250 3.94493027e+01
6553.72936248 1.21741562e+01
6553.78554246 6.48148346e+00
6553.84172244 -4.88255310e+00
6553.89790242 -1.69705200e+00
6553.95408240 1.61883354e+01
6554.01026239 -1.10383453e+01
6554.06644237 -6.05685425e+00
6554.12262235 3.84080811e+01
6554.17880233 7.97519226e+01
6554.23498231 9.85860062e+00
6554.29116229 -1.32786140e+01
6554.34734228 3.53771896e+01
6554.40352226 -2.49877930e+00
6554.45970224 1.19140396e+01
6554.51588222 2.78284760e+01
6554.57206220 2.50926247e+01
6554.62824218 6.17140961e+00
6554.68442217 1.14722519e+01
6554.74060215 1.34221420e+01
6554.79678213 -1.32919312e-01
6554.85296211 -5.93812943e+00
6554.90914209 2.16274719e+01
6554.96532207 2.68741379e+01
6555.02150206 8.33010483e+00
6555.07768204 2.94514809e+01
6555.13386202 -4.06496429e+00
6555.19004200 2.43885155e+01
6555.24622198 1.05559616e+01
6555.30240196 2.75747223e+01
6555.35858194 3.38337479e+01
6555.41476193 -9.86751556e-01
6555.47094191 4.18938675e+01
6555.52712189 2.14692612e+01
6555.58330187 2.97049332e+00
6555.63948185 -1.24172516e+01
6555.69566183 6.07893982e+01
6555.75184182 5.75701904e+00
6555.80802180 6.89558411e+00
6555.86420178 3.48878174e+01
6555.92038176 6.66777878e+01
6555.97656174 9.86551285e+00
6556.03274172 -1.24067574e+01
6556.08892171 1.06611977e+01
6556.14510169 3.26601410e+00
6556.20128167 1.56986885e+01
6556.25746165 3.57469597e+01
6556.31364163 2.44178810e+01
6556.36982161 3.31311493e+01
6556.42600160 6.67512131e+00
6556.48218158 5.17137146e+01
6556.53836156 1.80419769e+01
6556.59454154 2.92978020e+01
6556.65072152 6.79981689e+01
6556.70690150 4.33004189e+01
6556.76308149 5.33455925e+01
6556.81926147 4.42022018e+01
6556.87544145 3.20667496e+01
6556.93162143 9.67563629e+00
6556.98780141 2.87540207e+01
6557.04398139 2.29140816e+01
6557.10016138 -1.71833534e+01
6557.15634136 9.21516418e-02
6557.21252134 3.67813339e+01
6557.26870132 3.49420471e+01
6557.32488130 2.31286774e+01
6557.38106128 1.63883972e+00
6557.43724126 3.25306702e+00
6557.49342125 3.84859352e+01
6557.54960123 2.52603378e+01
6557.60578121 -1.95120659e+01
6557.66196119 -5.38166809e+00
6557.71814117 1.78501587e+01
6557.77432115 3.07335892e+01
6557.83050114 1.01767540e+01
6557.88668112 1.16393394e+01
6557.94286110 4.83540955e+01
6557.99904108 1.86460876e+01
6558.05522106 1.78024483e+01
6558.11140104 3.44634094e+01
6558.16758103 -1.75799141e+01
6558.22376101 3.77590179e+00
6558.27994099 2.91412201e+01
6558.33612097 1.98785667e+01
6558.39230095 3.93997307e+01
6558.44848093 1.07485733e+01
6558.50466092 6.36450195e+00
6558.56084090 4.94008827e+01
6558.61702088 1.90990067e+01
6558.67320086 3.82853508e+01
6558.72938084 2.33299904e+01
6558.78556082 2.62414322e+01
6558.84174081 -1.09799805e+01
6558.89792079 2.93507156e+01
6558.95410077 -1.42985535e+00
6559.01028075 3.84946823e+01
6559.06646073 3.66539001e+00
6559.12264071 5.33340149e+01
6559.17882069 4.29256096e+01
6559.23500068 5.82302284e+01
6559.29118066 3.16353455e+01
6559.34736064 -2.89071274e+00
6559.40354062 2.32892990e+01
6559.45972060 -1.62869415e+01
6559.51590058 2.29210014e+01
6559.57208057 3.19671631e+00
6559.62826055 -1.76646347e+01
6559.68444053 3.65486603e+01
6559.74062051 4.82362328e+01
6559.79680049 3.31511688e+00
6559.85298047 6.58528976e+01
6559.90916046 1.89386482e+01
6559.96534044 9.29665375e+00
6560.02152042 -8.24319077e+00
6560.07770040 -3.67917633e+00
6560.13388038 -2.24847794e+00
6560.19006036 4.06953125e+01
6560.24624035 -4.80657768e+01
6560.30242033 1.70627594e+01
6560.35860031 -2.00560455e+01
6560.41478029 -8.38136292e+00
6560.47096027 2.59630470e+01
6560.52714025 3.30723190e+01
6560.58332024 5.09684181e+01
6560.63950022 7.57709503e+00
6560.69568020 3.94853592e+01
6560.75186018 3.05090561e+01
6560.80804016 2.87679901e+01
6560.86422014 1.16707687e+01
6560.92040012 1.00052414e+02
6560.97658011 -4.45085526e+00
6561.03276009 7.71416321e+01
6561.08894007 5.29940529e+01
6561.14512005 3.19325447e+01
6561.20130003 5.80820236e+01
6561.25748001 6.78878250e+01
6561.31366000 1.08565071e+02
6561.36983998 1.14026642e+02
6561.42601996 1.02224167e+02
6561.48219994 1.01889748e+02
6561.53837992 1.22400070e+02
6561.59455990 9.70534668e+01
6561.65073989 1.57715500e+02
6561.70691987 1.81236710e+02
6561.76309985 2.74788391e+02
6561.81927983 2.70255981e+02
6561.87545981 2.95065430e+02
6561.93163979 3.16075256e+02
6561.98781978 4.24744019e+02
6562.04399976 4.65295715e+02
6562.10017974 6.44221619e+02
6562.15635972 6.68111267e+02
6562.21253970 8.53630615e+02
6562.26871968 9.37027100e+02
6562.32489967 1.04708484e+03
6562.38107965 1.19769568e+03
6562.43725963 1.44581555e+03
6562.49343961 1.48670288e+03
6562.54961959 1.64718347e+03
6562.60579957 1.85600134e+03
6562.66197956 1.96148462e+03
6562.71815954 2.07647974e+03
6562.77433952 2.00802295e+03
6562.83051950 2.07867847e+03
6562.88669948 2.06946313e+03
6562.94287946 2.03387793e+03
6562.99905944 1.88054321e+03
6563.05523943 1.76204675e+03
6563.11141941 1.51726050e+03
6563.16759939 1.28721436e+03
6563.22377937 1.21089417e+03
6563.27995935 1.02790588e+03
6563.33613933 8.24730347e+02
6563.39231932 7.04439697e+02
6563.44849930 5.64794617e+02
6563.50467928 4.68526459e+02
6563.56085926 3.93725250e+02
6563.61703924 3.48836182e+02
6563.67321922 2.50427368e+02
6563.72939921 2.00675797e+02
6563.78557919 1.89423172e+02
6563.84175917 1.30369858e+02
6563.89793915 7.45418701e+01
6563.95411913 1.07675812e+02
6564.01029911 5.31036377e+01
6564.06647910 6.49094238e+01
6564.12265908 7.98372803e+01
6564.17883906 4.09907227e+01
6564.23501904 5.40466232e+01
6564.29119902 3.95748291e+01
6564.34737900 2.31035461e+01
6564.40355899 -2.21557922e+01
6564.45973897 3.39627419e+01
6564.51591895 3.49730835e+01
6564.57209893 -2.00820389e+01
6564.62827891 6.02973175e+00
6564.68445889 2.04747162e+01
6564.74063887 -2.72685127e+01
6564.79681886 3.22141571e+01
6564.85299884 1.71962433e+01
6564.90917882 1.44856949e+01
6564.96535880 -9.82151031e+00
6565.02153878 1.88533707e+01
6565.07771876 -2.20410233e+01
6565.13389875 -6.22627258e-01
6565.19007873 5.78511810e+00
6565.24625871 5.30021667e+01
6565.30243869 -1.14103165e+01
6565.35861867 5.05335464e+01
6565.41479865 -8.51968384e+00
6565.47097864 3.73068733e+01
6565.52715862 4.40491028e+01
6565.58333860 3.27381248e+01
6565.63951858 6.79217911e+00
6565.69569856 4.84663544e+01
6565.75187854 3.50916328e+01
6565.80805853 -2.48008156e+01
6565.86423851 1.78745651e+01
6565.92041849 4.21562920e+01
6565.97659847 3.88148575e+01
6566.03277845 -3.33548431e+01
6566.08895843 3.02964020e+00
6566.14513842 1.43133545e+00
6566.20131840 1.41394234e+01
6566.25749838 -2.25860596e-01
6566.31367836 -8.32504272e-01
6566.36985834 -3.76843262e+00
6566.42603832 1.54767189e+01
6566.48221830 1.40944977e+01
6566.53839829 6.41116486e+01
6566.59457827 2.00754585e+01
6566.65075825 -3.04090385e+01
6566.70693823 2.24130936e+01
6566.76311821 -2.31999969e+01
6566.81929819 1.93175507e+01
6566.87547818 3.51732788e+01
6566.93165816 -2.65020752e+00
6566.98783814 -1.62563019e+01
6567.04401812 -1.10818405e+01
6567.10019810 -9.18377686e+00
6567.15637808 -2.26506805e+00
6567.21255807 2.16517220e+01
6567.26873805 6.85666046e+01
6567.32491803 1.27841949e+01
6567.38109801 7.60480499e+00
6567.43727799 1.59715271e+00
6567.49345797 -2.38992157e+01
6567.54963796 -1.98937988e+00
6567.60581794 3.61141739e+01
6567.66199792 6.73804626e+01
6567.71817790 -1.04044685e+01
6567.77435788 -1.27462769e+00
6567.83053786 4.82113914e+01
6567.88671785 -3.68887177e+01
6567.94289783 -8.84653473e+00
6567.99907781 2.61083946e+01
6568.05525779 4.70951385e+01
6568.11143777 1.71637650e+01
6568.16761775 3.39819336e+00
6568.22379773 -2.44168816e+01
6568.27997772 1.62455368e+01
6568.33615770 3.07857666e+01
6568.39233768 5.05811386e+01
6568.44851766 -2.47893829e+01
6568.50469764 -7.07914734e+00
6568.56087762 3.57291870e+01
6568.61705761 4.10522346e+01
6568.67323759 6.52394867e+00
6568.72941757 1.06550980e+01
6568.78559755 -4.08785706e+01
6568.84177753 1.05448608e+01
6568.89795751 5.11091576e+01
6568.95413750 1.09883690e+01
6569.01031748 8.12339020e+00
6569.06649746 8.49004745e+00
6569.12267744 -9.24068451e+00
6569.17885742 3.26109200e+01
6569.23503740 3.30580406e+01
6569.29121739 2.26693306e+01
6569.34739737 2.20952072e+01
6569.40357735 1.73509216e+01
6569.45975733 1.66678619e+00
6569.51593731 6.96115494e+00
6569.57211729 9.68779755e+00
6569.62829728 1.22276306e+00
6569.68447726 1.32673912e+01
6569.74065724 1.45154877e+01
6569.79683722 9.02214813e+00
6569.85301720 -3.53702431e+01
6569.90919718 -1.39309311e+01
6569.96537717 1.44478912e+01
6570.02155715 3.39703064e+01
6570.07773713 2.54308167e+01
6570.13391711 1.58894043e+01
6570.19009709 -3.26838684e+00
6570.24627707 -2.99667549e+01
6570.30245705 4.45287323e+00
6570.35863704 5.47306061e+00
6570.41481702 1.53651810e+01
6570.47099700 2.37218704e+01
6570.52717698 -4.65273285e+00
6570.58335696 2.12640381e+00
6570.63953694 1.60310059e+01
6570.69571693 -1.35003662e+00
6570.75189691 -3.44074669e+01
6570.80807689 -3.37948418e+01
6570.86425687 3.01866837e+01
6570.92043685 -2.67493210e+01
6570.97661683 2.84378319e+01
6571.03279682 -1.04074097e+00
6571.08897680 -3.45930481e+00
6571.14515678 -2.79563599e+01
6571.20133676 -2.66595726e+01
6571.25751674 3.73987579e+01
6571.31369672 3.73379402e+01
6571.36987671 -5.62042236e-01
6571.42605669 -7.19351196e+00
6571.48223667 -3.26304626e+00
6571.53841665 1.90984497e+01
6571.59459663 1.22128143e+01
6571.65077661 -2.06605148e+01
6571.70695660 2.52356720e+01
6571.76313658 -1.30871239e+01
6571.81931656 1.21558189e+01
6571.87549654 -1.28092804e+01
6571.93167652 9.17298889e+00
6571.98785650 -2.89102554e+01
6572.04403648 3.00384521e-01
6572.10021647 2.44837570e+01
6572.15639645 1.55226593e+01
6572.21257643 1.08713150e+01
6572.26875641 4.59028625e+01
6572.32493639 -7.51881790e+00
6572.38111637 1.94847565e+01
6572.43729636 7.55770798e+01
6572.49347634 -7.65414429e+00
6572.54965632 -1.99147415e+00
6572.60583630 -9.87152100e+00
6572.66201628 -2.57519951e+01
6572.71819626 -1.53634834e+01
6572.77437625 2.41823196e+01
6572.83055623 2.61152115e+01
6572.88673621 -1.18522186e+01
6572.94291619 1.60406113e+01
6572.99909617 -1.37826653e+01
6573.05527615 2.12224884e+01
6573.11145614 3.29026413e+01
6573.16763612 -3.16871643e+00
6573.22381610 7.46322174e+01
6573.27999608 4.69524536e+01
6573.33617606 5.52283554e+01
6573.39235604 6.06600189e+00
6573.44853603 -8.87130737e+00
6573.50471601 -1.12429504e+01
6573.56089599 3.85873260e+01
6573.61707597 3.31578407e+01
6573.67325595 -2.54910736e+01
6573.72943593 1.08250237e+01
6573.78561591 9.92745590e+00
6573.84179590 5.00488281e+00
6573.89797588 1.73973808e+01
6573.95415586 -5.57654572e+00
6574.01033584 1.06449661e+01
6574.06651582 4.93596611e+01
6574.12269580 -1.10589981e+00
6574.17887579 4.92116928e+00
6574.23505577 -1.01505280e+00
6574.29123575 1.16797638e+00
6574.34741573 1.16821060e+01
6574.40359571 1.18329506e+01
6574.45977569 -1.99743881e+01
6574.51595568 -1.28784180e-01
6574.57213566 1.36392899e+01
6574.62831564 -1.77421227e+01
6574.68449562 -2.54568329e+01
6574.74067560 -6.18708801e+00
6574.79685558 7.23740387e+00
6574.85303557 1.20729713e+01
6574.90921555 -1.66804771e+01
6574.96539553 1.86615067e+01
6575.02157551 -1.10810204e+01
6575.07775549 -1.36879616e+01
6575.13393547 -1.10156403e+01
6575.19011546 5.66380310e+00
6575.24629544 -1.77612038e+01
6575.30247542 -9.73662567e+00
6575.35865540 5.23376465e-03
6575.41483538 -4.09091454e+01
6575.47101536 -6.83499146e+00
6575.52719534 2.04549408e+00
6575.58337533 1.37098999e+01
6575.63955531 4.67802887e+01
6575.69573529 2.04440765e+01
6575.75191527 -5.37265778e+00
6575.80809525 3.17134323e+01
6575.86427523 2.63423767e+01
6575.92045522 -1.81477203e+01
6575.97663520 -1.30744705e+01
6576.03281518 2.98489609e+01
6576.08899516 4.81518555e+00
6576.14517514 -3.09820213e+01
6576.20135512 -1.84652519e+01
6576.25753511 7.20674133e+00
6576.31371509 2.45930710e+01
6576.36989507 -1.27038193e+01
6576.42607505 5.41417389e+01
6576.48225503 5.56066895e+01
6576.53843501 5.26571159e+01
6576.59461500 2.03352509e+01
6576.65079498 1.48166275e+00
6576.70697496 -1.77388000e+00
6576.76315494 -7.34093475e+00
6576.81933492 -3.80145264e+00
6576.87551490 -2.78879356e+01
6576.93169489 -9.58672333e+00
6576.98787487 -1.16691666e+01
6577.04405485 1.25174561e+01
6577.10023483 4.26047859e+01
6577.15641481 1.75866432e+01
6577.21259479 -2.21439323e+01
6577.26877478 3.20267448e+01
6577.32495476 2.26252747e+00
6577.38113474 1.84761353e+01
6577.43731472 6.26935120e+01
6577.49349470 1.51780205e+01
6577.54967468 -6.17702446e+01
6577.60585466 -4.61706009e+01
6577.66203465 2.47222824e+01
6577.71821463 3.99830208e+01
6577.77439461 8.78993988e+00
6577.83057459 5.84820557e+00
6577.88675457 -2.22204514e+01
6577.94293455 -9.51913834e+00
6577.99911454 -5.67774963e+00
6578.05529452 1.24345398e+00
6578.11147450 4.68490982e+00
6578.16765448 7.53753662e+00
6578.22383446 7.25479889e+00
6578.28001444 -2.01065063e+00
6578.33619443 2.41397247e+01
6578.39237441 1.30247726e+01
6578.44855439 -2.55261269e+01
6578.50473437 2.83986893e+01
6578.56091435 1.43544617e+01
6578.61709433 -2.98945274e+01
6578.67327432 -6.44057083e+00
6578.72945430 -2.56384659e+00
6578.78563428 1.30417862e+01
6578.84181426 -5.37349319e+00
6578.89799424 2.84648628e+01
6578.95417422 -1.79157257e+00
6579.01035421 -2.10155640e+01
6579.06653419 -2.05693817e+00
6579.12271417 4.40439606e+00
6579.17889415 1.70435905e+01
6579.23507413 -5.33311844e+00
6579.29125411 2.11163559e+01
6579.34743409 3.88248215e+01
6579.40361408 -2.44724274e+00
6579.45979406 -8.85091782e+00
6579.51597404 2.53644257e+01
6579.57215402 3.22603531e+01
6579.62833400 3.09678154e+01
6579.68451398 2.62230225e+01
6579.74069397 3.78647919e+01
6579.79687395 1.69475021e+01
6579.85305393 1.21539230e+01
6579.90923391 1.63804932e+01
6579.96541389 4.08731689e+01
6580.02159387 2.88943405e+01
6580.07777386 4.48390045e+01
6580.13395384 3.33762054e+01
6580.19013382 6.02780151e+00
6580.24631380 -2.78291206e+01
6580.30249378 -1.76605225e+00
6580.35867376 -2.59542961e+01
6580.41485375 -2.17172432e+01
6580.47103373 -4.13923264e+00
6580.52721371 2.57675476e+01
6580.58339369 2.06876526e+01
6580.63957367 -1.14778671e+01
6580.69575365 2.86890221e+01
6580.75193364 5.43076324e+00
6580.80811362 1.62725410e+01
6580.86429360 -9.29332733e+00
6580.92047358 7.09791565e+00
6580.97665356 -1.23067780e+01
6581.03283354 4.11097717e+00
6581.08901352 1.88528442e+01
6581.14519351 5.19217758e+01
6581.20137349 -9.63040924e+00
6581.25755347 -3.76817322e+00
6581.31373345 -1.43539124e+01
6581.36991343 2.67236328e+01
6581.42609341 -2.32144127e+01
6581.48227340 -1.96501923e+00
6581.53845338 -5.94315338e+00
6581.59463336 5.75270081e+01
6581.65081334 2.49230957e+00
6581.70699332 -9.09268951e+00
6581.76317330 1.91999359e+01
6581.81935329 1.23523331e+01
6581.87553327 -1.40411224e+01
6581.93171325 4.12212372e+00
6581.98789323 -8.43729401e+00
6582.04407321 7.83025360e+00
6582.10025319 1.20310440e+01
6582.15643318 2.91901207e+01
6582.21261316 5.40506363e+00
6582.26879314 1.00358963e+00
6582.32497312 -1.58936882e+01
6582.38115310 1.19854736e+01
6582.43733308 -1.73111115e+01
6582.49351307 -2.49285583e+01
6582.54969305 -1.58471451e+01
6582.60587303 -7.00716400e+00
6582.66205301 2.09698639e+01
6582.71823299 -7.47552490e+00
6582.77441297 -7.84670639e+00
6582.83059296 2.59706497e+01
6582.88677294 1.26845322e+01
6582.94295292 5.09615784e+01
6582.99913290 2.19062309e+01
6583.05531288 4.89046364e+01
6583.11149286 4.50725555e+01
6583.16767284 2.81706123e+01
6583.22385283 5.05878448e+01
6583.28003281 5.12381058e+01
6583.33621279 7.19775620e+01
6583.39239277 9.47685242e+00
6583.44857275 6.27278252e+01
6583.50475273 1.22297905e+02
6583.56093272 6.97804871e+01
6583.61711270 3.18489494e+01
6583.67329268 8.81835098e+01
6583.72947266 1.66571808e+01
6583.78565264 5.36722450e+01
6583.84183262 5.38427734e+01
6583.89801261 1.22258224e+01
6583.95419259 1.57095032e+01
6584.01037257 5.49781036e+00
6584.06655255 -1.62079620e+00
6584.12273253 3.23025970e+01
6584.17891251 -2.32947159e+00
6584.23509250 -2.50053406e+00
6584.29127248 8.68058014e+00
6584.34745246 5.89994926e+01
6584.40363244 2.07220459e+01
6584.45981242 1.07956924e+01
6584.51599240 2.23217316e+01
6584.57217239 2.93526115e+01
6584.62835237 -9.42718124e+00
6584.68453235 -3.04094353e+01
6584.74071233 1.09011383e+01
6584.79689231 -2.75147972e+01
6584.85307229 2.55816460e+01
6584.90925227 3.68320312e+01
6584.96543226 -2.63603668e+01
6585.02161224 -2.48152924e+00
6585.07779222 -1.29167690e+01
6585.13397220 8.95259857e+00
6585.19015218 2.20576134e+01
6585.24633216 1.47760582e+01
6585.30251215 1.11194820e+01
6585.35869213 1.19456825e+01
6585.41487211 3.23763275e+00
6585.47105209 2.19386673e+00
6585.52723207 -1.58687706e+01
6585.58341205 3.76412735e+01
6585.63959204 1.33220596e+01
6585.69577202 -2.66413460e+01
6585.75195200 2.27174606e+01
6585.80813198 1.59681015e+01
6585.86431196 4.93564224e+00
6585.92049194 -1.36698761e+01
6585.97667193 1.21598206e+01
6586.03285191 5.48805618e+00
6586.08903189 -2.50005760e+01
6586.14521187 9.85324478e+00
6586.20139185 2.21523209e+01
6586.25757183 -4.11890755e+01
6586.31375182 9.42277145e+00
6586.36993180 7.12236786e+00
6586.42611178 -2.65329285e+01
