# Rest-frame spectrum generated from: N5204D0001o_1d.fits
# lambda_Ha_obs = 6568.15700000 Angstrom
# lambda_Ha_rest = 6562.80000000 Angstrom
# z_Ha = 8.1626744682e-04
# v_Ha_relativistic = 244.610950 km/s
# v_Ha_classical = 244.710824 km/s
# columns: wavelength_rest[Angstrom] flux_or_counts

6538.93006238 -2.25409622e+01
6538.98632000 -2.25418854e+01
6539.04257763 -2.25408020e+01
6539.09883525 -2.25445023e+01
6539.15509288 -2.25414276e+01
6539.21135050 -2.25402222e+01
6539.26760813 -2.25415878e+01
6539.32386575 -2.25285110e+01
6539.38012337 -2.25126648e+01
6539.43638100 -2.25028687e+01
6539.49263862 -2.24900818e+01
6539.54889625 -2.24795151e+01
6539.60515387 -2.24662094e+01
6539.66141150 -2.24547195e+01
6539.71766912 -2.24435577e+01
6539.77392675 -2.24305420e+01
6539.83018437 -2.24207001e+01
6539.88644200 -2.21803513e+01
6539.94269962 1.39707184e+00
6539.99895724 2.72140884e+01
6540.05521487 -6.58727264e+00
6540.11147249 2.54027557e+00
6540.16773012 2.08019524e+01
6540.22398774 4.66155472e+01
6540.28024537 -2.49945755e+01
6540.33650299 4.08978157e+01
6540.39276062 -1.10585251e+01
6540.44901824 3.83808517e+01
6540.50527587 1.06818123e+01
6540.56153349 -1.03878708e+01
6540.61779111 -2.74145584e+01
6540.67404874 2.08264122e+01
6540.73030636 -3.64398651e+01
6540.78656399 -1.02962418e+01
6540.84282161 2.70184326e+01
6540.89907924 2.29831467e+01
6540.95533686 -2.06058350e+01
6541.01159449 3.37896881e+01
6541.06785211 7.05789642e+01
6541.12410974 1.68357887e+01
6541.18036736 2.26631165e+00
6541.23662499 5.09294395e+01
6541.29288261 4.33692093e+01
6541.34914023 6.26002121e+00
6541.40539786 -5.60850067e+01
6541.46165548 1.35342598e+00
6541.51791311 -3.52815247e+00
6541.57417073 -5.84386444e+00
6541.63042836 5.63463326e+01
6541.68668598 6.83542328e+01
6541.74294361 4.20322647e+01
6541.79920123 -1.24287052e+01
6541.85545886 -2.78197136e+01
6541.91171648 1.62902527e+01
6541.96797410 2.19493866e+00
6542.02423173 2.39704323e+01
6542.08048935 2.59560013e+01
6542.13674698 -1.45612602e+01
6542.19300460 6.70491562e+01
6542.24926223 5.28595848e+01
6542.30551985 -3.03931675e+01
6542.36177748 -7.03945160e-01
6542.41803510 -1.51671143e+01
6542.47429273 -1.01837921e+00
6542.53055035 3.13341904e+01
6542.58680797 -3.47246704e+01
6542.64306560 9.58126831e+00
6542.69932322 1.89307671e+01
6542.75558085 3.17426949e+01
6542.81183847 3.72080765e+01
6542.86809610 -3.09773750e+01
6542.92435372 -8.91838074e-01
6542.98061135 6.18058167e+01
6543.03686897 -6.91798096e+01
6543.09312660 -9.30839157e+00
6543.14938422 2.74712372e+00
6543.20564184 3.05654984e+01
6543.26189947 -3.40021515e+00
6543.31815709 -4.09883881e+00
6543.37441472 4.07595100e+01
6543.43067234 1.21544037e+01
6543.48692997 -9.57720184e+00
6543.54318759 -2.44871140e+00
6543.59944522 2.52149200e+00
6543.65570284 2.16707230e+01
6543.71196047 3.62194290e+01
6543.76821809 3.52331200e+01
6543.82447572 5.40471573e+01
6543.88073334 1.81356430e+01
6543.93699096 1.24087868e+01
6543.99324859 6.91349030e+00
6544.04950621 5.23109436e-01
6544.10576384 2.55259247e+01
6544.16202146 3.56551743e+01
6544.21827909 -1.01220322e+00
6544.27453671 4.01966858e+01
6544.33079434 2.00296974e+01
6544.38705196 -2.27042503e+01
6544.44330959 1.80510330e+00
6544.49956721 2.56501884e+01
6544.55582483 1.52340698e+00
6544.61208246 -5.07266998e-01
6544.66834008 -1.39603348e+01
6544.72459771 2.16637840e+01
6544.78085533 1.07925415e+00
6544.83711296 3.01065826e+00
6544.89337058 -1.07516632e+01
6544.94962821 -7.30232620e+00
6545.00588583 -5.25474930e+00
6545.06214346 -3.55033989e+01
6545.11840108 -3.92365646e+01
6545.17465870 4.10280304e+01
6545.23091633 5.77133865e+01
6545.28717395 -1.71657181e+01
6545.34343158 4.40322876e-01
6545.39968920 1.94151344e+01
6545.45594683 3.09347763e+01
6545.51220445 1.50811539e+01
6545.56846208 3.06414642e+01
6545.62471970 1.07318726e+01
6545.68097733 3.62990456e+01
6545.73723495 2.48117409e+01
6545.79349257 1.91277809e+01
6545.84975020 1.37319565e+00
6545.90600782 -1.69276047e+01
6545.96226545 -1.93038483e+01
6546.01852307 -5.86115265e+00
6546.07478070 -1.15867233e+00
6546.13103832 -4.50553131e+00
6546.18729595 -4.21273041e+01
6546.24355357 2.83430061e+01
6546.29981120 1.40531616e+01
6546.35606882 -2.55507317e+01
6546.41232645 -4.36821747e+00
6546.46858407 -1.62219467e+01
6546.52484169 -4.52230186e+01
6546.58109932 4.12672119e+01
6546.63735694 -1.41461906e+01
6546.69361457 -4.31529388e+01
6546.74987219 -5.36461258e+00
6546.80612982 6.35307312e-01
6546.86238744 -2.30563889e+01
6546.91864507 1.23373871e+01
6546.97490269 3.34881630e+01
6547.03116032 2.92338142e+01
6547.08741794 -1.49496803e+01
6547.14367556 6.59084778e+01
6547.19993319 -2.05500565e+01
6547.25619081 1.54069824e+01
6547.31244844 5.51754494e+01
6547.36870606 4.44054031e+01
6547.42496369 2.08447914e+01
6547.48122131 1.14783287e+01
6547.53747894 8.33332214e+01
6547.59373656 5.90633163e+01
6547.64999419 8.84883575e+01
6547.70625181 2.83498001e+01
6547.76250943 5.06362915e-01
6547.81876706 3.10620880e+01
6547.87502468 7.61508179e+01
6547.93128231 9.06370087e+01
6547.98753993 5.05174255e+01
6548.04379756 3.35061646e+01
6548.10005518 9.74634399e+01
6548.15631281 4.13591003e+01
6548.21257043 5.89774475e+01
6548.26882806 9.24291077e+01
6548.32508568 6.51555328e+01
6548.38134330 4.90917892e+01
6548.43760093 1.64244461e+01
6548.49385855 2.89621887e+01
6548.55011618 5.41515350e+01
6548.60637380 2.71163101e+01
6548.66263143 -1.08568840e+01
6548.71888905 -2.85668144e+01
6548.77514668 -1.19650803e+01
6548.83140430 1.49243851e+01
6548.88766193 3.71602516e+01
6548.94391955 1.21120834e+00
6549.00017718 2.86528244e+01
6549.05643480 3.98786812e+01
6549.11269242 2.84539719e+01
6549.16895005 -1.27597351e+01
6549.22520767 2.30802727e+01
6549.28146530 3.10295525e+01
6549.33772292 1.96060181e+01
6549.39398055 5.74403763e+00
6549.45023817 4.06396942e+01
6549.50649580 5.02782288e+01
6549.56275342 3.44695053e+01
6549.61901105 4.58595924e+01
6549.67526867 5.41946030e+01
6549.73152629 -2.42616043e+01
6549.78778392 -5.35065155e+01
6549.84404154 -5.07362823e+01
6549.90029917 3.21101112e+01
6549.95655679 3.73995972e+01
6550.01281442 4.24999504e+01
6550.06907204 -3.07218323e+01
6550.12532967 -3.92772369e+01
6550.18158729 4.80658722e+01
6550.23784492 3.63341675e+01
6550.29410254 1.31795731e+01
6550.35036016 -3.59488754e+01
6550.40661779 3.32562637e+00
6550.46287541 4.62385979e+01
6550.51913304 2.15540619e+01
6550.57539066 1.52472610e+01
6550.63164829 1.58516502e+01
6550.68790591 2.45346603e+01
6550.74416354 1.94468422e+01
6550.80042116 4.69237289e+01
6550.85667879 -2.73243713e+00
6550.91293641 3.76615562e+01
6550.96919403 2.36740379e+01
6551.02545166 -7.53578186e+00
6551.08170928 3.08030396e+01
6551.13796691 -2.67626495e+01
6551.19422453 4.39515076e+01
6551.25048216 2.88043709e+01
6551.30673978 -2.54444313e+01
6551.36299741 -2.53215027e+01
6551.41925503 1.94824219e+01
6551.47551266 1.90850601e+01
6551.53177028 5.16574554e+01
6551.58802791 7.26664276e+01
6551.64428553 -2.04240799e+01
6551.70054315 8.17837524e+00
6551.75680078 4.26723289e+01
6551.81305840 3.84393654e+01
6551.86931603 2.58844986e+01
6551.92557365 3.20206871e+01
6551.98183128 3.60450745e-01
6552.03808890 -1.67214813e+01
6552.09434653 2.26332130e+01
6552.15060415 1.44043503e+01
6552.20686178 -8.19272995e+00
6552.26311940 1.98209000e+01
6552.31937702 1.57284927e+01
6552.37563465 -9.03032684e+00
6552.43189227 5.60811615e+01
6552.48814990 4.68425446e+01
6552.54440752 -7.67774963e+00
6552.60066515 -2.67331467e+01
6552.65692277 -2.70351257e+01
6552.71318040 2.29801636e+01
6552.76943802 7.50696182e+01
6552.82569565 5.56250420e+01
6552.88195327 1.12564163e+01
6552.93821089 -1.21604462e+01
6552.99446852 2.20114899e+01
6553.05072614 6.57757416e+01
6553.10698377 -2.15968857e+01
6553.16324139 5.14152527e-01
6553.21949902 3.16413155e+01
6553.27575664 2.08453751e+00
6553.33201427 3.55274963e+00
6553.38827189 -1.99721947e+01
6553.44452952 -3.49477158e+01
6553.50078714 -2.82028503e+01
6553.55704476 6.84095001e+01
6553.61330239 3.97351036e+01
6553.66956001 2.07769089e+01
6553.72581764 1.52453308e+01
6553.78207526 -6.61667633e+00
6553.83833289 7.55797958e+00
6553.89459051 1.06114273e+01
6553.95084814 2.26945686e+01
6554.00710576 -1.54497833e+01
6554.06336339 -1.56030273e+00
6554.11962101 -3.05320358e+01
6554.17587864 1.80352898e+01
6554.23213626 1.04097961e+02
6554.28839388 2.07417297e+01
6554.34465151 8.34172821e+00
6554.40090913 -1.68314743e+01
6554.45716676 1.82033043e+01
6554.51342438 3.96809387e+01
6554.56968201 -5.78067017e+00
6554.62593963 2.68149452e+01
6554.68219726 -9.77422333e+00
6554.73845488 -8.88388062e+00
6554.79471251 -6.54333115e+00
6554.85097013 3.58495712e+01
6554.90722775 -6.37343597e+00
6554.96348538 -1.85896492e+01
6555.01974300 1.81839180e+01
6555.07600063 -4.88211060e+00
6555.13225825 -1.73294830e+00
6555.18851588 -5.21810913e+00
6555.24477350 1.95801086e+01
6555.30103113 3.20238686e+01
6555.35728875 2.33985367e+01
6555.41354638 1.08349304e+01
6555.46980400 -2.03556786e+01
6555.52606162 1.23899002e+01
6555.58231925 -1.65696335e+00
6555.63857687 1.39932632e+00
6555.69483450 -1.85926971e+01
6555.75109212 4.88929939e+01
6555.80734975 4.44441948e+01
6555.86360737 2.94759445e+01
6555.91986500 9.93599319e+00
6555.97612262 1.35995445e+01
6556.03238025 6.10702629e+01
6556.08863787 -2.61177826e+00
6556.14489549 -3.87723541e+00
6556.20115312 -5.30374146e+00
6556.25741074 5.74791718e+00
6556.31366837 4.31145973e+01
6556.36992599 2.21697998e+00
6556.42618362 -2.03821449e+01
6556.48244124 -4.90826416e+00
6556.53869887 -6.67105103e+00
6556.59495649 1.36303940e+01
6556.65121412 7.28268967e+01
6556.70747174 1.95589447e+00
6556.76372937 2.72406387e+00
6556.81998699 4.66287346e+01
6556.87624461 2.91568069e+01
6556.93250224 6.28114777e+01
6556.98875986 1.64113693e+01
6557.04501749 7.94997406e+00
6557.10127511 2.05744781e+01
6557.15753274 3.67957306e+01
6557.21379036 2.53965912e+01
6557.27004799 4.87177734e+01
6557.32630561 2.98841400e+01
6557.38256324 2.32604828e+01
6557.43882086 7.14733887e+01
6557.49507848 1.31629639e+01
6557.55133611 -9.76690674e+00
6557.60759373 2.34657593e+01
6557.66385136 3.00768509e+01
6557.72010898 4.95401573e+01
6557.77636661 -4.25240593e+01
6557.83262423 3.14133072e+01
6557.88888186 1.23540878e+00
6557.94513948 -5.30733910e+01
6558.00139711 9.48066711e+00
6558.05765473 5.01949234e+01
6558.11391235 5.55390167e+00
6558.17016998 4.28127861e+01
6558.22642760 4.95073204e+01
6558.28268523 7.41934586e+00
6558.33894285 3.57544823e+01
6558.39520048 2.55239983e+01
6558.45145810 -5.16913261e+01
6558.50771573 -4.26677170e+01
6558.56397335 -7.53875732e+00
6558.62023098 3.91643524e-01
6558.67648860 3.96537361e+01
6558.73274622 2.94347076e+01
6558.78900385 8.65853500e+00
6558.84526147 -1.06448669e+01
6558.90151910 -3.18911743e+01
6558.95777672 4.88473167e+01
6559.01403435 6.18823013e+01
6559.07029197 -1.02043076e+01
6559.12654960 1.19768753e+01
6559.18280722 3.73573837e+01
6559.23906485 -1.36575546e+01
6559.29532247 3.11397285e+01
6559.35158010 5.18334694e+01
6559.40783772 2.47192383e+01
6559.46409534 3.73219070e+01
6559.52035297 1.47256050e+01
6559.57661059 2.54237366e+00
6559.63286822 -2.64848137e+01
6559.68912584 1.22263718e+01
6559.74538347 2.20091629e+01
6559.80164109 -8.86028290e+00
6559.85789872 2.24964333e+01
6559.91415634 5.87513123e+01
6559.97041397 4.55011215e+01
6560.02667159 -3.04101562e+00
6560.08292921 7.52400208e+00
6560.13918684 5.99495697e+00
6560.19544446 -3.14982567e+01
6560.25170209 3.20861816e-01
6560.30795971 1.36190643e+01
6560.36421734 2.05233002e+00
6560.42047496 5.48864326e+01
6560.47673259 2.00500488e+01
6560.53299021 2.58097458e+01
6560.58924784 8.06610107e+00
6560.64550546 1.08600388e+01
6560.70176308 1.23634338e+00
6560.75802071 3.98753510e+01
6560.81427833 1.24944382e+01
6560.87053596 4.17890930e+01
6560.92679358 1.73923950e+01
6560.98305121 -4.26784363e+01
6561.03930883 1.52770309e+01
6561.09556646 -4.51437302e+01
6561.15182408 -5.17907944e+01
6561.20808171 -4.28937988e+01
6561.26433933 2.71696472e+00
6561.32059695 -2.44443321e+01
6561.37685458 -6.80853729e+01
6561.43311220 4.48279572e+00
6561.48936983 -3.25401154e+01
6561.54562745 -1.63870544e+01
6561.60188508 1.89038544e+01
6561.65814270 1.80439911e+01
6561.71440033 1.16286621e+01
6561.77065795 6.05343170e+01
6561.82691558 8.66617203e+01
6561.88317320 1.02282120e+02
6561.93943083 1.59183838e+02
6561.99568845 2.21269760e+02
6562.05194607 2.65518524e+02
6562.10820370 3.72268829e+02
6562.16446132 4.23223877e+02
6562.22071895 5.12460815e+02
6562.27697657 6.90538574e+02
6562.33323420 7.40132568e+02
6562.38949182 9.01115173e+02
6562.44574945 1.08565674e+03
6562.50200707 1.33696814e+03
6562.55826470 1.45238745e+03
6562.61452232 1.71453381e+03
6562.67077994 1.81696558e+03
6562.72703757 1.95940222e+03
6562.78329519 1.96204346e+03
6562.83955282 2.02618445e+03
6562.89581044 1.87412634e+03
6562.95206807 1.78860303e+03
6563.00832569 1.64702063e+03
6563.06458332 1.46374255e+03
6563.12084094 1.32350354e+03
6563.17709857 1.02660681e+03
6563.23335619 8.52881836e+02
6563.28961381 6.40837891e+02
6563.34587144 5.54209839e+02
6563.40212906 4.97146912e+02
6563.45838669 3.60006134e+02
6563.51464431 2.52127045e+02
6563.57090194 1.32578674e+02
6563.62715956 8.95756226e+01
6563.68341719 8.05507660e+01
6563.73967481 6.36303635e+01
6563.79593244 1.67420197e+01
6563.85219006 2.42750854e+01
6563.90844768 4.50713043e+01
6563.96470531 4.85400200e+01
6564.02096293 5.01816330e+01
6564.07722056 7.90021515e+01
6564.13347818 2.42899399e+01
6564.18973581 -2.95845032e+00
6564.24599343 1.70546532e+01
6564.30225106 -4.44104004e+00
6564.35850868 -3.60976791e+00
6564.41476631 1.89154434e+01
6564.47102393 2.21201286e+01
6564.52728156 6.20163651e+01
6564.58353918 1.06608582e+01
6564.63979680 5.66785812e+01
6564.69605443 8.08035126e+01
6564.75231205 -2.73280373e+01
6564.80856968 6.77060547e+01
6564.86482730 -1.46782837e+01
6564.92108493 4.55226402e+01
6564.97734255 9.93701935e+01
6565.03360018 6.28319931e+01
6565.08985780 -3.24546051e+00
6565.14611543 1.82795906e+01
6565.20237305 -1.65487823e+01
6565.25863067 2.67130127e+01
6565.31488830 -9.69160461e+00
6565.37114592 5.29769936e+01
6565.42740355 2.03268509e+01
6565.48366117 5.25833168e+01
6565.53991880 -1.44319725e+01
6565.59617642 2.18786850e+01
6565.65243405 7.43849945e+00
6565.70869167 5.44233704e+01
6565.76494930 1.64683075e+01
6565.82120692 2.12771606e+00
6565.87746454 1.83133698e+00
6565.93372217 5.08487091e+01
6565.98997979 3.22455597e+00
6566.04623742 4.69134445e+01
6566.10249504 3.97703896e+01
6566.15875267 1.45117874e+01
6566.21501029 3.00156975e+01
6566.27126792 3.80537033e+01
6566.32752554 -1.46565933e+01
6566.38378317 4.32095528e+01
6566.44004079 1.68239059e+01
6566.49629841 5.30672760e+01
6566.55255604 3.79267731e+01
6566.60881366 3.13596535e+01
6566.66507129 7.52703476e+00
6566.72132891 4.95632935e+00
6566.77758654 -7.09640503e-01
6566.83384416 -2.50182953e+01
6566.89010179 1.80455017e+01
6566.94635941 3.10863342e+01
6567.00261704 1.79265594e+00
6567.05887466 5.14963837e+01
6567.11513229 7.09471130e+01
6567.17138991 1.98011780e+01
6567.22764753 1.28014908e+01
6567.28390516 3.82893906e+01
6567.34016278 1.81684036e+01
6567.39642041 5.17560234e+01
6567.45267803 4.70120850e+01
6567.50893566 5.31577835e+01
6567.56519328 -3.48660278e+00
6567.62145091 4.06304245e+01
6567.67770853 -1.41960907e+00
6567.73396616 1.23885689e+01
6567.79022378 8.53372955e+00
6567.84648140 3.21744385e+01
6567.90273903 5.43143082e+01
6567.95899665 2.71424942e+01
6568.01525428 4.58380127e+00
6568.07151190 -1.48646698e+01
6568.12776953 4.68545876e+01
6568.18402715 2.29973679e+01
6568.24028478 2.72956772e+01
6568.29654240 8.64138794e+01
6568.35280003 1.55682144e+01
6568.40905765 -1.83810844e+01
6568.46531527 2.57138977e+01
6568.52157290 1.86315155e+00
6568.57783052 -1.95609436e+01
6568.63408815 -2.19903412e+01
6568.69034577 6.94807434e+00
6568.74660340 3.73262482e+01
6568.80286102 4.55180779e+01
6568.85911865 1.94566422e+01
6568.91537627 3.40113297e+01
6568.97163390 1.85032883e+01
6569.02789152 4.51358528e+01
6569.08414914 -9.94451904e+00
6569.14040677 1.10370102e+01
6569.19666439 2.08546257e+01
6569.25292202 2.12707748e+01
6569.30917964 1.98254700e+01
6569.36543727 1.50861359e+01
6569.42169489 -6.02188492e+00
6569.47795252 -7.19764709e+00
6569.53421014 1.94633636e+01
6569.59046777 2.55589218e+01
6569.64672539 1.48851242e+01
6569.70298302 3.10606232e+01
6569.75924064 -2.27610474e+01
6569.81549826 -3.03946075e+01
6569.87175589 2.57404213e+01
6569.92801351 -3.43691254e+00
6569.98427114 1.89209213e+01
6570.04052876 4.01144524e+01
6570.09678639 -4.06192017e+00
6570.15304401 1.82111549e+01
6570.20930164 -2.87127151e+01
6570.26555926 1.55389404e+00
6570.32181689 1.15602188e+01
6570.37807451 9.44763184e+00
6570.43433213 4.43046265e+01
6570.49058976 6.27255287e+01
6570.54684738 2.41890106e+01
6570.60310501 -7.10343170e+00
6570.65936263 7.90383911e+01
6570.71562026 1.63994064e+02
6570.77187788 2.49615860e+01
6570.82813551 2.36154861e+01
6570.88439313 1.93527222e+01
6570.94065076 2.00987473e+01
6570.99690838 -9.74266052e-01
6571.05316600 1.26993103e+01
6571.10942363 -2.94649658e+01
6571.16568125 2.58210526e+01
6571.22193888 -1.92753448e+01
6571.27819650 -2.13331223e+01
6571.33445413 6.06805458e+01
6571.39071175 -1.74368134e+01
6571.44696938 1.76434288e+01
6571.50322700 3.70949745e+01
6571.55948463 -1.69973526e+01
6571.61574225 -3.96789551e-01
6571.67199987 2.53378296e+00
6571.72825750 -3.68879700e+00
6571.78451512 -2.28970947e+01
6571.84077275 5.29032288e+01
6571.89703037 4.14582977e+01
6571.95328800 -1.01850891e+01
6572.00954562 3.15313721e+01
6572.06580325 3.81929932e+01
6572.12206087 4.16249886e+01
6572.17831850 -1.38003387e+01
6572.23457612 8.46004486e+00
6572.29083375 3.86890984e+01
6572.34709137 -1.14398346e+01
6572.40334899 1.31929016e+01
6572.45960662 6.74781799e+01
6572.51586424 3.49009933e+01
6572.57212187 8.85980988e+00
6572.62837949 8.59901428e-01
6572.68463712 3.30916595e+00
6572.74089474 4.86958656e+01
6572.79715237 2.59602661e+01
6572.85340999 -2.20390930e+01
6572.90966762 -1.86325073e-01
6572.96592524 3.02102547e+01
6573.02218286 -1.86132812e+01
6573.07844049 -2.00341682e+01
6573.13469811 3.00780106e+01
6573.19095574 -1.00129852e+01
6573.24721336 -3.19937592e+01
6573.30347099 6.54141388e+01
6573.35972861 -5.69130707e+00
6573.41598624 -8.51211548e-02
6573.47224386 -2.20399475e+01
6573.52850149 2.60114822e+01
6573.58475911 -4.75868225e-01
6573.64101673 -9.89414978e+00
6573.69727436 -2.98376465e+01
6573.75353198 -8.53955460e+00
6573.80978961 3.55648766e+01
6573.86604723 1.66329727e+01
6573.92230486 1.34966507e+01
6573.97856248 1.91757736e+01
6574.03482011 6.46855164e+01
6574.09107773 2.61084824e+01
6574.14733536 -7.71356964e+00
6574.20359298 3.60550003e+01
6574.25985060 2.96798019e+01
6574.31610823 -9.00013733e+00
6574.37236585 3.58144150e+01
6574.42862348 -3.74806976e+00
6574.48488110 -1.47516403e+01
6574.54113873 2.08315125e+01
6574.59739635 -1.55904007e+01
6574.65365398 2.25075874e+01
6574.70991160 -2.10387039e+01
6574.76616923 -1.25379181e+00
6574.82242685 1.38417435e+01
6574.87868448 -4.13108063e+00
6574.93494210 1.00852966e+00
6574.99119972 2.66951141e+01
6575.04745735 -8.13763428e+00
6575.10371497 -1.71973991e+01
6575.15997260 -1.93237305e+00
6575.21623022 3.33322334e+01
6575.27248785 -1.24294281e+00
6575.32874547 -1.02098312e+01
6575.38500310 8.64738617e+01
6575.44126072 3.09194069e+01
6575.49751835 -8.43925476e-02
6575.55377597 2.66002426e+01
6575.61003359 3.59406090e+01
6575.66629122 4.41066818e+01
6575.72254884 1.57820129e+00
6575.77880647 4.38715973e+01
6575.83506409 5.59058762e+00
6575.89132172 1.90958099e+01
6575.94757934 8.44379349e+01
6576.00383697 3.71436691e+01
6576.06009459 -5.23673706e+01
6576.11635222 9.57515717e+00
6576.17260984 6.32328644e+01
6576.22886746 5.27553329e+01
6576.28512509 6.43316803e+01
6576.34138271 4.18386993e+01
6576.39764034 2.64510651e+01
6576.45389796 -8.28738403e+00
6576.51015559 2.84117126e+00
6576.56641321 2.77999878e+01
6576.62267084 6.75668945e+01
6576.67892846 1.19089737e+01
6576.73518609 4.74066086e+01
6576.79144371 -9.85132217e+00
6576.84770133 1.16362534e+01
6576.90395896 4.73020363e+01
6576.96021658 3.61190643e+01
6577.01647421 4.60061836e+01
6577.07273183 5.62789917e+00
6577.12898946 1.55706787e+01
6577.18524708 2.03580551e+01
6577.24150471 4.50376053e+01
6577.29776233 2.09228897e+01
6577.35401996 2.20729446e+01
6577.41027758 -1.76203918e+01
6577.46653521 6.55605316e+00
6577.52279283 1.64396744e+01
6577.57905045 1.81869125e+00
6577.63530808 2.77928314e+01
6577.69156570 3.12603340e+01
6577.74782333 7.89362335e+00
6577.80408095 -6.60375977e+00
6577.86033858 9.00342941e+00
6577.91659620 7.80345154e+00
6577.97285383 -5.42167664e+00
6578.02911145 -1.47891312e+01
6578.08536908 8.72875214e+00
6578.14162670 4.95099640e+00
6578.19788432 -1.88058395e+01
6578.25414195 1.19491882e+01
6578.31039957 6.84935532e+01
6578.36665720 1.36281052e+01
6578.42291482 3.63752975e+01
6578.47917245 7.87549286e+01
6578.53543007 4.36482925e+01
6578.59168770 1.18192520e+01
6578.64794532 3.75717316e+01
6578.70420295 1.32203217e+01
6578.76046057 2.50688934e+01
6578.81671819 5.76727676e+00
6578.87297582 3.29546356e+00
6578.92923344 1.77186356e+01
6578.98549107 -1.08982086e+00
6579.04174869 1.88827438e+01
6579.09800632 9.65386963e+00
6579.15426394 1.14232979e+01
6579.21052157 1.89055557e+01
6579.26677919 4.00381317e+01
6579.32303682 1.69119415e+01
6579.37929444 2.95424347e+01
6579.43555206 4.64426498e+01
6579.49180969 -1.79428101e-01
6579.54806731 1.66969681e+01
6579.60432494 4.15832825e+01
6579.66058256 2.12487106e+01
6579.71684019 4.92480927e+01
6579.77309781 -2.13434601e+01
6579.82935544 -1.07118759e+01
6579.88561306 1.47202454e+01
6579.94187069 6.88008118e+00
6579.99812831 4.78797150e+00
6580.05438594 6.19350166e+01
6580.11064356 1.53685074e+01
6580.16690118 1.87508621e+01
6580.22315881 7.47886353e+01
6580.27941643 -1.35220184e+01
6580.33567406 1.16105881e+01
6580.39193168 5.82766113e+01
6580.44818931 9.44438934e+00
6580.50444693 2.85567932e+01
6580.56070456 -1.58212700e+01
6580.61696218 6.16408653e+01
6580.67321981 7.68502045e+00
6580.72947743 2.60677109e+01
6580.78573505 4.95291100e+01
6580.84199268 3.66611099e+01
6580.89825030 -3.50529480e+01
6580.95450793 -2.19783554e+01
6581.01076555 -2.54234314e+00
6581.06702318 5.15992508e+01
6581.12328080 3.09043121e+00
6581.17953843 -4.66934929e+01
6581.23579605 -3.31333199e+01
6581.29205368 -1.56641846e+01
6581.34831130 -4.54271698e+00
6581.40456892 -2.03448448e+01
6581.46082655 -2.61686172e+01
6581.51708417 1.46931686e+01
6581.57334180 8.60333099e+01
6581.62959942 1.34437714e+01
6581.68585705 -2.39302292e+01
6581.74211467 -1.57771072e+01
6581.79837230 1.99905396e+00
6581.85462992 -2.73010712e+01
6581.91088755 2.16974258e+01
6581.96714517 -1.12850113e+01
6582.02340279 -4.10447235e+01
6582.07966042 4.12474823e+00
6582.13591804 5.39627533e+01
6582.19217567 5.03754425e+00
6582.24843329 4.27172852e+01
6582.30469092 6.19926453e+00
6582.36094854 -5.86051941e-01
6582.41720617 4.31847458e+01
6582.47346379 3.06090431e+01
6582.52972142 1.72127991e+01
6582.58597904 4.42561111e+01
6582.64223667 -1.93523331e+01
6582.69849429 3.85925522e+01
6582.75475191 7.00436859e+01
6582.81100954 9.80439835e+01
6582.86726716 2.27055664e+01
6582.92352479 3.62918091e+01
6582.97978241 7.84140625e+01
6583.03604004 6.73953705e+01
6583.09229766 1.00042160e+02
6583.14855529 1.40817139e+02
6583.20481291 2.04429031e+02
6583.26107054 1.92037979e+02
6583.31732816 1.18123093e+02
6583.37358578 1.66176651e+02
6583.42984341 1.88682373e+02
6583.48610103 1.93288971e+02
6583.54235866 1.61147034e+02
6583.59861628 1.67332031e+02
6583.65487391 7.86643677e+01
6583.71113153 1.13412796e+02
6583.76738916 5.57514420e+01
6583.82364678 2.93205032e+01
6583.87990441 6.66229019e+01
6583.93616203 2.13006668e+01
6583.99241965 7.28607178e-02
6584.04867728 4.81864929e+01
6584.10493490 1.00439301e+01
6584.16119253 6.11863480e+01
6584.21745015 8.37496643e+01
6584.27370778 -1.84467316e+00
6584.32996540 1.96972351e+01
6584.38622303 -6.23777008e+00
6584.44248065 6.32603912e+01
6584.49873828 7.42233124e+01
6584.55499590 2.37651825e+00
6584.61125352 1.55001068e+01
6584.66751115 -3.12638016e+01
6584.72376877 3.00530624e+00
6584.78002640 7.92587280e+00
6584.83628402 -3.21556091e+00
6584.89254165 -4.68133545e+00
6584.94879927 5.44364853e+01
6585.00505690 5.54154091e+01
6585.06131452 5.78026352e+01
6585.11757215 2.95214424e+01
6585.17382977 2.74861374e+01
6585.23008740 4.65575333e+01
6585.28634502 5.44919052e+01
6585.34260264 -5.86677551e-01
6585.39886027 -7.90889740e+00
6585.45511789 7.18193054e+00
6585.51137552 2.73283539e+01
6585.56763314 -3.86749268e+00
6585.62389077 -2.96221733e+01
6585.68014839 2.96753159e+01
6585.73640602 6.03438377e+01
6585.79266364 6.06896629e+01
6585.84892127 4.13528671e+01
6585.90517889 9.08917236e+00
6585.96143651 2.49461403e+01
6586.01769414 -3.14021301e+01
6586.07395176 1.69005890e+01
6586.13020939 -2.64948730e+01
6586.18646701 -6.88132477e+00
6586.24272464 3.21002693e+01
6586.29898226 1.16723785e+01
6586.35523989 6.96786499e+00
6586.41149751 3.72425537e+01
6586.46775514 -1.27372131e+01
6586.52401276 1.87955856e+01
6586.58027038 5.18307076e+01
6586.63652801 1.34642944e+01
6586.69278563 3.00361786e+01
6586.74904326 4.46718254e+01
6586.80530088 3.10558014e+01
6586.86155851 -6.90789795e+00
6586.91781613 1.94396400e+01
6586.97407376 3.31785355e+01
6587.03033138 -9.70470428e+00
6587.08658901 5.38218918e+01
6587.14284663 2.49204254e+01
6587.19910425 5.21336365e+00
6587.25536188 -5.67760468e+00
6587.31161950 2.58377304e+01
6587.36787713 3.73300896e+01
6587.42413475 3.23482628e+01
6587.48039238 4.45952263e+01
6587.53665000 1.85853271e+01
6587.59290763 9.06179810e+01
6587.64916525 3.62186356e+01
6587.70542288 3.79882202e+01
6587.76168050 4.51568794e+01
6587.81793813 1.88695221e+01
6587.87419575 -5.83576202e+00
6587.93045337 -2.55625381e+01
6587.98671100 6.91934967e+01
6588.04296862 2.42941856e+01
6588.09922625 1.16095505e+01
6588.15548387 8.47773743e+00
6588.21174150 2.71032791e+01
6588.26799912 2.99259338e+01
6588.32425675 3.60425720e+01
6588.38051437 5.15568771e+01
6588.43677200 2.25668335e+01
6588.49302962 2.47135239e+01
6588.54928724 2.02590942e+00
6588.60554487 1.01159821e+01
6588.66180249 6.69142990e+01
6588.71806012 -5.05821228e-01
6588.77431774 -2.90906258e+01
6588.83057537 -1.61923218e+00
6588.88683299 -3.70259056e+01
6588.94309062 -8.28245163e+00
6588.99934824 8.99420929e+00
6589.05560587 1.42501678e+01
6589.11186349 -2.97991943e+00
6589.16812111 7.08282166e+01
6589.22437874 -7.78276825e+00
6589.28063636 4.52427940e+01
6589.33689399 5.61429596e+01
6589.39315161 1.26703186e+01
6589.44940924 7.67240143e+00
6589.50566686 3.41757507e+01
6589.56192449 4.59416199e+00
6589.61818211 6.50308990e+00
6589.67443974 1.53090591e+01
6589.73069736 -1.68974991e+01
6589.78695498 1.70785217e+01
6589.84321261 7.77740326e+01
6589.89947023 -2.00735359e+01
6589.95572786 -6.55520630e+00
6590.01198548 -2.73871613e+00
6590.06824311 2.39988823e+01
6590.12450073 -9.27802277e+00
6590.18075836 -1.81155014e+01
6590.23701598 1.87603302e+01
6590.29327361 4.80589714e+01
6590.34953123 4.87771606e+01
6590.40578886 9.58034515e+00
6590.46204648 2.84134560e+01
6590.51830410 1.46199341e+01
6590.57456173 3.44914551e+01
6590.63081935 3.12882843e+01
6590.68707698 2.03452301e+00
6590.74333460 4.51990700e+01
6590.79959223 8.66895294e+00
6590.85584985 7.94510651e+00
6590.91210748 4.20372047e+01
6590.96836510 3.34770203e+00
6591.02462273 -7.54856873e+00
6591.08088035 2.61738453e+01
6591.13713797 2.17672958e+01
6591.19339560 1.90699692e+01
6591.24965322 1.28058624e+01
6591.30591085 6.93794250e+00
6591.36216847 3.63168182e+01
6591.41842610 5.61405334e+01
6591.47468372 5.08245087e+00
6591.53094135 2.30606842e+01
6591.58719897 3.31145515e+01
6591.64345660 5.75355186e+01
6591.69971422 5.24933510e+01
6591.75597184 -1.41939163e+00
6591.81222947 -1.81351318e+01
6591.86848709 3.68140488e+01
6591.92474472 -2.49091721e+01
6591.98100234 -3.21801605e+01
6592.03725997 1.63730545e+01
6592.09351759 -1.81809998e+00
6592.14977522 6.16172333e+01
6592.20603284 4.21072769e+01
6592.26229047 -9.25708771e+00
6592.31854809 2.41681671e+00
6592.37480571 6.89679871e+01
6592.43106334 -3.96962547e+01
6592.48732096 5.81558228e+00
6592.54357859 -6.58036804e+00
6592.59983621 3.61683540e+01
6592.65609384 -2.54171371e+01
6592.71235146 -4.80408936e+01
6592.76860909 -4.88815994e+01
6592.82486671 3.23223038e+01
6592.88112434 5.60483704e+01
6592.93738196 2.10935211e+00
6592.99363959 -1.19035950e+01
6593.04989721 -6.37024689e+00
6593.10615483 -1.85683670e+01
6593.16241246 6.69728394e+01
6593.21867008 7.13567963e+01
6593.27492771 2.91257935e+01
6593.33118533 -3.56167221e+00
6593.38744296 5.58086128e+01
6593.44370058 6.66110229e+00
6593.49995821 1.59697037e+01
6593.55621583 1.30778351e+01
6593.61247346 3.03336334e+01
6593.66873108 -6.57482147e+00
6593.72498870 2.48025475e+01
6593.78124633 1.69750023e+01
6593.83750395 3.78247070e+00
6593.89376158 6.69033661e+01
6593.95001920 1.10775528e+01
6594.00627683 3.79460831e+01
6594.06253445 3.02680779e+01
6594.11879208 5.09813919e+01
6594.17504970 -1.91126251e+00
6594.23130733 -1.90922165e+00
6594.28756495 2.68581696e+01
6594.34382257 2.88591232e+01
6594.40008020 4.28649139e+01
6594.45633782 -2.84450111e+01
6594.51259545 4.79332962e+01
6594.56885307 4.33807373e+00
6594.62511070 2.42810555e+01
6594.68136832 5.42221107e+01
6594.73762595 8.34915161e+00
6594.79388357 5.08853531e+00
6594.85014120 -1.87215919e+01
6594.90639882 2.96418419e+01
6594.96265644 3.72386436e+01
6595.01891407 4.79348450e+01
6595.07517169 -1.90953369e+01
6595.13142932 -5.02722168e+00
6595.18768694 4.42261505e+00
6595.24394457 -1.48885269e+01
6595.30020219 1.13190994e+01
6595.35645982 1.12573853e+01
6595.41271744 5.92776222e+01
6595.46897507 1.61780205e+01
6595.52523269 3.48432350e+01
6595.58149032 -4.65432053e+01
6595.63774794 8.70401611e+01
6595.69400556 5.74803429e+01
6595.75026319 6.65348053e+00
6595.80652081 4.26964111e+01
6595.86277844 -2.11082458e+01
6595.91903606 -2.21559486e+01
6595.97529369 -1.43997574e+00
