# Rest-frame spectrum generated from: N2541A0002o_1d.fits
# lambda_Ha_obs = 6576.22200000 Angstrom
# lambda_Ha_rest = 6562.80000000 Angstrom
# z_Ha = 2.0451636497e-03
# v_Ha_relativistic = 612.497669 km/s
# v_Ha_classical = 613.124638 km/s
# columns: wavelength_rest[Angstrom] flux_or_counts

6542.75961088 1.61946430e+01
6542.81518680 1.61952991e+01
6542.87076272 1.61926289e+01
6542.92633864 1.61956615e+01
6542.98191457 1.61953983e+01
6543.03749049 1.61955986e+01
6543.09306641 1.61950855e+01
6543.14864233 1.62154121e+01
6543.20421826 1.62352238e+01
6543.25979418 1.62556133e+01
6543.31537010 1.62753582e+01
6543.37094602 1.62951603e+01
6543.42652195 1.97512817e+01
6543.48209787 2.66353798e+01
6543.53767379 2.21098537e+01
6543.59324971 2.19273357e+01
6543.64882564 2.09711285e+01
6543.70440156 1.41593781e+01
6543.75997748 2.33489227e+00
6543.81555340 5.02134705e+00
6543.87112933 -1.74123001e+00
6543.92670525 -2.40210876e+01
6543.98228117 -1.05323315e+01
6544.03785710 -1.83823395e+00
6544.09343302 -1.09601402e+00
6544.14900894 -1.73297501e+00
6544.20458486 9.25559998e-02
6544.26016079 8.34587097e-01
6544.31573671 7.31038666e+00
6544.37131263 9.85619736e+00
6544.42688855 3.00566254e+01
6544.48246448 1.24197807e+01
6544.53804040 -1.49097900e+01
6544.59361632 -2.16133862e+01
6544.64919224 5.40959358e+00
6544.70476817 1.98470230e+01
6544.76034409 5.71918488e+00
6544.81592001 2.37517414e+01
6544.87149593 1.74812260e+01
6544.92707186 1.45639706e+01
6544.98264778 -7.46327782e+00
6545.03822370 -1.21142006e+00
6545.09379962 -1.48479385e+01
6545.14937555 -6.94368553e+00
6545.20495147 1.01246319e+01
6545.26052739 -6.27717781e+00
6545.31610332 1.24118633e+01
6545.37167924 -2.14454269e+00
6545.42725516 1.53843918e+01
6545.48283108 1.64021797e+01
6545.53840701 1.92988586e+00
6545.59398293 -1.17419662e+01
6545.64955885 -1.71811428e+01
6545.70513477 -9.00150299e+00
6545.76071070 4.84364319e+00
6545.81628662 -1.35430183e+01
6545.87186254 -1.73067665e+00
6545.92743846 -4.62092209e+00
6545.98301439 -1.45967102e+00
6546.03859031 -1.16138811e+01
6546.09416623 -1.04659634e+01
6546.14974215 1.59477692e+01
6546.20531808 -1.29519024e+01
6546.26089400 1.14574165e+01
6546.31646992 1.49800930e+01
6546.37204584 -8.68049622e-01
6546.42762177 3.23673439e+00
6546.48319769 -1.16796436e+01
6546.53877361 -1.80222397e+01
6546.59434954 -1.04851189e+01
6546.64992546 1.27097054e+01
6546.70550138 4.55548477e+00
6546.76107730 1.71445541e+01
6546.81665323 2.92102203e+01
6546.87222915 6.85095406e+00
6546.92780507 2.94472504e+01
6546.98338099 5.03850174e+00
6547.03895692 -3.20732403e+00
6547.09453284 2.94610443e+01
6547.15010876 -1.43378448e+00
6547.20568468 6.00272942e+00
6547.26126061 2.21321678e+01
6547.31683653 -5.91215420e+00
6547.37241245 -1.34352398e+01
6547.42798837 1.90723610e+01
6547.48356430 2.85685730e+01
6547.53914022 4.10320129e+01
6547.59471614 3.58521271e+01
6547.65029206 -6.51161194e-01
6547.70586799 -1.08780766e+01
6547.76144391 1.35491886e+01
6547.81701983 2.80116863e+01
6547.87259576 6.69931030e+00
6547.92817168 3.98034172e+01
6547.98374760 2.27632637e+01
6548.03932352 3.18732262e+00
6548.09489945 4.67091675e+01
6548.15047537 5.08098717e+01
6548.20605129 4.07318268e+01
6548.26162721 2.45705357e+01
6548.31720314 2.49741783e+01
6548.37277906 1.28156185e+01
6548.42835498 1.31766510e+01
6548.48393090 8.34365845e+00
6548.53950683 3.71915398e+01
6548.59508275 2.20319576e+01
6548.65065867 -2.97917557e+00
6548.70623459 -1.98201237e+01
6548.76181052 4.01850395e+01
6548.81738644 1.47378922e+00
6548.87296236 -7.83920288e-03
6548.92853828 -1.36657114e+01
6548.98411421 -7.56695747e+00
6549.03969013 -1.30882492e+01
6549.09526605 -1.30493450e+01
6549.15084198 2.00727463e+01
6549.20641790 2.62680054e+01
6549.26199382 2.40446167e+01
6549.31756974 1.58951874e+01
6549.37314567 3.61270638e+01
6549.42872159 -1.05115471e+01
6549.48429751 -1.20345554e+01
6549.53987343 2.24830532e+01
6549.59544936 1.82795715e+00
6549.65102528 -1.60583267e+01
6549.70660120 -8.44756126e+00
6549.76217712 7.32471085e+00
6549.81775305 -5.38928032e+00
6549.87332897 -3.14453468e+01
6549.92890489 -1.68301544e+01
6549.98448081 -2.53622589e+01
6550.04005674 -1.00471478e+01
6550.09563266 -6.82893753e+00
6550.15120858 1.72397995e+00
6550.20678450 3.45681305e+01
6550.26236043 1.86209087e+01
6550.31793635 1.37388458e+01
6550.37351227 8.92612267e+00
6550.42908820 2.59381084e+01
6550.48466412 -1.60286617e+01
6550.54024004 4.38279190e+01
6550.59581596 2.15471153e+01
6550.65139189 -1.48335123e+01
6550.70696781 -2.26714020e+01
6550.76254373 -1.82207432e+01
6550.81811965 -1.83244057e+01
6550.87369558 8.86939812e+00
6550.92927150 -1.65223732e+01
6550.98484742 3.15774918e-01
6551.04042334 -4.43420601e+00
6551.09599927 6.48067474e-01
6551.15157519 -7.21598434e+00
6551.20715111 3.54928703e+01
6551.26272703 -1.60073032e+01
6551.31830296 1.45649662e+01
6551.37387888 9.42425156e+00
6551.42945480 1.34354076e+01
6551.48503072 -1.73142776e+01
6551.54060665 -1.49667969e+01
6551.59618257 -1.39133625e+01
6551.65175849 3.07317734e+00
6551.70733442 -7.45525742e+00
6551.76291034 -8.37736893e+00
6551.81848626 9.40173721e+00
6551.87406218 1.69552917e+01
6551.92963811 7.81787872e-01
6551.98521403 5.22072411e+00
6552.04078995 8.30328178e+00
6552.09636587 2.55049896e+01
6552.15194180 -9.56853008e+00
6552.20751772 9.23516083e+00
6552.26309364 9.22078514e+00
6552.31866956 1.13101482e+01
6552.37424549 1.82647705e+00
6552.42982141 -2.35279465e+00
6552.48539733 -5.33949947e+00
6552.54097325 -1.32254009e+01
6552.59654918 1.96287651e+01
6552.65212510 -2.64965324e+01
6552.70770102 -9.66722107e+00
6552.76327694 9.09926414e+00
6552.81885287 3.58455696e+01
6552.87442879 1.85085106e+00
6552.93000471 1.85640411e+01
6552.98558064 3.48143463e+01
6553.04115656 3.99562607e+01
6553.09673248 1.96253891e+01
6553.15230840 -2.26288357e+01
6553.20788433 5.70430756e-02
6553.26346025 -8.97925758e+00
6553.31903617 -9.77177811e+00
6553.37461209 -1.86815834e+00
6553.43018802 -1.44420156e+01
6553.48576394 1.99939556e+01
6553.54133986 2.13029881e+01
6553.59691578 2.04978065e+01
6553.65249171 -3.97680473e+00
6553.70806763 -1.81566811e+00
6553.76364355 -1.20153198e+01
6553.81921947 -1.72159691e+01
6553.87479540 -2.79323578e+00
6553.93037132 4.55808640e-01
6553.98594724 1.64868069e+01
6554.04152316 3.02224388e+01
6554.09709909 6.54989243e+00
6554.15267501 8.97348404e+00
6554.20825093 -9.54196930e+00
6554.26382686 4.31134224e+00
6554.31940278 -5.26610565e+00
6554.37497870 8.41975212e+00
6554.43055462 1.75094910e+01
6554.48613055 2.22313881e+01
6554.54170647 -2.27518482e+01
6554.59728239 1.00925827e+00
6554.65285831 1.85551071e+00
6554.70843424 2.42360954e+01
6554.76401016 2.05140553e+01
6554.81958608 4.50201797e+00
6554.87516200 3.22692261e+01
6554.93073793 9.95033264e+00
6554.98631385 1.75878735e+01
6555.04188977 -3.53037453e+01
6555.09746569 -8.67710876e+00
6555.15304162 1.81506805e+01
6555.20861754 2.83901634e+01
6555.26419346 1.13930321e+01
6555.31976938 -6.71195412e+00
6555.37534531 3.56953239e+00
6555.43092123 1.68736629e+01
6555.48649715 2.07075558e+01
6555.54207308 -4.55486298e-01
6555.59764900 9.87537766e+00
6555.65322492 -3.55337906e+00
6555.70880084 1.48085051e+01
6555.76437677 5.46298599e+00
6555.81995269 1.70660610e+01
6555.87552861 4.27262077e+01
6555.93110453 1.78601723e+01
6555.98668046 2.13548279e+00
6556.04225638 1.02542362e+01
6556.09783230 -4.68426991e+00
6556.15340822 9.33464050e+00
6556.20898415 1.10536766e+01
6556.26456007 2.33743668e-01
6556.32013599 -3.01619244e+01
6556.37571191 -2.46316910e+00
6556.43128784 1.40117188e+01
6556.48686376 4.89490700e+00
6556.54243968 3.24323654e+00
6556.59801560 -3.58044434e+00
6556.65359153 1.33021297e+01
6556.70916745 -1.71336937e+00
6556.76474337 -4.11719704e+00
6556.82031929 -1.45531607e+01
6556.87589522 -1.36258144e+01
6556.93147114 2.23698139e+01
6556.98704706 -1.37283592e+01
6557.04262299 1.98224277e+01
6557.09819891 3.02419510e+01
6557.15377483 -1.59253845e+01
6557.20935075 -1.24174700e+01
6557.26492668 -5.17111969e+00
6557.32050260 -4.38732147e+00
6557.37607852 1.90685844e+00
6557.43165444 2.92812920e+01
6557.48723037 5.08676529e+00
6557.54280629 1.99902534e+01
6557.59838221 2.09541512e+01
6557.65395813 2.11949081e+01
6557.70953406 1.38062458e+01
6557.76510998 2.79560089e+00
6557.82068590 -1.75052166e+01
6557.87626182 5.86923599e+00
6557.93183775 -1.30139771e+01
6557.98741367 2.84433651e+01
6558.04298959 -6.23285294e-01
6558.09856551 -6.74180794e+00
6558.15414144 -2.73850060e+00
6558.20971736 -1.76997204e+01
6558.26529328 -1.41994629e+01
6558.32086921 9.45021629e+00
6558.37644513 3.38533020e+00
6558.43202105 -5.09096680e+01
6558.48759697 1.75672150e+00
6558.54317290 -1.94368362e+00
6558.59874882 -2.95640297e+01
6558.65432474 1.77454586e+01
6558.70990066 3.59624481e+00
6558.76547659 1.56820431e+01
6558.82105251 5.68787384e+00
6558.87662843 -3.99641609e+00
6558.93220435 7.72047424e+00
6558.98778028 7.84086609e+00
6559.04335620 4.16700363e+00
6559.09893212 1.00780487e+01
6559.15450804 -2.63284874e+00
6559.21008397 -1.41901369e+01
6559.26565989 -1.11411667e+01
6559.32123581 -9.16305161e+00
6559.37681173 9.54392624e+00
6559.43238766 2.61906910e+01
6559.48796358 3.97178459e+00
6559.54353950 9.30114555e+00
6559.59911543 -1.93343506e+01
6559.65469135 -1.21841812e+00
6559.71026727 5.12023163e+00
6559.76584319 -7.37613297e+00
6559.82141912 1.02357483e+01
6559.87699504 1.88689804e+01
6559.93257096 -8.88768768e+00
6559.98814688 -2.19148941e+01
6560.04372281 3.14195099e+01
6560.09929873 2.14310970e+01
6560.15487465 3.92135620e-01
6560.21045057 2.74087009e+01
6560.26602650 3.70445633e+00
6560.32160242 1.74781437e+01
6560.37717834 1.84404182e+01
6560.43275426 7.04258728e+00
6560.48833019 -1.02302151e+01
6560.54390611 -3.87288055e+01
6560.59948203 1.15787506e+00
6560.65505795 -5.20841217e+00
6560.71063388 7.03743553e+00
6560.76620980 1.24821243e+01
6560.82178572 1.28732033e+01
6560.87736165 -2.41800270e+01
6560.93293757 -9.45711708e+00
6560.98851349 -5.32336426e+00
6561.04408941 2.34188499e+01
6561.09966534 1.46445312e+01
6561.15524126 3.70767593e+01
6561.21081718 5.35951996e+00
6561.26639310 3.32650986e+01
6561.32196903 1.90251808e+01
6561.37754495 2.50236435e+01
6561.43312087 3.55875015e+01
6561.48869679 2.39665642e+01
6561.54427272 6.83764496e+01
6561.59984864 8.98098297e+01
6561.65542456 6.68577881e+01
6561.71100048 9.55255280e+01
6561.76657641 9.79563446e+01
6561.82215233 1.28571304e+02
6561.87772825 1.57590225e+02
6561.93330417 1.53295303e+02
6561.98888010 2.55933243e+02
6562.04445602 2.93699036e+02
6562.10003194 2.99933868e+02
6562.15560787 3.98886871e+02
6562.21118379 4.58209900e+02
6562.26675971 5.27263611e+02
6562.32233563 6.36963135e+02
6562.37791156 7.42160950e+02
6562.43348748 8.49571777e+02
6562.48906340 9.58525085e+02
6562.54463932 1.03798779e+03
6562.60021525 1.14108704e+03
6562.65579117 1.15943018e+03
6562.71136709 1.24096252e+03
6562.76694301 1.25658618e+03
6562.82251894 1.27960974e+03
6562.87809486 1.24344055e+03
6562.93367078 1.15406433e+03
6562.98924670 1.13764734e+03
6563.04482263 1.02086554e+03
6563.10039855 9.10527466e+02
6563.15597447 7.89942444e+02
6563.21155039 6.96011780e+02
6563.26712632 6.14166809e+02
6563.32270224 4.24044220e+02
6563.37827816 3.74109528e+02
6563.43385409 2.96652130e+02
6563.48943001 2.79988281e+02
6563.54500593 2.00888275e+02
6563.60058185 1.73111969e+02
6563.65615778 1.18527878e+02
6563.71173370 8.09868011e+01
6563.76730962 8.76320572e+01
6563.82288554 4.60178032e+01
6563.87846147 6.81703644e+01
6563.93403739 4.44410934e+01
6563.98961331 1.04243774e+01
6564.04518923 4.84640274e+01
6564.10076516 1.42875042e+01
6564.15634108 1.93486156e+01
6564.21191700 2.04235020e+01
6564.26749292 1.19415646e+01
6564.32306885 3.37882233e+01
6564.37864477 7.04752541e+00
6564.43422069 1.76510620e+01
6564.48979661 1.09636955e+01
6564.54537254 3.97266769e+00
6564.60094846 7.86825943e+00
6564.65652438 2.38827477e+01
6564.71210031 3.29795685e+01
6564.76767623 3.47313843e+01
6564.82325215 -1.57801208e+01
6564.87882807 -9.59314346e-01
6564.93440400 6.72100925e+00
6564.98997992 6.74111938e+00
6565.04555584 -2.07134247e-01
6565.10113176 -1.50344467e+00
6565.15670769 -1.07768097e+01
6565.21228361 5.94639206e+00
6565.26785953 1.41244431e+01
6565.32343545 -3.97829437e+00
6565.37901138 -3.57423019e+00
6565.43458730 1.92405319e+00
6565.49016322 6.94173241e+00
6565.54573914 4.11009026e+00
6565.60131507 1.84427261e+01
6565.65689099 -9.88731766e+00
6565.71246691 -3.09524155e+00
6565.76804283 1.69605160e+01
6565.82361876 1.04926224e+01
6565.87919468 1.70116711e+01
6565.93477060 4.93721008e+00
6565.99034653 -2.18386784e+01
6566.04592245 -6.37110329e+00
6566.10149837 2.17941799e+01
6566.15707429 1.88968735e+01
6566.21265022 1.97106552e+01
6566.26822614 -7.16588593e+00
6566.32380206 -1.23059826e+01
6566.37937798 2.67362976e+00
6566.43495391 -2.35130310e+00
6566.49052983 -2.68944168e+00
6566.54610575 -4.08876038e+00
6566.60168167 -1.14869080e+01
6566.65725760 2.27150116e+01
6566.71283352 -4.34532356e+00
6566.76840944 -1.30099411e+01
6566.82398536 -6.93853760e+00
6566.87956129 -1.47738838e+01
6566.93513721 2.14868584e+01
6566.99071313 3.62946320e+00
6567.04628905 1.91290283e+00
6567.10186498 -2.94661713e+00
6567.15744090 -1.70951462e+00
6567.21301682 9.43450737e+00
6567.26859275 1.89109993e+01
6567.32416867 1.18129921e+00
6567.37974459 -5.62425613e-01
6567.43532051 9.17305946e+00
6567.49089644 1.12156982e+01
6567.54647236 2.53807526e+01
6567.60204828 6.82011986e+00
6567.65762420 1.37058754e+01
6567.71320013 7.09551430e+00
6567.76877605 8.66643333e+00
6567.82435197 -1.39037037e+01
6567.87992789 -2.64934692e+01
6567.93550382 -6.16408348e+00
6567.99107974 3.58801651e+00
6568.04665566 -2.89223099e+01
6568.10223158 -5.61052513e+00
6568.15780751 -5.40954399e+00
6568.21338343 -8.03651810e+00
6568.26895935 2.74260254e+01
6568.32453527 1.59494209e+01
6568.38011120 2.50137978e+01
6568.43568712 -1.25117302e+00
6568.49126304 -8.81684113e+00
6568.54683897 1.77602177e+01
6568.60241489 -1.92809334e+01
6568.65799081 -3.50277710e+00
6568.71356673 8.14543438e+00
6568.76914266 1.35776443e+01
6568.82471858 1.41522446e+01
6568.88029450 1.18573933e+01
6568.93587042 -1.44410400e+01
6568.99144635 -1.20923157e+01
6569.04702227 1.81807823e+01
6569.10259819 4.22429657e+00
6569.15817411 3.14563751e-01
6569.21375004 2.38964272e+01
6569.26932596 2.41894569e+01
6569.32490188 1.69862442e+01
6569.38047780 1.77838459e+01
6569.43605373 1.86222782e+01
6569.49162965 6.49978638e+00
6569.54720557 7.07071304e-01
6569.60278149 -1.27566223e+01
6569.65835742 1.25995541e+01
6569.71393334 -2.91415215e+00
6569.76950926 5.80573654e+00
6569.82508519 -1.86326828e+01
6569.88066111 3.24077988e+00
6569.93623703 3.51730728e+00
6569.99181295 8.29460716e+00
6570.04738888 -4.95128632e-02
6570.10296480 2.05936890e+01
6570.15854072 5.53318024e+00
6570.21411664 8.90822029e+00
6570.26969257 3.59581413e+01
6570.32526849 1.02495689e+01
6570.38084441 -4.64070702e+00
6570.43642033 -7.94544220e-02
6570.49199626 7.44301796e+00
6570.54757218 2.75063324e+00
6570.60314810 -3.61697006e+00
6570.65872402 3.44253922e+00
6570.71429995 1.14879608e+00
6570.76987587 -1.66726322e+01
6570.82545179 -8.41128826e+00
6570.88102771 -2.31180334e+00
6570.93660364 -1.42350187e+01
6570.99217956 1.03694763e+01
6571.04775548 2.01820431e+01
6571.10333140 5.79289436e+00
6571.15890733 -6.44063568e+00
6571.21448325 -1.61851883e+01
6571.27005917 -6.29169464e+00
6571.32563510 -3.26425934e+00
6571.38121102 -1.12296486e+01
6571.43678694 -3.93492851e+01
6571.49236286 -2.94049816e+01
6571.54793879 -1.70972824e+00
6571.60351471 -1.75934563e+01
6571.65909063 -1.84116478e+01
6571.71466655 -1.18968849e+01
6571.77024248 2.95225010e+01
6571.82581840 4.80178452e+00
6571.88139432 1.18767509e+01
6571.93697024 7.80035400e+00
6571.99254617 7.74343491e+00
6572.04812209 5.07841110e-01
6572.10369801 -1.66070900e+01
6572.15927393 -1.71821976e+00
6572.21484986 -2.36291122e+00
6572.27042578 1.45520954e+01
6572.32600170 1.37254810e+01
6572.38157762 2.21683140e+01
6572.43715355 9.06580353e+00
6572.49272947 -1.44190788e+00
6572.54830539 1.16942997e+01
6572.60388132 3.17888069e+00
6572.65945724 6.28554344e+00
6572.71503316 2.31734715e+01
6572.77060908 -1.04398193e+01
6572.82618501 3.34915085e+01
6572.88176093 2.85397949e+01
6572.93733685 -1.74202652e+01
6572.99291277 5.45741653e+00
6573.04848870 2.32173538e+01
6573.10406462 -2.03877411e+01
6573.15964054 6.92126846e+00
6573.21521646 3.38789749e+01
6573.27079239 -6.46610832e+00
6573.32636831 -1.74331284e+00
6573.38194423 2.99432373e+00
6573.43752015 -1.03194828e+01
6573.49309608 1.21240730e+01
6573.54867200 1.84827099e+01
6573.60424792 6.06002235e+00
6573.65982384 -1.16653786e+01
6573.71539977 3.97051048e+00
6573.77097569 2.15166702e+01
6573.82655161 1.95223961e+01
6573.88212754 -6.38100624e+00
6573.93770346 -1.00296841e+01
6573.99327938 -1.27800407e+01
6574.04885530 -1.48727455e+01
6574.10443123 1.27649002e+01
6574.16000715 -1.82197075e+01
6574.21558307 3.38188171e-01
6574.27115899 2.52751732e+01
6574.32673492 3.44858360e+00
6574.38231084 2.97285004e+01
6574.43788676 -2.59541588e+01
6574.49346268 -8.58148479e+00
6574.54903861 6.99603653e+00
6574.60461453 8.91601562e-01
6574.66019045 1.99603729e+01
6574.71576637 -1.53975716e+01
6574.77134230 -2.08358154e+01
6574.82691822 1.68445816e+01
6574.88249414 7.39636040e+00
6574.93807006 1.68322639e+01
6574.99364599 -2.23954697e+01
6575.04922191 -6.10153580e+00
6575.10479783 -1.19307156e+01
6575.16037376 6.75091267e+00
6575.21594968 1.49643154e+01
6575.27152560 1.21121864e+01
6575.32710152 2.63549519e+01
6575.38267745 -4.19041824e+00
6575.43825337 2.34401703e-01
6575.49382929 1.03857498e+01
6575.54940521 -6.23110390e+00
6575.60498114 1.23337994e+01
6575.66055706 -7.65402031e+00
6575.71613298 -1.00700607e+01
6575.77170890 2.19977627e+01
6575.82728483 2.75947285e+01
6575.88286075 3.28101921e+00
6575.93843667 -8.39803696e-01
6575.99401259 2.34340668e+00
6576.04958852 -5.10009766e+00
6576.10516444 -1.91841793e+01
6576.16074036 -1.24621830e+01
6576.21631628 1.74363708e+00
6576.27189221 3.92198563e+00
6576.32746813 -6.86326790e+00
6576.38304405 7.54686165e+00
6576.43861998 2.95724525e+01
6576.49419590 1.47092915e+01
6576.54977182 -8.47609520e+00
6576.60534774 -6.96136284e+00
6576.66092367 -1.01553764e+01
6576.71649959 1.32769661e+01
6576.77207551 -1.66849308e+01
6576.82765143 -1.29915619e+00
6576.88322736 5.09688187e+00
6576.93880328 2.23767853e+00
6576.99437920 -1.22271843e+01
6577.04995512 -3.91824341e+00
6577.10553105 -3.85696411e-01
6577.16110697 1.47066116e+00
6577.21668289 1.07098503e+01
6577.27225881 1.36439438e+01
6577.32783474 -1.66160164e+01
6577.38341066 -2.65221500e+01
6577.43898658 -2.85429916e+01
6577.49456250 1.39000912e+01
6577.55013843 3.97188568e+01
6577.60571435 -5.19099808e+00
6577.66129027 3.70055962e+01
6577.71686620 1.78774376e+01
6577.77244212 -2.21566658e+01
6577.82801804 -6.09347916e+00
6577.88359396 -1.32027054e+00
6577.93916989 2.25490837e+01
6577.99474581 3.22007904e+01
6578.05032173 -1.59481268e+01
6578.10589765 1.70674896e+00
6578.16147358 -9.38190460e+00
6578.21704950 -2.10573025e+01
6578.27262542 1.67382240e+01
6578.32820134 4.43451691e+01
6578.38377727 1.57379875e+01
6578.43935319 3.77170563e-01
6578.49492911 -4.10782242e+00
6578.55050503 -7.62794113e+00
6578.60608096 1.09276781e+01
6578.66165688 -8.44356728e+00
6578.71723280 2.17231750e+00
6578.77280872 2.03222275e+01
6578.82838465 -4.21775818e-01
6578.88396057 -2.21855831e+01
6578.93953649 -1.44011955e+01
6578.99511242 -1.63629951e+01
6579.05068834 -1.22640047e+01
6579.10626426 -1.25330276e+01
6579.16184018 1.92652035e+01
6579.21741611 -1.04289398e+01
6579.27299203 1.93921776e+01
6579.32856795 -9.43670273e-01
6579.38414387 -1.10824986e+01
6579.43971980 1.79304924e+01
6579.49529572 -2.38515091e+00
6579.55087164 1.53189240e+01
6579.60644756 -7.64606857e+00
6579.66202349 -2.49800224e+01
6579.71759941 -7.20898533e+00
6579.77317533 1.55183601e+01
6579.82875125 -1.55957432e+01
6579.88432718 1.74545288e-01
6579.93990310 -3.73192978e+00
6579.99547902 -2.51923981e+01
6580.05105494 -2.48395863e+01
6580.10663087 -8.33769798e+00
6580.16220679 7.07417297e+00
6580.21778271 -1.47968874e+01
6580.27335864 1.12120533e+01
6580.32893456 1.71163406e+01
6580.38451048 1.59186802e+01
6580.44008640 -1.01932182e+01
6580.49566233 3.54370499e+01
6580.55123825 -1.87509308e+01
6580.60681417 2.47786522e+00
6580.66239009 1.78936043e+01
6580.71796602 3.08824062e+01
6580.77354194 -1.01860046e-01
6580.82911786 -2.39955444e+01
6580.88469378 -1.22139130e+01
6580.94026971 -1.41875305e+01
6580.99584563 -1.43158741e+01
6581.05142155 1.35396881e+01
6581.10699747 -5.85795403e+00
6581.16257340 1.31360264e+01
6581.21814932 3.22622299e+00
6581.27372524 -1.53455696e+01
6581.32930116 2.36722565e+01
6581.38487709 8.63396835e+00
6581.44045301 -1.84115009e+01
6581.49602893 -7.73778152e+00
6581.55160486 -1.54243164e+01
6581.60718078 -7.67486954e+00
6581.66275670 -5.58855820e+00
6581.71833262 6.58373260e+00
6581.77390855 6.42882538e+00
6581.82948447 -7.09609985e+00
6581.88506039 -2.79722366e+01
6581.94063631 8.07919502e+00
6581.99621224 4.23431396e-01
6582.05178816 3.12473869e+00
6582.10736408 7.30306053e+00
6582.16294000 -1.06156197e+01
6582.21851593 1.70794678e+00
6582.27409185 -2.12192650e+01
6582.32966777 1.33369446e+01
6582.38524369 -1.08006668e+00
6582.44081962 1.49037991e+01
6582.49639554 1.67348499e+01
6582.55197146 2.47270908e+01
6582.60754738 -9.77098083e+00
6582.66312331 -9.23203850e+00
6582.71869923 2.16901550e+01
6582.77427515 9.79381180e+00
6582.82985108 1.97356339e+01
6582.88542700 1.07245388e+01
6582.94100292 2.33642559e+01
6582.99657884 3.24627533e+01
6583.05215477 9.68659973e+00
6583.10773069 2.98571377e+01
6583.16330661 5.53418655e+01
6583.21888253 2.88656273e+01
6583.27445846 5.94920731e+00
6583.33003438 5.71640739e+01
6583.38561030 2.62190132e+01
6583.44118622 5.24685059e+01
6583.49676215 7.84156799e+01
6583.55233807 4.81025429e+01
6583.60791399 4.45803146e+01
6583.66348991 4.55890427e+01
6583.71906584 6.29998245e+01
6583.77464176 4.46783524e+01
6583.83021768 -2.89854813e+00
6583.88579360 1.76353989e+01
6583.94136953 3.86144409e+01
6583.99694545 -1.69259491e+01
6584.05252137 8.27105713e+00
6584.10809730 6.36184120e+00
6584.16367322 -2.01850929e+01
6584.21924914 1.63392639e+01
6584.27482506 1.73811340e+01
6584.33040099 1.05774326e+01
6584.38597691 1.96713028e+01
6584.44155283 2.43115177e+01
6584.49712875 2.81288452e+01
6584.55270468 3.92770386e+00
6584.60828060 6.61130905e+00
6584.66385652 2.34041882e+01
6584.71943244 1.02232170e+00
6584.77500837 8.92134094e+00
6584.83058429 6.14628601e+00
6584.88616021 -1.56102943e+00
6584.94173613 1.98528290e-01
6584.99731206 -2.71666718e+00
6585.05288798 2.55472946e+00
6585.10846390 -1.68051186e+01
6585.16403982 -3.39616470e+01
6585.21961575 5.47077179e-01
6585.27519167 -2.41647720e+00
6585.33076759 -6.33661461e+00
6585.38634352 -3.15983658e+01
6585.44191944 1.10849800e+01
6585.49749536 8.05569839e+00
6585.55307128 -4.35949898e+00
6585.60864721 8.38906097e+00
6585.66422313 -1.21140537e+01
6585.71979905 3.58069916e+01
6585.77537497 -2.29592667e+01
6585.83095090 1.01151352e+01
6585.88652682 1.01158028e+01
6585.94210274 1.51125336e+01
6585.99767866 3.11551666e+00
6586.05325459 1.49032249e+01
6586.10883051 8.18369675e+00
6586.16440643 -2.35839119e+01
6586.21998235 2.11359787e+00
6586.27555828 2.09671402e+00
6586.33113420 6.62138748e+00
6586.38671012 -2.18663731e+01
6586.44228604 5.41963196e+00
6586.49786197 -3.63407326e+00
6586.55343789 -9.85919189e+00
6586.60901381 5.24191284e+00
6586.66458973 1.41009903e+01
6586.72016566 4.40928268e+00
6586.77574158 6.08553314e+00
6586.83131750 8.89166832e+00
6586.88689343 2.94298172e+00
6586.94246935 2.24134445e-01
6586.99804527 -3.76958427e+01
6587.05362119 -9.41194916e+00
6587.10919712 -1.43808823e+01
6587.16477304 -1.49177723e+01
6587.22034896 3.56093597e+01
6587.27592488 6.21212006e-01
6587.33150081 3.94153900e+01
6587.38707673 2.00983353e+01
6587.44265265 2.44848938e+01
6587.49822857 -1.18074951e+01
6587.55380450 5.56671524e+00
6587.60938042 -8.62995148e+00
6587.66495634 -1.44374943e+01
6587.72053226 -5.02547836e+00
6587.77610819 1.82235508e+01
6587.83168411 2.65904808e+00
6587.88726003 1.58199177e+01
6587.94283595 -6.52355385e+00
6587.99841188 1.27357254e+01
6588.05398780 2.38378983e+01
6588.10956372 -1.38896666e+01
6588.16513965 -2.70124321e+01
6588.22071557 -1.92952499e+01
6588.27629149 -5.01675797e+00
6588.33186741 9.45927620e+00
6588.38744334 3.46327782e+00
6588.44301926 3.94406509e+00
6588.49859518 -5.46349716e+00
6588.55417110 -4.12781334e+00
6588.60974703 -2.34338589e+01
6588.66532295 -7.40030670e+00
6588.72089887 4.99344254e+00
6588.77647479 -8.05442429e+00
6588.83205072 -7.63812065e+00
6588.88762664 1.48639755e+01
6588.94320256 7.29076385e-01
6588.99877848 1.89956799e+01
6589.05435441 1.07753716e+01
6589.10993033 -6.73821831e+00
6589.16550625 2.34780273e+01
6589.22108217 3.57681770e+01
6589.27665810 -9.67205811e+00
6589.33223402 1.05340576e+00
6589.38780994 2.93370476e+01
6589.44338587 1.00512257e+01
6589.49896179 1.40299644e+01
6589.55453771 2.89231529e+01
6589.61011363 7.46771622e+00
6589.66568956 -1.00113487e+01
6589.72126548 -6.56590080e+00
6589.77684140 6.82947922e+00
6589.83241732 -1.95386829e+01
6589.88799325 3.97965050e+01
6589.94356917 1.70822487e+01
6589.99914509 -7.41853905e+00
6590.05472101 -2.03786564e+01
6590.11029694 6.28388596e+00
6590.16587286 -1.54175949e+00
6590.22144878 6.61062622e+00
6590.27702470 -4.47446823e-01
6590.33260063 6.89154053e+00
6590.38817655 7.99414825e+00
6590.44375247 -3.80421448e+00
6590.49932839 -9.33143425e+00
6590.55490432 1.80244598e+01
6590.61048024 -3.93780518e+00
6590.66605616 -1.93563251e+01
6590.72163209 -1.66551056e+01
6590.77720801 9.09915161e+00
6590.83278393 2.03051033e+01
6590.88835985 5.43586731e+00
6590.94393578 -1.28084297e+01
6590.99951170 -1.75035858e+01
6591.05508762 -6.44342422e-01
6591.11066354 2.45556259e+00
6591.16623947 -7.19645500e+00
6591.22181539 1.98582573e+01
6591.27739131 -5.37077332e+00
6591.33296723 -2.92335796e+00
6591.38854316 1.28098259e+01
6591.44411908 -1.53648529e+01
6591.49969500 -2.30418797e+01
6591.55527092 -1.30023766e+01
6591.61084685 -8.07281494e-01
6591.66642277 -1.39197140e+01
6591.72199869 4.32743835e+00
6591.77757461 -5.89680099e+00
6591.83315054 5.89331818e+00
6591.88872646 -1.37010460e+01
6591.94430238 -2.87620010e+01
6591.99987831 -4.21371460e-01
6592.05545423 -2.87269974e+00
6592.11103015 -7.34989166e+00
6592.16660607 5.80602646e+00
6592.22218200 1.73750534e+01
6592.27775792 1.29621887e+00
6592.33333384 -2.13758469e+01
6592.38890976 1.20837288e+01
6592.44448569 1.26248093e+01
6592.50006161 -5.14929199e+00
6592.55563753 1.38956356e+01
6592.61121345 -1.54920197e+01
6592.66678938 8.66993332e+00
6592.72236530 -4.20761299e+00
6592.77794122 1.97609444e+01
6592.83351714 1.07005615e+01
6592.88909307 -7.82882690e+00
6592.94466899 2.18828831e+01
6593.00024491 1.61427937e+01
6593.05582083 -4.26748085e+00
6593.11139676 1.65292015e+01
6593.16697268 3.69361877e-01
6593.22254860 -3.30682869e+01
6593.27812453 2.70766449e+01
6593.33370045 2.06066895e+00
6593.38927637 3.97784424e+00
6593.44485229 8.06324005e+00
6593.50042822 -2.52338982e+00
6593.55600414 2.70953751e+00
6593.61158006 2.04803715e+01
6593.66715598 1.86169739e+01
6593.72273191 2.44038181e+01
6593.77830783 -2.93341064e+00
6593.83388375 -1.83825855e+01
6593.88945967 1.22176971e+01
6593.94503560 3.22252045e+01
6594.00061152 -9.43373108e+00
6594.05618744 -4.10448532e+01
6594.11176336 1.82365627e+01
6594.16733929 2.71543198e+01
6594.22291521 -1.95281792e+01
6594.27849113 1.28617020e+01
6594.33406705 -2.50869560e+01
6594.38964298 2.73306084e+00
6594.44521890 2.44174576e+00
6594.50079482 7.33070374e+00
6594.55637075 -7.06695366e+00
6594.61194667 -2.64330673e+00
6594.66752259 2.85413361e+00
6594.72309851 1.30360451e+01
6594.77867444 5.35221863e+00
6594.83425036 6.25442696e+00
6594.88982628 1.43687496e+01
6594.94540220 3.43491745e+00
6595.00097813 1.60893173e+01
6595.05655405 -2.84513855e+01
6595.11212997 -2.30919113e+01
6595.16770589 1.52952576e+01
6595.22328182 1.44947262e+01
6595.27885774 3.98518372e+00
6595.33443366 -1.33464737e+01
6595.39000958 1.16873894e+01
6595.44558551 9.65855026e+00
6595.50116143 -6.69634438e+00
6595.55673735 3.34489250e+00
6595.61231327 -2.38580322e+01
6595.66788920 2.24773560e+01
6595.72346512 5.28874397e+00
6595.77904104 2.47790642e+01
6595.83461697 1.81063671e+01
6595.89019289 -2.58606281e+01
6595.94576881 -1.32007351e+01
6596.00134473 -1.94749470e+01
6596.05692066 -9.77184296e+00
6596.11249658 -1.17272339e+01
6596.16807250 1.66442070e+01
6596.22364842 1.95685577e+00
6596.27922435 -1.50340137e+01
6596.33480027 9.62887192e+00
6596.39037619 1.75482063e+01
6596.44595211 3.27910080e+01
6596.50152804 1.58327236e+01
6596.55710396 2.50675735e+01
6596.61267988 5.51393967e+01
6596.66825580 -3.46971741e+01
6596.72383173 1.77245045e+01
6596.77940765 3.86045303e+01
6596.83498357 1.14705868e+01
6596.89055949 5.28901100e+00
6596.94613542 -2.85333672e+01
6597.00171134 -2.91251602e+01
6597.05728726 3.62500381e+00
6597.11286319 3.97104111e+01
6597.16843911 -2.07223320e+00
6597.22401503 -1.16178970e+01
6597.27959095 5.02193832e+00
6597.33516688 -5.83105469e+00
6597.39074280 -1.34602356e+00
6597.44631872 4.20503616e+00
6597.50189464 -1.56445446e+01
6597.55747057 -7.47868538e+00
6597.61304649 1.83077812e+01
6597.66862241 5.16665077e+00
6597.72419833 -1.91501732e+01
6597.77977426 -1.44414139e+01
6597.83535018 -1.86765137e+01
6597.89092610 -1.16385899e+01
6597.94650202 -3.92984848e+01
6598.00207795 -1.58651981e+01
6598.05765387 1.80085373e+00
6598.11322979 9.23484802e-01
6598.16880571 -1.36648388e+01
6598.22438164 1.37019348e+01
6598.27995756 1.25032043e+00
6598.33553348 -8.68546677e+00
6598.39110941 -6.64827156e+00
6598.44668533 1.54713974e+01
6598.50226125 1.71614666e+01
6598.55783717 -2.16457615e+01
6598.61341310 -4.43217087e+00
6598.66898902 -5.55842972e+00
6598.72456494 -3.29465446e+01
6598.78014086 -1.12565956e+01
6598.83571679 2.33612556e+01
6598.89129271 -1.30932713e+01
6598.94686863 3.88623581e+01
6599.00244455 -4.04608154e+00
6599.05802048 2.35763741e+01
6599.11359640 5.00558090e+00
