# Rest-frame spectrum generated from: N2541C0002o_1d.fits
# lambda_Ha_obs = 6575.91700000 Angstrom
# lambda_Ha_rest = 6562.80000000 Angstrom
# z_Ha = 1.9986895837e-03
# v_Ha_relativistic = 598.593265 km/s
# v_Ha_classical = 599.192063 km/s
# columns: wavelength_rest[Angstrom] flux_or_counts

6543.19756980 2.15629444e+01
6543.25313869 2.15636272e+01
6543.30870758 2.15632477e+01
6543.36427647 2.15642128e+01
6543.41984536 2.15638199e+01
6543.47541425 2.15646210e+01
6543.53098314 2.15641594e+01
6543.58655203 2.15638199e+01
6543.64212092 2.15645256e+01
6543.69768980 2.15638046e+01
6543.75325869 2.15634251e+01
6543.80882758 2.15620918e+01
6543.86439647 2.15649757e+01
6543.91996536 2.16670799e+01
6543.97553425 2.59208908e+01
6544.03110314 1.85309334e+01
6544.08667203 1.67388058e+01
6544.14224092 -1.07588711e+01
6544.19780981 2.79828224e+01
6544.25337870 5.11711121e+01
6544.30894759 4.65560532e+00
6544.36451648 8.86373711e+00
6544.42008537 -1.64541225e+01
6544.47565426 -6.65858078e+00
6544.53122315 -2.79272652e+00
6544.58679204 -6.47690201e+00
6544.64236093 -9.68143463e+00
6544.69792982 1.60241756e+01
6544.75349871 -1.12412148e+01
6544.80906760 2.32788849e+00
6544.86463649 -5.73577499e+00
6544.92020538 -1.71935272e+00
6544.97577427 7.17666626e-01
6545.03134316 3.79729462e+00
6545.08691205 1.22166901e+01
6545.14248094 -1.58540421e+01
6545.19804982 -6.34240341e+00
6545.25361871 7.59566498e+00
6545.30918760 -1.08077736e+01
6545.36475649 -3.10563469e+01
6545.42032538 -1.58791637e+01
6545.47589427 -5.67642784e+00
6545.53146316 -2.22597160e+01
6545.58703205 -1.60890865e+01
6545.64260094 2.46333427e+01
6545.69816983 -9.52491760e+00
6545.75373872 2.32172527e+01
6545.80930761 2.57572117e+01
6545.86487650 -1.09735527e+01
6545.92044539 2.95755043e+01
6545.97601428 2.67326355e+01
6546.03158317 6.54016876e+00
6546.08715206 -8.52653503e-01
6546.14272095 2.22747364e+01
6546.19828984 3.34225960e+01
6546.25385873 1.75252266e+01
6546.30942762 -2.12314167e+01
6546.36499651 1.98958015e+00
6546.42056540 3.29074097e+00
6546.47613429 -1.74869213e+01
6546.53170318 -1.48693848e+01
6546.58727207 1.49536552e+01
6546.64284095 5.88955307e+00
6546.69840984 -1.45493259e+01
6546.75397873 -1.61911907e+01
6546.80954762 2.93289337e+01
6546.86511651 5.88927689e+01
6546.92068540 1.65459061e+00
6546.97625429 9.61795425e+00
6547.03182318 1.29391212e+01
6547.08739207 2.26390820e+01
6547.14296096 5.75370407e+00
6547.19852985 7.05905914e+00
6547.25409874 -2.27519264e+01
6547.30966763 -3.29098625e+01
6547.36523652 7.10930252e+00
6547.42080541 1.37214088e+01
6547.47637430 2.84914017e+00
6547.53194319 2.26288662e+01
6547.58751208 -3.18484573e+01
6547.64308097 3.05666161e+00
6547.69864986 1.38083916e+01
6547.75421875 -3.59300995e+00
6547.80978764 2.51631966e+01
6547.86535653 4.94743538e+01
6547.92092542 2.67841377e+01
6547.97649431 2.07629204e+01
6548.03206320 1.39614754e+01
6548.08763209 1.49207153e+01
6548.14320097 2.21197701e+01
6548.19876986 3.57774353e+01
6548.25433875 2.07442970e+01
6548.30990764 9.95484924e+00
6548.36547653 3.69219971e+00
6548.42104542 7.66726685e+00
6548.47661431 -3.70965958e+00
6548.53218320 2.98315029e+01
6548.58775209 3.39396896e+01
6548.64332098 2.79013596e+01
6548.69888987 -9.48066330e+00
6548.75445876 -2.00742188e+01
6548.81002765 -4.14482498e+01
6548.86559654 -2.57941284e+01
6548.92116543 -8.57125092e+00
6548.97673432 9.50622559e-02
6549.03230321 3.82022591e+01
6549.08787210 1.20983505e+00
6549.14344099 1.15258589e+01
6549.19900988 -6.18134308e+00
6549.25457877 -2.55206947e+01
6549.31014766 1.35280190e+01
6549.36571655 5.02434807e+01
6549.42128544 2.74284859e+01
6549.47685433 2.64956512e+01
6549.53242322 2.67800140e+00
6549.58799211 -7.12944031e-01
6549.64356099 1.05591202e+01
6549.69912988 6.14929199e+00
6549.75469877 2.83487587e+01
6549.81026766 3.74185066e+01
6549.86583655 1.55632324e+01
6549.92140544 2.47816372e+01
6549.97697433 -3.38069916e+00
6550.03254322 -3.49535561e+00
6550.08811211 5.09392548e+00
6550.14368100 -1.80582848e+01
6550.19924989 5.68356705e+00
6550.25481878 1.24531250e+01
6550.31038767 1.21906815e+01
6550.36595656 2.98600655e+01
6550.42152545 -1.37022533e+01
6550.47709434 -2.24602680e+01
6550.53266323 -2.74654236e+01
6550.58823212 -2.71998882e+00
6550.64380101 -5.73320007e+00
6550.69936990 -1.18736153e+01
6550.75493879 3.74486542e+00
6550.81050768 -1.08184433e+00
6550.86607657 5.59275055e+00
6550.92164546 1.66798172e+01
6550.97721435 2.96747360e+01
6551.03278324 -6.48563194e+00
6551.08835213 2.01513996e+01
6551.14392101 -1.42046585e+01
6551.19948990 -2.01243019e+01
6551.25505879 1.29782009e+01
6551.31062768 -1.28740158e+01
6551.36619657 -1.69873257e+01
6551.42176546 1.75244179e+01
6551.47733435 -3.32312393e+01
6551.53290324 1.46660843e+01
6551.58847213 -4.76232147e+00
6551.64404102 5.75688553e+00
6551.69960991 -6.23948097e+00
6551.75517880 -4.33684921e+00
6551.81074769 6.85689926e+00
6551.86631658 -1.85746078e+01
6551.92188547 -1.41548958e+01
6551.97745436 -4.05042267e+00
6552.03302325 2.36571388e+01
6552.08859214 2.15942383e+00
6552.14416103 4.40919495e+01
6552.19972992 8.30271149e+00
6552.25529881 1.89706421e+00
6552.31086770 1.17332611e+01
6552.36643659 1.40398979e+01
6552.42200548 2.23141441e+01
6552.47757437 -1.57683868e+01
6552.53314326 1.94592667e+00
6552.58871215 2.07997627e+01
6552.64428103 1.84509735e+01
6552.69984992 -2.77679176e+01
6552.75541881 -1.20932331e+01
6552.81098770 -2.37500286e+01
6552.86655659 -1.78780861e+01
6552.92212548 5.30607796e+00
6552.97769437 -1.00737877e+01
6553.03326326 4.29910011e+01
6553.08883215 2.92912922e+01
6553.14440104 6.47472382e+00
6553.19996993 3.20529861e+01
6553.25553882 -2.12512474e+01
6553.31110771 -3.73638954e+01
6553.36667660 -1.52064495e+01
6553.42224549 -1.24077606e+01
6553.47781438 7.62670135e+00
6553.53338327 -1.09083557e+00
6553.58895216 1.79324303e+01
6553.64452105 1.38911896e+01
6553.70008994 2.98339634e+01
6553.75565883 -3.46544266e-01
6553.81122772 -6.42662048e-01
6553.86679661 9.93930817e-01
6553.92236550 -2.56473541e+00
6553.97793439 4.26605225e-01
6554.03350328 1.05665665e+01
6554.08907217 9.88477325e+00
6554.14464105 1.58628998e+01
6554.20020994 1.60648270e+01
6554.25577883 -4.09839630e-01
6554.31134772 2.92983246e+00
6554.36691661 2.78935623e+00
6554.42248550 5.80394745e-01
6554.47805439 1.24671440e+01
6554.53362328 -1.05400238e+01
6554.58919217 1.27915878e+01
6554.64476106 8.88730621e+00
6554.70032995 -1.20128975e+01
6554.75589884 2.19409599e+01
6554.81146773 8.42895508e-02
6554.86703662 2.21816597e+01
6554.92260551 1.02443542e+01
6554.97817440 -1.37015457e+01
6555.03374329 8.45052338e+00
6555.08931218 -1.55272255e+01
6555.14488107 -3.58922577e+00
6555.20044996 3.12704029e+01
6555.25601885 1.61958847e+01
6555.31158774 1.32923164e+01
6555.36715663 3.98467636e+00
6555.42272552 9.91786385e+00
6555.47829441 8.47271729e+00
6555.53386330 3.15893784e+01
6555.58943219 1.84988556e+01
6555.64500107 -9.59812927e+00
6555.70056996 -5.71840668e+00
6555.75613885 1.81012726e+01
6555.81170774 1.98313141e+00
6555.86727663 1.24044304e+01
6555.92284552 2.97886982e+01
6555.97841441 -6.70071220e+00
6556.03398330 2.31197281e+01
6556.08955219 4.38723831e+01
6556.14512108 -3.51988182e+01
6556.20068997 -2.22534828e+01
6556.25625886 9.63184738e+00
6556.31182775 7.67347717e+00
6556.36739664 -3.69033432e+00
6556.42296553 -4.00490952e+00
6556.47853442 -2.42054977e+01
6556.53410331 2.83516655e+01
6556.58967220 1.62814903e+00
6556.64524109 -1.44466286e+01
6556.70080998 -7.28015709e+00
6556.75637887 7.47385025e+00
6556.81194776 -2.93567944e+01
6556.86751665 1.84088516e+00
6556.92308554 3.51702690e+00
6556.97865443 8.84048462e-01
6557.03422332 1.95159855e+01
6557.08979220 1.07724228e+01
6557.14536109 1.40510292e+01
6557.20092998 1.85855103e+00
6557.25649887 1.09080544e+01
6557.31206776 -2.60212059e+01
6557.36763665 8.21793747e+00
6557.42320554 2.49929810e+00
6557.47877443 3.72516632e+00
6557.53434332 1.95930634e+01
6557.58991221 3.43681335e-01
6557.64548110 8.36392593e+00
6557.70104999 -3.89993668e+00
6557.75661888 -2.92252350e+00
6557.81218777 -3.68075600e+01
6557.86775666 3.80743408e+00
6557.92332555 1.61293945e+01
6557.97889444 -2.76123638e+01
6558.03446333 9.96775055e+00
6558.09003222 4.03752899e+00
6558.14560111 1.60608025e+01
6558.20117000 -1.54866562e+01
6558.25673889 -2.21447563e+00
6558.31230778 -1.74791870e+01
6558.36787667 -1.75668774e+01
6558.42344556 -2.85972290e+01
6558.47901445 8.43372726e+00
6558.53458334 -3.06424847e+01
6558.59015222 1.28225746e+01
6558.64572111 6.05342484e+00
6558.70129000 -5.17206726e+01
6558.75685889 1.83241844e+01
6558.81242778 6.75840759e+00
6558.86799667 -2.92007427e+01
6558.92356556 -1.59361877e+01
6558.97913445 -2.99736404e+00
6559.03470334 2.59603367e+01
6559.09027223 1.06780014e+01
6559.14584112 -8.95298004e-01
6559.20141001 3.70346603e+01
6559.25697890 1.07954426e+01
6559.31254779 -2.34639359e+00
6559.36811668 1.71450806e+00
6559.42368557 2.30379944e+01
6559.47925446 6.70174026e+00
6559.53482335 -9.97870445e+00
6559.59039224 6.84456444e+00
6559.64596113 1.45457973e+01
6559.70153002 2.10139122e+01
6559.75709891 9.96553230e+00
6559.81266780 1.84986534e+01
6559.86823669 -4.46250916e-01
6559.92380558 1.06988144e+00
6559.97937447 3.59979286e+01
6560.03494336 2.04346924e+01
6560.09051224 -2.28211403e+00
6560.14608113 -2.12321548e+01
6560.20165002 -6.05284119e+00
6560.25721891 6.90319061e-01
6560.31278780 -1.00501747e+01
6560.36835669 2.34335251e+01
6560.42392558 1.74020500e+01
6560.47949447 -1.01950150e+01
6560.53506336 1.93243904e+01
6560.59063225 2.01721573e+00
6560.64620114 -1.37040215e+01
6560.70177003 2.12360859e+01
6560.75733892 -2.08420753e+01
6560.81290781 1.00674706e+01
6560.86847670 1.17442741e+01
6560.92404559 1.05617199e+01
6560.97961448 -2.60298157e+00
6561.03518337 9.12513733e-02
6561.09075226 2.20144005e+01
6561.14632115 -2.51395359e+01
6561.20189004 2.32510376e+01
6561.25745893 1.27043114e+01
6561.31302782 6.12873459e+00
6561.36859671 2.93466549e+01
6561.42416560 7.11536407e+00
6561.47973449 8.19990540e+00
6561.53530338 3.40611076e+01
6561.59087226 3.25647507e+01
6561.64644115 3.61282501e+01
6561.70201004 7.56879425e+00
6561.75757893 4.92000427e+01
6561.81314782 2.91265717e+01
6561.86871671 4.77545967e+01
6561.92428560 1.23737946e+01
6561.97985449 4.41248245e+01
6562.03542338 4.43534012e+01
6562.09099227 8.11874771e+01
6562.14656116 1.06306984e+02
6562.20213005 1.37864838e+02
6562.25769894 1.69218628e+02
6562.31326783 1.61232758e+02
6562.36883672 2.05830002e+02
6562.42440561 2.78095276e+02
6562.47997450 3.25187073e+02
6562.53554339 3.39450928e+02
6562.59111228 3.45913696e+02
6562.64668117 3.74969238e+02
6562.70225006 4.41081329e+02
6562.75781895 4.68740570e+02
6562.81338784 4.92912567e+02
6562.86895673 4.70923889e+02
6562.92452562 4.38934875e+02
6562.98009451 4.26288391e+02
6563.03566340 4.10025055e+02
6563.09123228 4.02961060e+02
6563.14680117 2.96196503e+02
6563.20237006 2.63723328e+02
6563.25793895 2.55152771e+02
6563.31350784 1.89179077e+02
6563.36907673 1.65314514e+02
6563.42464562 1.31439026e+02
6563.48021451 9.06392212e+01
6563.53578340 6.89948425e+01
6563.59135229 6.71802063e+01
6563.64692118 5.01930084e+01
6563.70249007 4.76821785e+01
6563.75805896 4.20911026e+00
6563.81362785 1.04077225e+01
6563.86919674 1.60335808e+01
6563.92476563 9.08224869e+00
6563.98033452 1.62417374e+01
6564.03590341 -4.06245804e+00
6564.09147230 -1.27790451e+01
6564.14704119 1.37400742e+01
6564.20261008 -1.82683334e+01
6564.25817897 2.02225037e+01
6564.31374786 -1.83895874e+00
6564.36931675 3.09137726e+00
6564.42488564 1.73353195e+00
6564.48045453 -5.17666245e+00
6564.53602342 -2.39240971e+01
6564.59159230 5.53999901e+00
6564.64716119 3.61225815e+01
6564.70273008 -1.33525352e+01
6564.75829897 4.78889465e+00
6564.81386786 -1.37091980e+01
6564.86943675 -1.77783203e+01
6564.92500564 2.03247337e+01
6564.98057453 -1.87788773e+00
6565.03614342 9.01261902e+00
6565.09171231 1.40841560e+01
6565.14728120 -2.79283524e+00
6565.20285009 -2.04275246e+01
6565.25841898 4.94349289e+00
6565.31398787 6.62337494e+00
6565.36955676 -3.14437866e-01
6565.42512565 -7.28928757e+00
6565.48069454 -9.67680740e+00
6565.53626343 7.39277267e+00
6565.59183232 1.30228081e+01
6565.64740121 8.19007111e+00
6565.70297010 2.09669952e+01
6565.75853899 -6.29180145e+00
6565.81410788 8.96473312e+00
6565.86967677 -2.19559097e+00
6565.92524566 -1.51536903e+01
6565.98081455 -1.53521252e+01
6566.03638343 9.67737579e+00
6566.09195232 -4.78449631e+00
6566.14752121 2.19844704e+01
6566.20309010 1.67838669e+00
6566.25865899 -1.68893242e+01
6566.31422788 -3.74517441e-01
6566.36979677 1.87493668e+01
6566.42536566 3.84808388e+01
6566.48093455 3.11812210e+01
6566.53650344 1.10280628e+01
6566.59207233 -1.11271248e+01
6566.64764122 9.32655716e+00
6566.70321011 1.26225586e+01
6566.75877900 5.07574844e+00
6566.81434789 -3.09921074e+00
6566.86991678 5.46195984e-01
6566.92548567 -6.34774017e+00
6566.98105456 1.89826508e+01
6567.03662345 1.44924469e+01
6567.09219234 7.72262955e+00
6567.14776123 -4.74788666e-01
6567.20333012 4.72892761e-01
6567.25889901 1.45861053e+01
6567.31446790 1.19720802e+01
6567.37003679 9.99312210e+00
6567.42560568 2.40109901e+01
6567.48117457 -3.38446159e+01
6567.53674345 -8.97774124e+00
6567.59231234 -5.15862656e+00
6567.64788123 -1.12550659e+01
6567.70345012 4.66747665e+00
6567.75901901 6.44738197e+00
6567.81458790 2.09323082e+01
6567.87015679 -6.66786957e+00
6567.92572568 -7.90992355e+00
6567.98129457 -1.17934780e+01
6568.03686346 3.13585663e+00
6568.09243235 2.85794449e+01
6568.14800124 1.01187172e+01
6568.20357013 -2.25405350e+01
6568.25913902 5.58581161e+00
6568.31470791 1.23293991e+01
6568.37027680 1.89082718e+01
6568.42584569 8.73159790e+00
6568.48141458 1.71643333e+01
6568.53698347 1.60548515e+01
6568.59255236 -7.70389557e-01
6568.64812125 3.96460342e+00
6568.70369014 -5.04735947e+00
6568.75925903 2.58628845e-01
6568.81482792 3.05899658e+01
6568.87039681 1.62343178e+01
6568.92596570 -1.12280350e+01
6568.98153459 1.20549202e+01
6569.03710347 7.41481400e+00
6569.09267236 -3.05777550e+01
6569.14824125 -6.71825409e+00
6569.20381014 -3.74143410e+01
6569.25937903 -3.45933533e+00
6569.31494792 2.79015026e+01
6569.37051681 1.79209900e+01
6569.42608570 3.32417297e+00
6569.48165459 -1.42238464e+01
6569.53722348 2.32881851e+01
6569.59279237 2.12109222e+01
6569.64836126 -1.79663391e+01
6569.70393015 6.69071007e+00
6569.75949904 4.37513580e+01
6569.81506793 5.62332458e+01
6569.87063682 4.60536575e+00
6569.92620571 1.14122353e+01
6569.98177460 -1.25952911e+00
6570.03734349 -2.38955002e+01
6570.09291238 -2.56069946e+00
6570.14848127 5.61415100e+00
6570.20405016 -2.74703217e+00
6570.25961905 7.66719818e-01
6570.31518794 1.13059959e+01
6570.37075683 1.30243969e+01
6570.42632572 1.34567184e+01
6570.48189461 -6.99795532e+00
6570.53746349 1.42182579e+01
6570.59303238 -1.19169998e+01
6570.64860127 -2.78465233e+01
6570.70417016 2.77752037e+01
6570.75973905 2.40501137e+01
6570.81530794 -1.70271797e+01
6570.87087683 -3.16790771e+00
6570.92644572 -1.86218204e+01
6570.98201461 -3.21891899e+01
6571.03758350 4.26673889e-01
6571.09315239 -1.86619892e+01
6571.14872128 -2.32336807e+01
6571.20429017 7.11025238e+00
6571.25985906 2.22767258e+01
6571.31542795 -5.13431168e+00
6571.37099684 -1.87934284e+01
6571.42656573 -3.28679504e+01
6571.48213462 -1.67645531e+01
6571.53770351 1.17513123e+01
6571.59327240 4.72462387e+01
6571.64884129 -2.36488361e+01
6571.70441018 -8.00297928e+00
6571.75997907 -2.72544861e+00
6571.81554796 1.15732079e+01
6571.87111685 -1.54372406e+00
6571.92668574 -1.77434616e+01
6571.98225463 1.20846405e+01
6572.03782351 5.52986526e+00
6572.09339240 -1.95943604e+01
6572.14896129 2.75786209e+00
6572.20453018 3.14641800e+01
6572.26009907 3.58021393e+01
6572.31566796 -1.16425743e+01
6572.37123685 -7.15856934e+00
6572.42680574 -2.36513920e+01
6572.48237463 -3.52274208e+01
6572.53794352 1.21118622e+01
6572.59351241 5.19961166e+00
6572.64908130 1.17785454e+01
6572.70465019 1.28712654e+00
6572.76021908 -2.47554398e+00
6572.81578797 2.11721001e+01
6572.87135686 -5.53653336e+00
6572.92692575 5.34761810e+00
6572.98249464 -1.15362263e+01
6573.03806353 -9.75387192e+00
6573.09363242 3.73367195e+01
6573.14920131 -5.77773666e+00
6573.20477020 -3.72698593e+00
6573.26033909 1.44027901e+00
6573.31590798 -4.05966187e+00
6573.37147687 3.14555893e+01
6573.42704576 4.33605576e+00
6573.48261465 -9.69675064e+00
6573.53818353 7.81875992e+00
6573.59375242 -1.82998352e+01
6573.64932131 -1.98134155e+01
6573.70489020 1.09342499e+01
6573.76045909 1.03395195e+01
6573.81602798 -2.02195740e+00
6573.87159687 -1.06409092e+01
6573.92716576 2.25521126e+01
6573.98273465 -7.41020584e+00
6574.03830354 -2.47837276e+01
6574.09387243 8.07616425e+00
6574.14944132 2.24833508e+01
6574.20501021 2.28469925e+01
6574.26057910 -7.85347748e+00
6574.31614799 1.90711746e+01
6574.37171688 4.13335800e+00
6574.42728577 1.64999237e+01
6574.48285466 1.61425552e+01
6574.53842355 2.65178795e+01
6574.59399244 -1.73721313e-02
6574.64956133 -1.89965420e+01
6574.70513022 -4.45233917e+01
6574.76069911 -1.08802147e+01
6574.81626800 -9.69794846e+00
6574.87183689 4.08159409e+01
6574.92740578 -1.19018936e+00
6574.98297467 1.23934650e+01
6575.03854355 -1.14154091e+01
6575.09411244 -1.13873329e+01
6575.14968133 -1.66767235e+01
6575.20525022 8.70318985e+00
6575.26081911 1.50386696e+01
6575.31638800 -1.66274376e+01
6575.37195689 -4.02317238e+00
6575.42752578 1.38103828e+01
6575.48309467 1.62061691e+00
6575.53866356 2.50816345e+00
6575.59423245 -1.73357162e+01
6575.64980134 -3.12684059e+01
6575.70537023 1.87702980e+01
6575.76093912 -4.63633347e+00
6575.81650801 -3.44285583e+00
6575.87207690 1.11919518e+01
6575.92764579 -3.61802673e+00
6575.98321468 -1.24644413e+01
6576.03878357 3.07858429e+01
6576.09435246 4.58727837e+00
6576.14992135 -8.80301666e+00
6576.20549024 -2.21088409e+01
6576.26105913 -7.78129578e-01
6576.31662802 9.59088135e+00
6576.37219691 2.22511292e-02
6576.42776580 -4.55780029e-01
6576.48333468 2.95692368e+01
6576.53890357 2.93379402e+01
6576.59447246 -6.07166672e+00
6576.65004135 -7.17251968e+00
6576.70561024 3.00389328e+01
6576.76117913 -2.06792202e+01
6576.81674802 -3.94290161e+00
6576.87231691 2.96658707e+00
6576.92788580 -2.97847366e+00
6576.98345469 1.45005798e+00
6577.03902358 -1.85242767e+01
6577.09459247 1.80408325e+01
6577.15016136 -2.16377048e+01
6577.20573025 1.83650589e+00
6577.26129914 1.19666576e+01
6577.31686803 3.22399139e+00
6577.37243692 1.94842148e+01
6577.42800581 2.00097580e+01
6577.48357470 -9.19113922e+00
6577.53914359 -1.51800690e+01
6577.59471248 6.37291718e+00
6577.65028137 -5.65371323e+00
6577.70585026 -2.83659210e+01
6577.76141915 -1.91852570e-01
6577.81698804 4.75821075e+01
6577.87255693 -1.11462402e+00
6577.92812582 -3.55399170e+01
6577.98369470 -2.03674774e+01
6578.03926359 1.49871178e+01
6578.09483248 6.41198730e+00
6578.15040137 -1.94514465e+00
6578.20597026 9.97055817e+00
6578.26153915 2.87872810e+01
6578.31710804 5.79627228e+00
6578.37267693 1.78866081e+01
6578.42824582 1.06559334e+01
6578.48381471 -1.81175613e+00
6578.53938360 -2.78084049e+01
6578.59495249 -2.35621395e+01
6578.65052138 2.96737289e+00
6578.70609027 1.26489639e+01
6578.76165916 -1.87318840e+01
6578.81722805 1.75030022e+01
6578.87279694 -1.73816280e+01
6578.92836583 6.85877228e+00
6578.98393472 -1.62803345e+01
6579.03950361 2.56801109e+01
6579.09507250 1.71406784e+01
6579.15064139 -1.24775715e+01
6579.20621028 1.00953636e+01
6579.26177917 -5.64927673e+00
6579.31734806 2.61376038e+01
6579.37291695 2.14533997e+00
6579.42848584 -1.19373322e+00
6579.48405472 1.33389511e+01
6579.53962361 2.86733627e+00
6579.59519250 5.33081245e+00
6579.65076139 -3.75355911e+00
6579.70633028 5.65236282e+00
6579.76189917 -1.39755630e+01
6579.81746806 -2.44282970e+01
6579.87303695 4.18184395e+01
6579.92860584 -7.78579712e-03
6579.98417473 2.64420204e+01
6580.03974362 -4.82278824e+00
6580.09531251 2.08772812e+01
6580.15088140 1.06696320e+00
6580.20645029 3.13880348e+01
6580.26201918 -7.53456116e-01
6580.31758807 6.26875305e+00
6580.37315696 -1.24356842e+00
6580.42872585 -8.01093674e+00
6580.48429474 -1.31282692e+01
6580.53986363 -5.71823502e+00
6580.59543252 2.47051506e+01
6580.65100141 -2.37626266e+00
6580.70657030 4.28834915e+00
6580.76213919 4.00807953e+01
6580.81770808 2.32103348e+00
6580.87327697 8.30908585e+00
6580.92884586 -3.79085884e+01
6580.98441474 -4.65080643e+00
6581.03998363 3.03425598e+00
6581.09555252 1.43674126e+01
6581.15112141 -2.19289837e+01
6581.20669030 -6.60884094e+00
6581.26225919 8.59202194e+00
6581.31782808 1.65549088e+00
6581.37339697 2.32528877e+01
6581.42896586 -7.46296310e+00
6581.48453475 1.63513374e+01
6581.54010364 2.40242538e+01
6581.59567253 1.21555862e+01
6581.65124142 9.38428879e+00
6581.70681031 3.74865913e+01
6581.76237920 2.85193405e+01
6581.81794809 -3.18311310e+00
6581.87351698 -7.64284897e+00
6581.92908587 -3.75907898e+00
6581.98465476 1.04676781e+01
6582.04022365 1.15737343e+01
6582.09579254 -6.97189713e+00
6582.15136143 1.87136536e+01
6582.20693032 2.17434998e+01
6582.26249921 8.63213348e+00
6582.31806810 -6.06117249e+00
6582.37363699 2.21780014e+01
6582.42920588 -1.55556107e+00
6582.48477476 -2.45618439e+00
6582.54034365 -6.67266846e-02
6582.59591254 -2.41191101e+00
6582.65148143 1.72533264e+01
6582.70705032 -4.32194138e+00
6582.76261921 8.24886703e+00
6582.81818810 2.46604919e+01
6582.87375699 -9.56948471e+00
6582.92932588 -3.40627060e+01
6582.98489477 -1.39989548e+01
6583.04046366 -5.90499115e+00
6583.09603255 2.18211842e+01
6583.15160144 -1.16614418e+01
6583.20717033 2.20194244e+01
6583.26273922 2.28039932e+01
6583.31830811 1.41374550e+01
6583.37387700 4.56937027e+00
6583.42944589 2.33538132e+01
6583.48501478 -2.50749168e+01
6583.54058367 1.43758926e+01
6583.59615256 6.94170761e+00
6583.65172145 8.98222351e+00
6583.70729034 6.01775742e+00
6583.76285923 2.88793182e+01
6583.81842812 1.65655174e+01
6583.87399701 2.42406807e+01
6583.92956590 2.83386593e+01
6583.98513478 1.29476395e+01
6584.04070367 2.00717354e+01
6584.09627256 -2.93240356e+00
6584.15184145 4.25304108e+01
6584.20741034 -1.83133698e+01
6584.26297923 1.19523125e+01
6584.31854812 5.47185135e+00
6584.37411701 8.60637665e-01
6584.42968590 -8.13426590e+00
6584.48525479 -1.40382271e+01
6584.54082368 1.22034836e+00
6584.59639257 -3.78515053e+01
6584.65196146 2.00469971e+00
6584.70753035 -4.54975662e+01
6584.76309924 -4.37221146e+00
6584.81866813 1.17822227e+01
6584.87423702 1.41545563e+01
6584.92980591 -1.67382660e+01
6584.98537480 2.16604233e+00
6585.04094369 8.61807251e+00
6585.09651258 -3.64065552e+00
6585.15208147 -1.41395988e+01
6585.20765036 2.08679924e+01
6585.26321925 -3.33669281e+00
6585.31878814 3.41422653e+00
6585.37435703 1.95950127e+01
6585.42992591 -3.77061996e+01
6585.48549480 1.04218292e+01
6585.54106369 -5.19380608e+01
6585.59663258 1.34314003e+01
6585.65220147 1.03705254e+01
6585.70777036 1.46730423e+00
6585.76333925 8.38597107e+00
6585.81890814 -8.07986450e+00
6585.87447703 -1.51321716e+01
6585.93004592 -2.79900742e+01
6585.98561481 -7.86436844e+00
6586.04118370 3.22849197e+01
6586.09675259 -1.92381153e+01
6586.15232148 1.71337166e+01
6586.20789037 1.96258965e+01
6586.26345926 -9.20174026e+00
6586.31902815 -2.67784882e+00
6586.37459704 -1.41140785e+01
6586.43016593 2.51713371e+01
6586.48573482 -3.79307556e+00
6586.54130371 -3.28492355e+00
6586.59687260 6.08473206e+00
6586.65244149 9.60591507e+00
6586.70801038 1.64512787e+01
6586.76357927 3.14769669e+01
6586.81914816 2.53187714e+01
6586.87471705 1.23715210e+01
6586.93028593 -3.11330414e+00
6586.98585482 -4.85533905e+00
6587.04142371 -5.71050644e+00
6587.09699260 -3.15742397e+01
6587.15256149 2.13159561e+00
6587.20813038 4.77125931e+00
6587.26369927 -1.24758911e+00
6587.31926816 -6.51767731e+00
6587.37483705 -1.90632153e+01
6587.43040594 -4.25834656e-01
6587.48597483 1.68383751e+01
6587.54154372 -3.12320709e-01
6587.59711261 -3.38782120e+01
6587.65268150 8.16028976e+00
6587.70825039 -7.71860886e+00
6587.76381928 -3.51829529e-02
6587.81938817 4.70774078e+00
6587.87495706 -1.06508369e+01
6587.93052595 -5.80118561e+00
6587.98609484 4.52592087e+00
6588.04166373 7.05850983e+00
6588.09723262 -1.56646290e+01
6588.15280151 1.62530251e+01
6588.20837040 -2.03963852e+00
6588.26393929 -1.97051392e+01
6588.31950818 -1.21766777e+01
6588.37507707 -3.39778404e+01
6588.43064595 4.00810814e+01
6588.48621484 7.58265305e+00
6588.54178373 5.70977783e+00
6588.59735262 1.49437523e+01
6588.65292151 -1.07307434e+01
6588.70849040 -5.28984451e+00
6588.76405929 -3.52604675e+00
6588.81962818 -2.31201649e+01
6588.87519707 2.47039871e+01
6588.93076596 6.79268646e+00
6588.98633485 -3.83203125e+00
6589.04190374 1.87851486e+01
6589.09747263 8.24240875e+00
6589.15304152 5.00793457e+00
6589.20861041 1.10639381e+01
6589.26417930 1.02008057e+00
6589.31974819 4.47319794e+00
6589.37531708 -1.46817970e+01
6589.43088597 1.54595947e+00
6589.48645486 1.83814392e+01
6589.54202375 -3.27347183e+01
6589.59759264 -1.41301422e+01
6589.65316153 -1.43831024e+01
6589.70873042 -1.02798080e+00
6589.76429931 -7.44052505e+00
6589.81986820 2.21849632e+01
6589.87543709 4.69202042e+00
6589.93100597 -7.91711807e+00
6589.98657486 -7.68528366e+00
6590.04214375 -1.45550766e+01
6590.09771264 3.26490402e+00
6590.15328153 -3.83868561e+01
6590.20885042 -1.02943039e+01
6590.26441931 -2.47282143e+01
6590.31998820 2.88097000e+00
6590.37555709 -1.52250633e+01
6590.43112598 -2.64800644e+00
6590.48669487 -2.45673866e+01
6590.54226376 4.79072571e+00
6590.59783265 1.64492378e+01
6590.65340154 -7.98526764e-01
6590.70897043 -1.13300323e+01
6590.76453932 -4.76028442e+00
6590.82010821 3.30736885e+01
6590.87567710 5.79994965e+00
6590.93124599 4.07885170e+01
6590.98681488 5.03821182e+00
6591.04238377 1.13545990e+00
6591.09795266 -4.88548279e+00
6591.15352155 -3.38662338e+00
6591.20909044 -3.47700996e+01
6591.26465933 1.07886314e+01
6591.32022822 2.48195648e-01
6591.37579711 -4.25352936e+01
6591.43136599 3.82869949e+01
6591.48693488 -1.16424103e+01
6591.54250377 -1.71620941e+00
6591.59807266 1.44706497e+01
6591.65364155 6.05099487e+00
6591.70921044 1.09708023e+00
6591.76477933 6.28964996e+00
6591.82034822 3.47595215e-02
6591.87591711 1.03153114e+01
6591.93148600 1.19179916e+01
6591.98705489 -1.23046684e+01
6592.04262378 -1.85314674e+01
6592.09819267 3.14517441e+01
6592.15376156 1.05888443e+01
6592.20933045 5.74667740e+00
6592.26489934 1.13938370e+01
6592.32046823 8.56067276e+00
6592.37603712 -1.56431618e+01
6592.43160601 3.47178497e+01
6592.48717490 1.93062592e+01
6592.54274379 -7.26935959e+00
6592.59831268 2.00167370e+01
6592.65388157 -6.55901718e+00
6592.70945046 -1.03288231e+01
6592.76501935 2.58238430e+01
6592.82058824 -2.32226181e+01
6592.87615713 -2.00249290e+01
6592.93172601 -1.45398178e+01
6592.98729490 -2.15670662e+01
6593.04286379 9.42299271e+00
6593.09843268 -3.46458817e+01
6593.15400157 -1.10565224e+01
6593.20957046 1.57866669e+01
6593.26513935 -7.96785355e+00
6593.32070824 6.36944580e+00
6593.37627713 1.22579193e+00
6593.43184602 3.31568451e+01
6593.48741491 1.98783569e+01
6593.54298380 2.04884911e+01
6593.59855269 5.59754944e+00
6593.65412158 9.30732536e+00
6593.70969047 -1.94043350e+00
6593.76525936 4.33231735e+00
6593.82082825 -1.63695107e+01
6593.87639714 -7.51499939e+00
6593.93196603 -2.46885910e+01
6593.98753492 1.45388718e+01
6594.04310381 2.31416588e+01
6594.09867270 9.19446564e+00
6594.15424159 1.97381592e+00
6594.20981048 -1.86411667e+00
6594.26537937 -5.14733505e+00
6594.32094826 1.10213699e+01
6594.37651715 -6.13155365e-01
6594.43208603 -4.00138435e+01
6594.48765492 -4.76335831e+01
6594.54322381 -1.62219315e+01
6594.59879270 -1.95877457e+01
6594.65436159 1.37525482e+01
6594.70993048 2.53076305e+01
6594.76549937 2.32926369e+01
6594.82106826 1.79758987e+01
6594.87663715 2.35968361e+01
6594.93220604 -2.36566353e+01
6594.98777493 -1.88745728e+01
6595.04334382 -3.85527420e+00
6595.09891271 1.77767181e+00
6595.15448160 -2.01235886e+01
6595.21005049 -2.18359756e+01
6595.26561938 2.03620529e+00
6595.32118827 -2.48163815e+01
6595.37675716 -2.37887955e+00
6595.43232605 -4.58103561e+00
6595.48789494 1.76265583e+01
6595.54346383 -1.77824249e+01
6595.59903272 2.26479530e+01
6595.65460161 -6.20875359e+00
6595.71017050 -1.96745758e+01
6595.76573939 3.48147583e+00
6595.82130828 1.71987915e+00
6595.87687716 -2.28682117e+01
6595.93244605 -7.43042374e+00
6595.98801494 -1.66085663e+01
6596.04358383 7.03595352e+00
6596.09915272 -1.65945339e+01
6596.15472161 3.54451141e+01
6596.21029050 1.10944691e+01
6596.26585939 2.07941933e+01
6596.32142828 -1.81103516e+00
6596.37699717 -6.95918655e+00
6596.43256606 1.07975388e+01
6596.48813495 4.19766617e+00
6596.54370384 5.70039368e+00
6596.59927273 -7.03075409e+00
6596.65484162 7.04658890e+00
6596.71041051 -2.80610256e+01
6596.76597940 3.89886017e+01
6596.82154829 -1.93808765e+01
6596.87711718 -6.77084732e+00
6596.93268607 3.53146744e+00
6596.98825496 -3.71752167e+00
6597.04382385 -3.32874718e+01
6597.09939274 -1.27135544e+01
6597.15496163 -4.22392654e+00
6597.21053052 -7.41638565e+00
6597.26609941 6.55886841e+00
6597.32166830 1.15961723e+01
6597.37723718 9.04672623e+00
6597.43280607 2.06680489e+01
6597.48837496 -2.76537704e+00
6597.54394385 7.66227722e+00
6597.59951274 8.60332489e+00
6597.65508163 -6.26274109e+00
6597.71065052 2.55727577e+01
6597.76621941 1.24592648e+01
6597.82178830 2.33560562e+00
6597.87735719 1.66108055e+01
6597.93292608 -1.42242298e+01
6597.98849497 1.18545914e+00
6598.04406386 -3.31218605e+01
6598.09963275 4.54929733e+00
6598.15520164 3.66365471e+01
6598.21077053 1.58299141e+01
6598.26633942 -1.95201874e-01
6598.32190831 4.62172318e+00
6598.37747720 -4.26375008e+01
6598.43304609 2.95600376e+01
6598.48861498 -2.02173462e+01
6598.54418387 -1.66835785e-01
6598.59975276 -1.54547062e+01
6598.65532165 -1.64688873e+00
6598.71089054 -1.57614517e+01
6598.76645943 1.13755169e+01
6598.82202832 6.19935226e+00
6598.87759720 9.70355606e+00
6598.93316609 2.00330925e+00
6598.98873498 -8.37321472e+00
6599.04430387 -3.03288269e+00
6599.09987276 1.53961067e+01
6599.15544165 4.49821472e+01
6599.21101054 -8.51018906e+00
6599.26657943 2.03057442e+01
6599.32214832 -3.03636856e+01
6599.37771721 -1.85922623e+00
6599.43328610 -1.49819069e+01
6599.48885499 1.17032814e+01
6599.54442388 -2.86957550e+00
