# Rest-frame spectrum generated from: N2541D0002o_1d.fits
# lambda_Ha_obs = 6577.04200000 Angstrom
# lambda_Ha_rest = 6562.80000000 Angstrom
# z_Ha = 2.1701103188e-03
# v_Ha_relativistic = 649.876790 km/s
# v_Ha_classical = 650.582707 km/s
# columns: wavelength_rest[Angstrom] flux_or_counts

6542.29273740 1.48518677e+01
6542.34841835 1.48429222e+01
6542.40409930 1.48423882e+01
6542.45978024 1.48433151e+01
6542.51546119 1.48512726e+01
6542.57114214 1.48431396e+01
6542.62682309 1.48427162e+01
6542.68250404 1.48517265e+01
6542.73818499 1.48518677e+01
6542.79386594 1.47197495e+01
6542.84954689 1.47192726e+01
6542.90522784 1.46394501e+01
6542.96090878 1.63266563e+01
6543.01658973 1.99797211e+01
6543.07227068 1.64130402e+01
6543.12795163 1.40704975e+01
6543.18363258 -9.43691444e+00
6543.23931353 -1.64565125e+01
6543.29499448 7.74093437e+00
6543.35067543 -8.91349411e+00
6543.40635638 1.47936783e+01
6543.46203733 -1.32104282e+01
6543.51771827 -1.63748550e+00
6543.57339922 5.56599426e+00
6543.62908017 -1.82079372e+01
6543.68476112 6.54458237e+00
6543.74044207 2.76695595e+01
6543.79612302 -2.60577831e+01
6543.85180397 -1.15075912e+01
6543.90748492 8.22539330e+00
6543.96316587 -3.45821381e-02
6544.01884681 1.06743126e+01
6544.07452776 -1.29721031e+01
6544.13020871 -2.22904472e+01
6544.18588966 1.27237282e+01
6544.24157061 1.13598785e+01
6544.29725156 -8.13009644e+00
6544.35293251 -1.99444580e+00
6544.40861346 2.66423607e+01
6544.46429441 -1.08744431e+01
6544.51997536 -1.15240784e+01
6544.57565630 5.15795517e+00
6544.63133725 -2.21046829e+00
6544.68701820 1.16252136e+00
6544.74269915 1.25990219e+01
6544.79838010 -2.31043320e+01
6544.85406105 1.97155685e+01
6544.90974200 3.21765518e+01
6544.96542295 -2.11362762e+01
6545.02110390 -1.35749474e+01
6545.07678484 -8.32449532e+00
6545.13246579 -1.88524857e+01
6545.18814674 -2.86973953e+00
6545.24382769 8.25322914e+00
6545.29950864 3.41855202e+01
6545.35518959 -1.90541077e+00
6545.41087054 -5.57498932e+00
6545.46655149 1.60882263e+01
6545.52223244 6.43896866e+00
6545.57791339 -4.80437469e+00
6545.63359433 -5.66803360e+00
6545.68927528 1.61996765e+01
6545.74495623 -1.36536598e+00
6545.80063718 2.90982056e+01
6545.85631813 -1.72223701e+01
6545.91199908 -7.28964996e+00
6545.96768003 7.68813324e+00
6546.02336098 1.81870422e+01
6546.07904193 1.54599113e+01
6546.13472288 9.67828369e+00
6546.19040382 -4.87888336e-01
6546.24608477 -3.24216080e+00
6546.30176572 4.26357651e+00
6546.35744667 -6.16329765e+00
6546.41312762 3.15705490e+01
6546.46880857 5.13083267e+00
6546.52448952 -6.31093025e+00
6546.58017047 1.00590820e+01
6546.63585142 -1.69985199e+01
6546.69153236 1.59097462e+01
6546.74721331 1.44417953e+00
6546.80289426 -3.65907288e+01
6546.85857521 -1.87874489e+01
6546.91425616 -1.36388779e+00
6546.96993711 2.29491043e+00
6547.02561806 1.72198906e+01
6547.08129901 -2.68309155e+01
6547.13697996 -2.37248821e+01
6547.19266091 3.77437592e+00
6547.24834185 -9.23786354e+00
6547.30402280 2.08695869e+01
6547.35970375 1.76769981e+01
6547.41538470 1.47644806e+00
6547.47106565 7.08921623e+00
6547.52674660 1.90376396e+01
6547.58242755 8.88033295e+00
6547.63810850 1.27252769e+01
6547.69378945 5.91299896e+01
6547.74947039 3.27130890e+00
6547.80515134 -1.39803352e+01
6547.86083229 -7.55368805e+00
6547.91651324 -7.54447937e-01
6547.97219419 -7.54472733e+00
6548.02787514 1.92267456e+01
6548.08355609 2.97714615e+00
6548.13923704 -2.97048607e+01
6548.19491799 2.25871429e+01
6548.25059894 2.31438522e+01
6548.30627988 1.67102470e+01
6548.36196083 1.88226471e+01
6548.41764178 -1.11960678e+01
6548.47332273 -1.21428642e+01
6548.52900368 1.15926056e+01
6548.58468463 2.61849403e+01
6548.64036558 7.08811569e+00
6548.69604653 2.30574837e+01
6548.75172748 3.72551804e+01
6548.80740842 1.09605980e+01
6548.86308937 1.68677483e+01
6548.91877032 -1.07392159e+01
6548.97445127 9.67078590e+00
6549.03013222 1.22344780e+01
6549.08581317 -8.69708824e+00
6549.14149412 1.53461666e+01
6549.19717507 1.87811890e+01
6549.25285602 -1.38074436e+01
6549.30853697 9.46675110e+00
6549.36421791 2.73759499e+01
6549.41989886 1.50167370e+01
6549.47557981 -1.85830288e+01
6549.53126076 1.73509369e+01
6549.58694171 2.29236412e+01
6549.64262266 -1.25945034e+01
6549.69830361 -1.98056526e+01
6549.75398456 -2.11418953e+01
6549.80966551 4.62740326e+00
6549.86534646 2.84939308e+01
6549.92102740 6.12197113e+00
6549.97670835 3.44587250e+01
6550.03238930 5.70159721e+00
6550.08807025 2.07251015e+01
6550.14375120 2.26078033e-01
6550.19943215 8.55158615e+00
6550.25511310 -8.57307434e+00
6550.31079405 1.44265594e+01
6550.36647500 9.69986343e+00
6550.42215594 1.95141182e+01
6550.47783689 -1.14336720e+01
6550.53351784 1.19504852e+01
6550.58919879 3.12336407e+01
6550.64487974 7.25914001e+00
6550.70056069 -2.15819855e+01
6550.75624164 -9.57345963e+00
6550.81192259 1.13663101e+01
6550.86760354 1.35989799e+01
6550.92328449 3.28161621e+00
6550.97896543 -6.91454697e+00
6551.03464638 1.54781189e+01
6551.09032733 1.69269562e+00
6551.14600828 -1.92624645e+01
6551.20168923 -6.01434135e+00
6551.25737018 1.87272587e+01
6551.31305113 1.38296814e+01
6551.36873208 -2.18537903e+00
6551.42441303 -1.90897408e+01
6551.48009397 -1.92291641e+00
6551.53577492 9.47030258e+00
6551.59145587 2.58447857e+01
6551.64713682 2.01821976e+01
6551.70281777 -4.11959953e+01
6551.75849872 1.92387009e+00
6551.81417967 2.41661072e-02
6551.86986062 -5.95126915e+00
6551.92554157 1.14046211e+01
6551.98122252 9.37255478e+00
6552.03690346 -4.36502113e+01
6552.09258441 -5.03514099e+00
6552.14826536 1.62054634e+01
6552.20394631 1.59726372e+01
6552.25962726 9.74031830e+00
6552.31530821 -1.77903385e+01
6552.37098916 9.89962387e+00
6552.42667011 -6.06018066e+00
6552.48235106 1.05601006e+01
6552.53803200 5.13660469e+01
6552.59371295 -1.01198940e+01
6552.64939390 -2.23229141e+01
6552.70507485 -3.32725334e+00
6552.76075580 1.27648811e+01
6552.81643675 7.50595284e+00
6552.87211770 -4.25093079e+00
6552.92779865 -3.49805450e+00
6552.98347960 -6.92422104e+00
6553.03916055 -2.18177090e+01
6553.09484149 -2.80575180e+00
6553.15052244 -1.80951424e+01
6553.20620339 -1.26117897e+01
6553.26188434 2.57006702e+01
6553.31756529 5.55387115e+00
6553.37324624 -5.81752396e+00
6553.42892719 -2.20764484e+01
6553.48460814 1.56936989e+01
6553.54028909 -1.38213120e+01
6553.59597004 -1.13591957e+01
6553.65165098 -5.66245270e+00
6553.70733193 -1.01343613e+01
6553.76301288 1.60782413e+01
6553.81869383 5.05451584e+00
6553.87437478 -2.19011021e+01
6553.93005573 -1.20736256e+01
6553.98573668 6.77758789e+00
6554.04141763 -2.61899490e+01
6554.09709858 2.16445923e-01
6554.15277952 -3.24643135e+00
6554.20846047 -3.86092834e+01
6554.26414142 3.89606476e+00
6554.31982237 -7.36232376e+00
6554.37550332 2.47289276e+00
6554.43118427 5.47841644e+00
6554.48686522 -6.13867569e+00
6554.54254617 4.11799698e+01
6554.59822712 3.91211777e+01
6554.65390807 -1.55465412e+01
6554.70958901 2.22369251e+01
6554.76526996 1.49193611e+01
6554.82095091 6.99230576e+00
6554.87663186 -9.37115097e+00
6554.93231281 1.65447674e+01
6554.98799376 -2.14935303e+01
6555.04367471 -3.79406738e+00
6555.09935566 -6.26171112e+00
6555.15503661 2.09138432e+01
6555.21071755 3.50040054e+00
6555.26639850 -6.05552673e+00
6555.32207945 3.14683914e+00
6555.37776040 1.37395420e+01
6555.43344135 2.14274979e+00
6555.48912230 8.72601318e+00
6555.54480325 -6.87373161e+00
6555.60048420 1.47309723e+01
6555.65616515 1.63480377e+01
6555.71184610 -5.99510193e+00
6555.76752704 2.48794556e-02
6555.82320799 -1.63885841e+01
6555.87888894 -1.93422661e+01
6555.93456989 -2.29923744e+01
6555.99025084 -3.79465714e+01
6556.04593179 -2.67021999e+01
6556.10161274 8.95081711e+00
6556.15729369 8.57731628e+00
6556.21297464 1.26764526e+01
6556.26865558 1.06980286e+01
6556.32433653 -1.73479271e+00
6556.38001748 -1.08267403e+01
6556.43569843 6.26176834e+00
6556.49137938 -8.16672516e+00
6556.54706033 -3.81744423e+01
6556.60274128 1.05306015e+01
6556.65842223 -7.64909744e+00
6556.71410318 3.08174076e+01
6556.76978413 -2.63327065e+01
6556.82546507 -1.88611088e+01
6556.88114602 1.85786209e+01
6556.93682697 1.29410954e+01
6556.99250792 1.82647247e+01
6557.04818887 -1.21493931e+01
6557.10386982 -1.97754364e+01
6557.15955077 -2.02063065e+01
6557.21523172 2.60508766e+01
6557.27091267 1.05704899e+01
6557.32659362 -1.12667923e+01
6557.38227456 2.41713696e+01
6557.43795551 1.84209614e+01
6557.49363646 7.15258789e+00
6557.54931741 -1.06049194e+01
6557.60499836 -1.07083721e+01
6557.66067931 3.17754364e+00
6557.71636026 -8.70836639e+00
6557.77204121 -1.85450439e+01
6557.82772216 -3.71884041e+01
6557.88340310 1.27823677e+01
6557.93908405 5.85887909e-01
6557.99476500 2.32084885e+01
6558.05044595 1.69215698e+01
6558.10612690 2.04250793e+01
6558.16180785 -9.95730591e+00
6558.21748880 1.01885071e+01
6558.27316975 -1.78112907e+01
6558.32885070 -2.83563995e+00
6558.38453165 7.12628746e+00
6558.44021259 2.17873669e+01
6558.49589354 -2.66422405e+01
6558.55157449 -4.14950714e+01
6558.60725544 -2.61750031e+00
6558.66293639 -2.68530388e+01
6558.71861734 -3.79300499e+00
6558.77429829 3.09182549e+01
6558.82997924 -2.95600033e+01
6558.88566019 2.90239716e+00
6558.94134113 7.60350037e+00
6558.99702208 4.79520988e+00
6559.05270303 8.85040665e+00
6559.10838398 8.21041870e+00
6559.16406493 -3.79843597e+01
6559.21974588 -8.20787239e+00
6559.27542683 6.38625717e+00
6559.33110778 -1.00592022e+01
6559.38678873 1.76306000e+01
6559.44246968 1.30035248e+01
6559.49815062 -7.70701218e+00
6559.55383157 1.51073074e+00
6559.60951252 1.99275970e+00
6559.66519347 -5.07743454e+00
6559.72087442 -3.95961761e-01
6559.77655537 -2.37226257e+01
6559.83223632 6.80816269e+00
6559.88791727 -9.14812851e+00
6559.94359822 -2.24387798e+01
6559.99927916 -2.14680843e+01
6560.05496011 2.01523819e+01
6560.11064106 4.08602524e+00
6560.16632201 -4.23878098e+00
6560.22200296 7.35332489e+00
6560.27768391 3.90705566e+01
6560.33336486 -4.80286026e+00
6560.38904581 2.76412315e+01
6560.44472676 -1.42106857e+01
6560.50040771 -2.88455048e+01
6560.55608865 7.89188385e-01
6560.61176960 8.71089172e+00
6560.66745055 2.15226402e+01
6560.72313150 5.93235779e+00
6560.77881245 2.94657516e+00
6560.83449340 2.65024071e+01
6560.89017435 4.47828789e+01
6560.94585530 -2.80523701e+01
6561.00153625 -1.33728714e+01
6561.05721720 1.00366440e+01
6561.11289814 -4.97367859e+00
6561.16857909 -2.06678391e+00
6561.22426004 -7.39126587e+00
6561.27994099 1.09746685e+01
6561.33562194 3.06235313e+01
6561.39130289 1.38702774e+00
6561.44698384 -1.08001060e+01
6561.50266479 2.03146629e+01
6561.55834574 3.72529984e+01
6561.61402668 3.30630646e+01
6561.66970763 2.86528664e+01
6561.72538858 2.43355942e+00
6561.78106953 1.64420052e+01
6561.83675048 1.27129745e+00
6561.89243143 2.53857880e+01
6561.94811238 3.17817039e+01
6562.00379333 7.31967926e+00
6562.05947428 1.35109825e+01
6562.11515523 6.98128662e+01
6562.17083617 5.30314064e+01
6562.22651712 7.69206390e+01
6562.28219807 1.01854469e+02
6562.33787902 1.38171570e+02
6562.39355997 1.14213417e+02
6562.44924092 1.59038422e+02
6562.50492187 1.48713928e+02
6562.56060282 1.83742599e+02
6562.61628377 1.85146744e+02
6562.67196471 1.93685638e+02
6562.72764566 2.15752808e+02
6562.78332661 2.24880554e+02
6562.83900756 2.16232880e+02
6562.89468851 2.03763657e+02
6562.95036946 1.99025436e+02
6563.00605041 1.84660828e+02
6563.06173136 1.57411621e+02
6563.11741231 1.55287109e+02
6563.17309326 1.38986511e+02
6563.22877420 1.06755264e+02
6563.28445515 1.07203476e+02
6563.34013610 7.43055191e+01
6563.39581705 1.11898941e+02
6563.45149800 8.17197800e+01
6563.50717895 4.35871391e+01
6563.56285990 2.07557755e+01
6563.61854085 2.34149055e+01
6563.67422180 4.39155579e+01
6563.72990274 1.61372337e+01
6563.78558369 1.91986694e+01
6563.84126464 2.49794674e+01
6563.89694559 1.77681427e+01
6563.95262654 3.72838211e+00
6564.00830749 1.75446892e+01
6564.06398844 4.93721390e+00
6564.11966939 -1.05064201e+01
6564.17535034 1.13345146e+01
6564.23103129 -9.55833054e+00
6564.28671223 1.68924026e+01
6564.34239318 7.28217316e+00
6564.39807413 1.98038406e+01
6564.45375508 9.96418381e+00
6564.50943603 2.23600235e+01
6564.56511698 1.34527206e+00
6564.62079793 -7.08568192e+00
6564.67647888 5.24993896e+00
6564.73215983 1.94550056e+01
6564.78784078 4.46277885e+01
6564.84352172 1.49568539e+01
6564.89920267 2.20668068e+01
6564.95488362 2.42008858e+01
6565.01056457 -3.28524017e+00
6565.06624552 1.19122925e+01
6565.12192647 3.13411293e+01
6565.17760742 5.81210709e+00
6565.23328837 -1.44645386e+01
6565.28896932 4.11747551e+01
6565.34465026 4.31507492e+00
6565.40033121 1.74034271e+01
6565.45601216 -1.55800247e+00
6565.51169311 -2.17613697e+01
6565.56737406 -2.88344955e+00
6565.62305501 1.38999157e+01
6565.67873596 5.68144226e+00
6565.73441691 6.28463745e-01
6565.79009786 3.49758530e+00
6565.84577881 3.60613251e+00
6565.90145975 1.79731369e+00
6565.95714070 -1.05203590e+01
6566.01282165 -1.67372646e+01
6566.06850260 7.29687500e+00
6566.12418355 -1.16668434e+01
6566.17986450 7.05810547e+00
6566.23554545 1.13199005e+01
6566.29122640 7.58649445e+00
6566.34690735 3.24373245e+01
6566.40258829 -1.33413315e+00
6566.45826924 3.53611526e+01
6566.51395019 2.19359970e+01
6566.56963114 9.52085495e+00
6566.62531209 -1.59732056e+00
6566.68099304 2.18840218e+00
6566.73667399 1.71194782e+01
6566.79235494 1.48388252e+01
6566.84803589 -8.77803421e+00
6566.90371684 -1.59854183e+01
6566.95939778 5.70581245e+00
6567.01507873 -3.03405228e+01
6567.07075968 1.87704906e+01
6567.12644063 6.85876465e+00
6567.18212158 -1.55068607e+01
6567.23780253 -2.32740250e+01
6567.29348348 1.88862782e+01
6567.34916443 1.91659222e+01
6567.40484538 -1.04891357e+01
6567.46052632 3.03025246e+01
6567.51620727 9.21598053e+00
6567.57188822 -2.58272095e+01
6567.62756917 -1.13739357e+01
6567.68325012 3.36773758e+01
6567.73893107 3.36747284e+01
6567.79461202 1.34984665e+01
6567.85029297 2.02488537e+01
6567.90597392 4.17927475e+01
6567.96165487 1.00975876e+01
6568.01733581 -1.40821896e+01
6568.07301676 -1.45225525e-01
6568.12869771 7.11321259e+00
6568.18437866 2.29182835e+01
6568.24005961 4.42020035e+00
6568.29574056 -4.44232368e+00
6568.35142151 6.27618408e+00
6568.40710246 1.46649361e+01
6568.46278341 2.29778557e+01
6568.51846436 5.86772537e+00
6568.57414530 1.68436737e+01
6568.62982625 3.90644455e+00
6568.68550720 2.23666077e+01
6568.74118815 8.94835663e+00
6568.79686910 -2.89675522e+00
6568.85255005 3.56958008e+00
6568.90823100 -4.20593834e+00
6568.96391195 -2.67473965e+01
6569.01959290 2.82140770e+01
6569.07527384 1.76205292e+01
6569.13095479 -2.41439819e-01
6569.18663574 1.96583595e+01
6569.24231669 -2.67352486e+00
6569.29799764 1.52819519e+01
6569.35367859 1.67421150e+01
6569.40935954 2.70087376e+01
6569.46504049 7.34252930e-01
6569.52072144 -1.60411835e+01
6569.57640239 9.04544830e-01
6569.63208333 -1.37529449e+01
6569.68776428 1.51907291e+01
6569.74344523 2.23156357e+01
6569.79912618 1.31237507e+01
6569.85480713 -1.22274132e+01
6569.91048808 -4.30609894e+00
6569.96616903 -1.84126282e+01
6570.02184998 -8.14334869e-01
6570.07753093 3.56502914e+00
6570.13321187 7.63022614e+00
6570.18889282 1.88304863e+01
6570.24457377 -4.17090225e+00
6570.30025472 -1.44028854e+00
6570.35593567 2.41983414e+01
6570.41161662 2.26479950e+01
6570.46729757 -1.28126945e+01
6570.52297852 -3.22430038e+01
6570.57865947 3.01742058e+01
6570.63434042 3.65939331e+00
6570.69002136 1.19936485e+01
6570.74570231 -7.84333801e+00
6570.80138326 1.26189384e+01
6570.85706421 1.37005768e+01
6570.91274516 3.61174011e+00
6570.96842611 -1.30076160e+01
6571.02410706 1.39618568e+01
6571.07978801 5.77202606e+00
6571.13546896 -1.76432037e+00
6571.19114990 -3.79428864e-01
6571.24683085 -6.71203613e-01
6571.30251180 -6.57553482e+00
6571.35819275 -1.66992512e+01
6571.41387370 -3.02054768e+01
6571.46955465 -2.79884529e+01
6571.52523560 -3.23764801e-01
6571.58091655 2.51335030e+01
6571.63659750 2.02880001e+01
6571.69227845 -2.18305969e+00
6571.74795939 -2.31631851e+01
6571.80364034 -1.31027985e+00
6571.85932129 -8.47106361e+00
6571.91500224 1.00910492e+01
6571.97068319 -1.87954330e+00
6572.02636414 -8.81435585e+00
6572.08204509 6.43482208e-01
6572.13772604 -7.99676514e+00
6572.19340699 1.61051636e+01
6572.24908794 -6.55783272e+00
6572.30476888 -2.53027496e+01
6572.36044983 -1.41144753e+01
6572.41613078 2.84442329e+01
6572.47181173 1.61829948e+01
6572.52749268 1.72142792e+01
6572.58317363 3.36721497e+01
6572.63885458 2.66991215e+01
6572.69453553 1.34976807e+01
6572.75021648 4.77981033e+01
6572.80589742 2.37255478e+01
6572.86157837 -2.96819878e+00
6572.91725932 -3.39792862e+01
6572.97294027 -8.20336151e+00
6573.02862122 3.29571762e+01
6573.08430217 1.87373276e+01
6573.13998312 2.01365280e+01
6573.19566407 -1.06515083e+01
6573.25134502 2.18891487e+01
6573.30702597 1.54634857e+01
6573.36270691 2.87059860e+01
6573.41838786 -2.43340778e+01
6573.47406881 2.28550167e+01
6573.52974976 1.48447571e+01
6573.58543071 1.81699409e+01
6573.64111166 1.07306480e+01
6573.69679261 2.08681755e+01
6573.75247356 9.82470322e+00
6573.80815451 3.45468521e+00
6573.86383545 1.85996704e+01
6573.91951640 -5.23162842e+00
6573.97519735 -2.94569836e+01
6574.03087830 -4.51519394e+00
6574.08655925 -3.22166443e+00
6574.14224020 -1.62942657e+01
6574.19792115 -1.61276531e+01
6574.25360210 -2.08095512e+01
6574.30928305 3.88513947e+00
6574.36496400 -1.89069939e+01
6574.42064494 7.60872650e+00
6574.47632589 2.37823334e+01
6574.53200684 -1.96039963e+00
6574.58768779 -3.39702377e+01
6574.64336874 -8.89673615e+00
6574.69904969 1.50357094e+01
6574.75473064 1.12297821e+01
6574.81041159 1.21743317e+01
6574.86609254 2.67834892e+01
6574.92177348 -2.01280136e+01
6574.97745443 -1.56161594e+01
6575.03313538 2.21958160e-01
6575.08881633 8.51161575e+00
6575.14449728 1.21785221e+01
6575.20017823 -1.11380424e+01
6575.25585918 3.37237167e+01
6575.31154013 4.62647247e+00
6575.36722108 1.18379555e+01
6575.42290203 1.78889122e+01
6575.47858297 -1.57808437e+01
6575.53426392 7.10400009e+00
6575.58994487 3.50304031e+00
6575.64562582 2.74269218e+01
6575.70130677 -1.01235199e+00
6575.75698772 -7.09807968e+00
6575.81266867 -1.18250809e+01
6575.86834962 -1.42847481e+01
6575.92403057 6.41007233e+00
6575.97971152 -4.08950424e+00
6576.03539246 9.88168335e+00
6576.09107341 -8.45783806e+00
6576.14675436 -1.59630585e+00
6576.20243531 -1.34402466e+00
6576.25811626 6.04106522e+00
6576.31379721 3.59254074e+00
6576.36947816 3.88092842e+01
6576.42515911 1.56228371e+01
6576.48084006 -5.00539398e+00
6576.53652100 3.21091995e+01
6576.59220195 3.35631485e+01
6576.64788290 2.62823792e+01
6576.70356385 -3.17356110e-01
6576.75924480 4.29969025e+00
6576.81492575 3.61557770e+00
6576.87060670 2.57760868e+01
6576.92628765 -7.36339569e-01
6576.98196860 1.32809677e+01
6577.03764955 1.43617134e+01
6577.09333049 -9.48009491e-01
6577.14901144 1.37785072e+01
6577.20469239 2.71600761e+01
6577.26037334 -7.30532455e+00
6577.31605429 -2.55190277e+00
6577.37173524 1.37383881e+01
6577.42741619 -7.20710754e-01
6577.48309714 1.38930283e+01
6577.53877809 -1.59567261e+00
6577.59445903 -3.26206894e+01
6577.65013998 -3.87945175e+00
6577.70582093 1.85846596e+01
6577.76150188 -3.03618221e+01
6577.81718283 7.59805298e+00
6577.87286378 2.81549072e+00
6577.92854473 9.31545639e+00
6577.98422568 -1.42689171e+01
6578.03990663 -3.00350113e+01
6578.09558758 1.20333939e+01
6578.15126852 1.97840614e+01
6578.20694947 5.89141846e+00
6578.26263042 -2.63837662e+01
6578.31831137 -6.42634964e+00
6578.37399232 -1.07691364e+01
6578.42967327 2.99171448e+01
6578.48535422 -2.28584156e+01
6578.54103517 -1.48484573e+01
6578.59671612 -1.21692505e+01
6578.65239706 1.47854385e+01
6578.70807801 2.84908981e+01
6578.76375896 -4.14647293e+00
6578.81943991 -4.23678589e+00
6578.87512086 1.73636398e+01
6578.93080181 5.78772736e+00
6578.98648276 8.88467789e+00
6579.04216371 -8.01948547e-01
6579.09784466 -1.98563385e+00
6579.15352561 3.20656967e+00
6579.20920655 1.08929863e+01
6579.26488750 -2.16297150e-01
6579.32056845 6.40449142e+00
6579.37624940 1.36782722e+01
6579.43193035 1.44664421e+01
6579.48761130 -1.55590363e+01
6579.54329225 6.75917244e+00
6579.59897320 2.71508904e+01
6579.65465415 1.47905540e+01
6579.71033510 -1.58690319e+01
6579.76601604 1.01604004e+01
6579.82169699 -2.77068443e+01
6579.87737794 -1.06357422e+01
6579.93305889 1.44576340e+01
6579.98873984 1.84974346e+01
6580.04442079 2.21669693e+01
6580.10010174 1.49514923e+01
6580.15578269 -5.82247162e+00
6580.21146364 -1.11290550e+01
6580.26714458 -1.63961792e+00
6580.32282553 -3.79838181e+00
6580.37850648 7.62641525e+00
6580.43418743 1.52311096e+01
6580.48986838 2.66613007e+00
6580.54554933 -2.10772018e+01
6580.60123028 1.20990715e+01
6580.65691123 4.06377792e+00
6580.71259218 8.88337326e+00
6580.76827313 -8.89572906e+00
6580.82395407 -1.23867874e+01
6580.87963502 1.86473961e+01
6580.93531597 -2.10205879e+01
6580.99099692 -3.20036011e+01
6581.04667787 -9.89672279e+00
6581.10235882 2.45737190e+01
6581.15803977 1.04288635e+01
6581.21372072 4.00537109e+00
6581.26940167 2.23353882e+01
6581.32508261 -1.90151157e+01
6581.38076356 -2.03840218e+01
6581.43644451 1.80975056e+01
6581.49212546 -5.78413391e+00
6581.54780641 3.01114197e+01
6581.60348736 2.30776405e+01
6581.65916831 -8.15637970e+00
6581.71484926 7.35620117e+00
6581.77053021 -3.55200958e+00
6581.82621116 2.76742477e+01
6581.88189210 2.22310295e+01
6581.93757305 -1.69285164e+01
6581.99325400 1.91718216e+01
6582.04893495 2.34796410e+01
6582.10461590 -2.49857044e+01
6582.16029685 -8.12565613e+00
6582.21597780 4.70706177e+00
6582.27165875 -2.67322083e+01
6582.32733970 -3.43894196e+01
6582.38302064 1.43927765e+00
6582.43870159 3.22145157e+01
6582.49438254 -6.14620590e+00
6582.55006349 1.42047882e+00
6582.60574444 9.06912231e+00
6582.66142539 2.08063126e+00
6582.71710634 -4.27260780e+00
6582.77278729 9.54353333e+00
6582.82846824 2.12293396e+01
6582.88414919 2.09524803e+01
6582.93983013 -1.06805801e+00
6582.99551108 -2.43138962e+01
6583.05119203 -5.82036209e+00
6583.10687298 -1.17979279e+01
6583.16255393 1.58010826e+01
6583.21823488 1.64568863e+01
6583.27391583 -6.64468384e+00
6583.32959678 3.13929443e+01
6583.38527773 1.75067291e+01
6583.44095868 3.85798073e+01
6583.49663962 2.78031883e+01
6583.55232057 3.83992004e+00
6583.60800152 -1.98065796e+01
6583.66368247 -1.01609535e+01
6583.71936342 -3.48963928e+01
6583.77504437 -7.04925537e-01
6583.83072532 1.13170967e+01
6583.88640627 3.86743851e+01
6583.94208722 3.19799881e+01
6583.99776816 1.41922417e+01
6584.05344911 2.16852303e+01
6584.10913006 7.98616028e+00
6584.16481101 2.65648384e+01
6584.22049196 -4.34059906e+00
6584.27617291 -8.25264740e+00
6584.33185386 7.64387512e+00
6584.38753481 9.20679855e+00
6584.44321576 -1.14716301e+01
6584.49889671 -1.19332275e+01
6584.55457765 1.34525299e+00
6584.61025860 -1.35076981e+01
6584.66593955 2.26445770e+00
6584.72162050 5.30247498e+00
6584.77730145 2.22047729e+01
6584.83298240 -1.52072506e+01
6584.88866335 -2.01226101e+01
6584.94434430 1.86807003e+01
6585.00002525 -3.24432373e-01
6585.05570619 7.19802094e+00
6585.11138714 -1.84053497e+01
6585.16706809 2.91915512e+00
6585.22274904 1.35231972e+01
6585.27842999 -4.23242950e+00
6585.33411094 -1.02443123e+01
6585.38979189 3.87838440e+01
6585.44547284 -4.18199539e+00
6585.50115379 -1.78989258e+01
6585.55683474 -3.20822525e+00
6585.61251568 -5.77966309e+00
6585.66819663 1.14699173e+01
6585.72387758 -1.51807556e+01
6585.77955853 2.56727562e+01
6585.83523948 -2.36162949e+01
6585.89092043 6.46366119e-01
6585.94660138 1.06766434e+01
6586.00228233 3.63456726e+00
6586.05796328 3.00810394e+01
6586.11364422 1.63126373e+00
6586.16932517 -6.67903137e+00
6586.22500612 -1.12984161e+01
6586.28068707 1.55337524e+01
6586.33636802 5.75782776e+00
6586.39204897 3.40363388e+01
6586.44772992 -3.18801365e+01
6586.50341087 -2.35238953e+01
6586.55909182 -3.11906090e+01
6586.61477277 1.51797676e+01
6586.67045371 -9.25998688e+00
6586.72613466 6.41674423e+00
6586.78181561 1.55966263e+01
6586.83749656 -2.84001713e+01
6586.89317751 -7.78883362e+00
6586.94885846 7.46122742e+00
6587.00453941 -1.96133156e+01
6587.06022036 -1.17295799e+01
6587.11590131 -1.90302658e+00
6587.17158226 9.83117676e+00
6587.22726320 -1.92967834e+01
6587.28294415 1.76353531e+01
6587.33862510 2.40955200e+01
6587.39430605 -8.90019035e+00
6587.44998700 -3.88408661e-01
6587.50566795 3.63878746e+01
6587.56134890 5.38318634e+00
6587.61702985 -7.16969299e+00
6587.67271080 2.54643631e+00
6587.72839174 2.59006882e+00
6587.78407269 -2.37921524e+00
6587.83975364 9.38385773e+00
6587.89543459 1.80779266e+01
6587.95111554 7.05638504e+00
6588.00679649 -2.52998180e+01
6588.06247744 3.49485588e+01
6588.11815839 2.83544540e+00
6588.17383934 9.51213837e+00
6588.22952029 1.91600723e+01
6588.28520123 -1.94532261e+01
6588.34088218 -1.32732925e+01
6588.39656313 -3.56236649e+00
6588.45224408 -5.79904938e+00
6588.50792503 1.10912247e+01
6588.56360598 -1.23992271e+01
6588.61928693 -1.95692825e+01
6588.67496788 1.77918968e+01
6588.73064883 5.51637268e+00
6588.78632977 -1.39721527e+01
6588.84201072 3.06522865e+01
6588.89769167 -1.82606735e+01
6588.95337262 3.39709702e+01
6589.00905357 2.78962326e+00
6589.06473452 -5.93718338e+00
6589.12041547 1.90808983e+01
6589.17609642 1.30295506e+01
6589.23177737 -4.77446747e+00
6589.28745832 -7.12961006e+00
6589.34313926 -1.82942009e+00
6589.39882021 -1.51481247e+01
6589.45450116 -2.81128960e+01
6589.51018211 2.25859451e+00
6589.56586306 -1.39690247e+01
6589.62154401 -3.43201942e+01
6589.67722496 6.69353485e-01
6589.73290591 4.73423386e+00
6589.78858686 8.58330917e+00
6589.84426780 -2.03666649e+01
6589.89994875 2.23844528e+00
6589.95562970 -1.09684258e+01
6590.01131065 4.88058472e+00
6590.06699160 -3.20685349e+01
6590.12267255 -1.61848106e+01
6590.17835350 2.21711922e+01
6590.23403445 1.52549744e+00
6590.28971540 1.97896652e+01
6590.34539635 -2.90711403e+01
6590.40107729 -2.13300457e+01
6590.45675824 -2.81755829e+00
6590.51243919 3.78957138e+01
6590.56812014 4.77108002e-01
6590.62380109 3.62565231e+00
6590.67948204 -1.79696960e+01
6590.73516299 -4.26936646e+01
6590.79084394 -2.70906487e+01
6590.84652489 1.53924561e+00
6590.90220584 -1.29599991e+01
6590.95788678 -2.45030594e+00
6591.01356773 -1.45487976e+00
6591.06924868 -1.26990128e+00
6591.12492963 -1.54950390e+01
6591.18061058 6.77889633e+00
6591.23629153 4.37091446e+00
6591.29197248 5.46405792e-01
6591.34765343 3.87057495e+00
6591.40333438 -1.50801239e+01
6591.45901532 2.77668915e+01
6591.51469627 -8.02352142e+00
6591.57037722 2.64725304e+01
6591.62605817 9.85892868e+00
6591.68173912 1.73259125e+01
6591.73742007 1.80952911e+01
6591.79310102 -2.06348782e+01
6591.84878197 -6.85639572e+00
6591.90446292 9.14512253e+00
6591.96014387 1.01656075e+01
6592.01582481 -2.44179535e+00
6592.07150576 2.65530090e+01
6592.12718671 -2.17915611e+01
6592.18286766 5.27621460e+00
6592.23854861 -8.03187561e+00
6592.29422956 2.19123840e+00
6592.34991051 -9.08058929e+00
6592.40559146 -1.19999924e+01
6592.46127241 4.29637146e+00
6592.51695335 1.04670105e+01
6592.57263430 -1.60622749e+01
6592.62831525 5.95145798e+00
6592.68399620 1.89114189e+01
6592.73967715 -1.07238770e-01
6592.79535810 -3.43720741e+01
6592.85103905 -5.27635574e-01
6592.90672000 7.87583160e+00
6592.96240095 -7.67065048e+00
6593.01808190 5.83190918e-01
6593.07376284 6.90556335e+00
6593.12944379 2.53879089e+01
6593.18512474 4.62800217e+00
6593.24080569 -9.98935318e+00
6593.29648664 1.15383263e+01
6593.35216759 -8.75038910e+00
6593.40784854 -7.60276794e-01
6593.46352949 -3.95663147e+01
6593.51921044 1.20945969e+01
6593.57489138 -2.16137962e+01
6593.63057233 -3.38755150e+01
6593.68625328 1.48690033e+01
6593.74193423 1.32341194e+01
6593.79761518 -1.47931900e+01
6593.85329613 4.59265556e+01
6593.90897708 5.02790070e+00
6593.96465803 -2.13016510e+00
6594.02033898 6.51934433e+00
6594.07601993 1.79364777e+00
6594.13170087 1.66190529e+01
6594.18738182 -4.11076736e+00
6594.24306277 -1.41618690e+01
6594.29874372 -1.47565155e+01
6594.35442467 1.22590866e+01
6594.41010562 2.21347809e+00
6594.46578657 4.34556961e+00
6594.52146752 -3.15885544e+00
6594.57714847 6.50772095e-01
6594.63282942 1.51593552e+01
6594.68851036 -2.18519363e+01
6594.74419131 7.06901550e-02
6594.79987226 2.48382950e+01
6594.85555321 1.64919109e+01
6594.91123416 -7.99512100e+00
6594.96691511 7.11878204e+00
6595.02259606 9.29375076e+00
6595.07827701 9.42964172e+00
6595.13395796 1.22599831e+01
6595.18963890 -1.08285828e+01
6595.24531985 2.82423038e+01
6595.30100080 1.67479706e+01
6595.35668175 1.69903679e+01
6595.41236270 -2.66123581e+01
6595.46804365 1.33822556e+01
6595.52372460 1.45225143e+01
6595.57940555 -2.59196625e+01
6595.63508650 -1.93203163e+01
6595.69076745 -7.06399536e+00
6595.74644839 1.33333397e+01
6595.80212934 -9.59402847e+00
6595.85781029 4.70146942e+00
6595.91349124 -1.67204285e+00
6595.96917219 8.96266556e+00
6596.02485314 -8.98124695e+00
6596.08053409 -1.17154083e+01
6596.13621504 -1.76997452e+01
6596.19189599 -1.11206512e+01
6596.24757693 -1.13694000e+00
6596.30325788 1.34539452e+01
6596.35893883 -2.43781357e+01
6596.41461978 -1.41594810e+01
6596.47030073 1.32664146e+01
6596.52598168 5.09022141e+00
6596.58166263 1.38581734e+01
6596.63734358 1.05695572e+01
6596.69302453 -1.31869087e+01
6596.74870548 -1.65743008e+01
6596.80438642 -4.23754883e+00
6596.86006737 5.80378342e+00
6596.91574832 -1.10336075e+01
6596.97142927 -9.07470703e-01
6597.02711022 1.40799980e+01
6597.08279117 1.24072723e+01
6597.13847212 1.02869873e+01
6597.19415307 -6.24106216e+00
6597.24983402 6.10791779e+00
6597.30551496 1.63105431e+01
6597.36119591 5.70099258e+00
6597.41687686 -1.06707878e+01
6597.47255781 -5.30733871e+00
6597.52823876 -5.83139610e+00
6597.58391971 6.68375015e+00
6597.63960066 -2.52237206e+01
6597.69528161 -2.98524227e+01
6597.75096256 -1.24287033e+00
6597.80664351 -7.38230133e+00
6597.86232445 1.81003304e+01
6597.91800540 -8.85739136e+00
6597.97368635 2.07205200e+00
6598.02936730 1.47118282e+01
6598.08504825 -3.10432434e+00
6598.14072920 -1.36637115e+00
6598.19641015 -2.27297974e+01
6598.25209110 -2.21634502e+01
6598.30777205 1.05860519e+00
6598.36345300 -2.23070908e+00
6598.41913394 -1.33939381e+01
6598.47481489 2.20110321e+00
6598.53049584 1.88478432e+01
6598.58617679 -9.11625671e+00
6598.64185774 1.26254196e+01
6598.69753869 1.54652557e+01
6598.75321964 -3.33539925e+01
