# Rest-frame spectrum generated from: N4414A0003o_1d.fits
# lambda_Ha_obs = 6569.23100000 Angstrom
# lambda_Ha_rest = 6562.80000000 Angstrom
# z_Ha = 9.7991710855e-04
# v_Ha_relativistic = 293.627823 km/s
# v_Ha_classical = 293.771759 km/s
# columns: wavelength_rest[Angstrom] flux_or_counts

6549.89512227 8.75267410e+00
6549.95073184 8.75199890e+00
6550.00634141 8.75256920e+00
6550.06195098 8.74976730e+00
6550.11756055 8.75013542e+00
6550.17317012 8.74925232e+00
6550.22877969 8.75244331e+00
6550.28438926 8.85601234e+00
6550.33999883 1.61066666e+01
6550.39560840 1.23199673e+01
6550.45121797 -6.00433350e-03
6550.50682754 3.41909790e+00
6550.56243711 4.44011116e+00
6550.61804668 2.13858948e+01
6550.67365625 6.23720360e+00
6550.72926582 8.71870613e+00
6550.78487539 -1.38891325e+01
6550.84048496 9.44704247e+00
6550.89609453 -1.37759972e+00
6550.95170410 -4.27071571e+00
6551.00731367 -1.83944912e+01
6551.06292324 1.87881756e+01
6551.11853281 1.01024323e+01
6551.17414238 -1.03459435e+01
6551.22975195 5.22455139e+01
6551.28536152 3.11299648e+01
6551.34097109 5.07624817e+00
6551.39658066 7.00841141e+00
6551.45219023 -1.25330200e+01
6551.50779980 -1.26173172e+01
6551.56340936 2.65673218e+01
6551.61901893 2.02041245e+00
6551.67462850 9.91973877e-02
6551.73023807 -6.07413483e+00
6551.78584764 1.82352715e+01
6551.84145721 1.04945831e+01
6551.89706678 1.21804199e+01
6551.95267635 3.88581085e+00
6552.00828592 -7.73699951e+00
6552.06389549 2.24569836e+01
6552.11950506 3.09289932e-01
6552.17511463 -3.45852165e+01
6552.23072420 -2.06484871e+01
6552.28633377 2.84628410e+01
6552.34194334 1.72917900e+01
6552.39755291 1.57367115e+01
6552.45316248 -1.65926247e+01
6552.50877205 5.64062119e+00
6552.56438162 -6.54982567e+00
6552.61999119 1.02916241e+01
6552.67560076 -1.33153324e+01
6552.73121033 -7.93228531e+00
6552.78681990 1.16251717e+01
6552.84242947 -9.12390137e+00
6552.89803904 -3.98568153e+00
6552.95364861 5.82765198e+00
6553.00925818 2.41155300e+01
6553.06486775 2.59407806e+01
6553.12047732 1.49392738e+01
6553.17608689 2.10159683e+00
6553.23169646 2.08774185e+01
6553.28730603 7.73845482e+00
6553.34291560 -3.33088303e+00
6553.39852517 -1.24512882e+01
6553.45413474 -1.47275610e+01
6553.50974431 3.58039856e+00
6553.56535388 1.64730072e+01
6553.62096344 2.76993561e+00
6553.67657301 -2.09470997e+01
6553.73218258 1.08919735e+01
6553.78779215 1.55139542e+00
6553.84340172 3.27529716e+00
6553.89901129 -1.27508411e+01
6553.95462086 -1.36489124e+01
6554.01023043 3.31766968e+01
6554.06584000 3.04085541e+00
6554.12144957 -1.95885124e+01
6554.17705914 2.48590164e+01
6554.23266871 1.94010086e+01
6554.28827828 6.55452347e+00
6554.34388785 9.35930634e+00
6554.39949742 1.41897049e+01
6554.45510699 1.98761368e+00
6554.51071656 1.27727890e+01
6554.56632613 1.72588177e+01
6554.62193570 -2.11507416e+00
6554.67754527 1.44417038e+01
6554.73315484 -4.05153809e+01
6554.78876441 -7.48751068e+00
6554.84437398 -1.18821564e+01
6554.89998355 6.97460938e+00
6554.95559312 -1.00768776e+01
6555.01120269 1.49309025e+01
6555.06681226 7.29905319e+00
6555.12242183 1.71803608e+01
6555.17803140 3.67966461e+00
6555.23364097 1.16420746e+01
6555.28925054 1.70548134e+01
6555.34486011 5.95149612e+00
6555.40046968 -2.88233471e+01
6555.45607925 1.17436256e+01
6555.51168882 2.30924454e+01
6555.56729839 -1.17820444e+01
6555.62290796 -2.50072708e+01
6555.67851753 -3.95537033e+01
6555.73412709 1.54098291e+01
6555.78973666 2.16827068e+01
6555.84534623 -1.74755478e+00
6555.90095580 -2.37462502e+01
6555.95656537 2.10080395e+01
6556.01217494 2.41330338e+01
6556.06778451 -1.91413765e+01
6556.12339408 1.63213615e+01
6556.17900365 2.78472595e+01
6556.23461322 2.02668419e+01
6556.29022279 -1.01700668e+01
6556.34583236 1.15839691e+01
6556.40144193 1.04828682e+01
6556.45705150 -1.54359798e+01
6556.51266107 -5.07475662e+00
6556.56827064 -9.34025478e+00
6556.62388021 2.65107727e+00
6556.67948978 1.47537193e+01
6556.73509935 -7.08416367e+00
6556.79070892 2.73380280e-01
6556.84631849 -1.16703167e+01
6556.90192806 1.31783657e+01
6556.95753763 -1.27050591e+01
6557.01314720 2.03540916e+01
6557.06875677 8.68498421e+00
6557.12436634 3.72073746e+00
6557.17997591 5.18317795e+00
6557.23558548 8.73901939e+00
6557.29119505 1.08172684e+01
6557.34680462 3.11879730e+01
6557.40241419 8.45391464e+00
6557.45802376 -1.88398647e+01
6557.51363333 1.34308147e+01
6557.56924290 5.49778976e+01
6557.62485247 8.49340630e+00
6557.68046204 1.36289101e+01
6557.73607161 2.49364395e+01
6557.79168117 1.84654751e+01
6557.84729074 -4.07973480e+00
6557.90290031 1.00904217e+01
6557.95850988 -7.96150208e-01
6558.01411945 -3.68337250e+00
6558.06972902 2.44226646e+00
6558.12533859 1.61230698e+01
6558.18094816 -4.13772964e+00
6558.23655773 -2.18203926e+01
6558.29216730 -2.03604126e+00
6558.34777687 -7.58646965e+00
6558.40338644 -9.23751068e+00
6558.45899601 7.61391258e+00
6558.51460558 8.76258850e-01
6558.57021515 6.48683929e+00
6558.62582472 -1.05703468e+01
6558.68143429 -1.82800446e+01
6558.73704386 1.47068806e+01
6558.79265343 1.18644333e+01
6558.84826300 -2.81068630e+01
6558.90387257 1.56546326e+01
6558.95948214 4.24885941e+00
6559.01509171 2.44598904e+01
6559.07070128 -1.49245644e+00
6559.12631085 -8.52108574e+00
6559.18192042 2.99407959e-01
6559.23752999 -1.72610817e+01
6559.29313956 -2.74877739e+01
6559.34874913 3.03491287e+01
6559.40435870 1.62770424e+01
6559.45996827 1.72487259e+00
6559.51557784 1.21917801e+01
6559.57118741 1.99331665e+00
6559.62679698 -4.38905258e+01
6559.68240655 6.53006172e+00
6559.73801612 2.32157326e+00
6559.79362569 5.86733437e+00
6559.84923525 2.76721230e+01
6559.90484482 1.78335190e+00
6559.96045439 -2.50752850e+01
6560.01606396 1.13779449e+00
6560.07167353 1.86476440e+01
6560.12728310 3.01584415e+01
6560.18289267 -3.46625900e+00
6560.23850224 -1.29695244e+01
6560.29411181 1.36621170e+01
6560.34972138 2.59223366e+01
6560.40533095 4.56924744e+01
6560.46094052 -5.37463760e+00
6560.51655009 2.00605278e+01
6560.57215966 1.83945618e+01
6560.62776923 1.42320747e+01
6560.68337880 4.31586342e+01
6560.73898837 1.35985699e+01
6560.79459794 1.97467194e+01
6560.85020751 1.91354332e+01
6560.90581708 1.26453400e+00
6560.96142665 2.78976784e+01
6561.01703622 1.50570068e+01
6561.07264579 2.30559483e+01
6561.12825536 3.14722748e+01
6561.18386493 3.41683769e+01
6561.23947450 4.10746498e+01
6561.29508407 4.33146515e+01
6561.35069364 3.35375633e+01
6561.40630321 2.55705185e+01
6561.46191278 5.23409348e+01
6561.51752235 8.04657593e+01
6561.57313192 7.53779144e+01
6561.62874149 5.16181450e+01
6561.68435106 1.23613106e+02
6561.73996063 1.18050903e+02
6561.79557020 1.40719421e+02
6561.85117977 1.95314392e+02
6561.90678933 2.65211731e+02
6561.96239890 2.61973969e+02
6562.01800847 3.80276062e+02
6562.07361804 4.74613556e+02
6562.12922761 5.07840149e+02
6562.18483718 6.47590454e+02
6562.24044675 7.93295532e+02
6562.29605632 8.55968506e+02
6562.35166589 9.98204407e+02
6562.40727546 1.12102136e+03
6562.46288503 1.30887097e+03
6562.51849460 1.37028760e+03
6562.57410417 1.51980774e+03
6562.62971374 1.57995837e+03
6562.68532331 1.68138879e+03
6562.74093288 1.65512402e+03
6562.79654245 1.64096912e+03
6562.85215202 1.49061560e+03
6562.90776159 1.52400342e+03
6562.96337116 1.47091882e+03
6563.01898073 1.29576147e+03
6563.07459030 1.21371033e+03
6563.13019987 1.12073633e+03
6563.18580944 9.55751892e+02
6563.24141901 8.82786438e+02
6563.29702858 7.86039001e+02
6563.35263815 6.53914917e+02
6563.40824772 5.40538757e+02
6563.46385729 4.67280365e+02
6563.51946686 4.07105469e+02
6563.57507643 3.33692810e+02
6563.63068600 2.70144653e+02
6563.68629557 2.00067719e+02
6563.74190514 2.02659790e+02
6563.79751471 1.56227448e+02
6563.85312428 1.44912750e+02
6563.90873385 1.15387474e+02
6563.96434341 8.24621964e+01
6564.01995298 7.21891327e+01
6564.07556255 8.84731750e+01
6564.13117212 8.36388702e+01
6564.18678169 2.24067764e+01
6564.24239126 6.57224426e+01
6564.29800083 5.09159470e+01
6564.35361040 4.54377441e+01
6564.40921997 2.99526787e+01
6564.46482954 -6.02818680e+00
6564.52043911 5.64847641e+01
6564.57604868 3.81678238e+01
6564.63165825 1.26670189e+01
6564.68726782 -1.31290779e+01
6564.74287739 -9.71856308e+00
6564.79848696 -5.24492264e+00
6564.85409653 -1.89867477e+01
6564.90970610 -4.59968567e-01
6564.96531567 1.40072670e+01
6565.02092524 2.21383095e+01
6565.07653481 2.48712711e+01
6565.13214438 2.96182594e+01
6565.18775395 1.16783600e+01
6565.24336352 -7.08121872e+00
6565.29897309 -2.99899158e+01
6565.35458266 3.13093758e+01
6565.41019223 1.28153992e+00
6565.46580180 -2.42513447e+01
6565.52141137 -2.14126053e+01
6565.57702094 1.13334923e+01
6565.63263051 5.17667770e-01
6565.68824008 3.74701538e+01
6565.74384965 -6.96891785e+00
6565.79945922 1.80224228e+00
6565.85506879 3.42830124e+01
6565.91067836 -1.90114479e+01
6565.96628793 6.63457642e+01
6566.02189750 1.87761154e+01
6566.07750706 2.60991135e+01
6566.13311663 -1.66309528e+01
6566.18872620 -1.10341759e+01
6566.24433577 7.68554306e+00
6566.29994534 7.13531113e+00
6566.35555491 1.96007118e+01
6566.41116448 3.87003326e+00
6566.46677405 1.97136726e+01
6566.52238362 1.53092461e+01
6566.57799319 3.56180191e+00
6566.63360276 3.17559738e+01
6566.68921233 -5.12723923e+00
6566.74482190 -2.91902485e+01
6566.80043147 -4.11507797e+00
6566.85604104 6.09799194e+00
6566.91165061 -2.52707672e+00
6566.96726018 1.96826801e+01
6567.02286975 1.36204224e+01
6567.07847932 3.39415970e+01
6567.13408889 9.49940109e+00
6567.18969846 -2.02625275e-01
6567.24530803 -1.12127953e+01
6567.30091760 4.29264450e+01
6567.35652717 2.07584839e+01
6567.41213674 -1.23009644e+01
6567.46774631 4.71261597e+00
6567.52335588 -2.48529053e+00
6567.57896545 -1.07353096e+01
6567.63457502 1.26089287e+00
6567.69018459 -3.01649857e+00
6567.74579416 -5.84944916e+00
6567.80140373 1.92089424e+01
6567.85701330 -1.38854828e+01
6567.91262287 2.45700264e+01
6567.96823244 6.74226189e+00
6568.02384201 -8.38589954e+00
6568.07945158 2.23036366e+01
6568.13506114 1.05604744e+00
6568.19067071 1.01180525e+01
6568.24628028 -1.35863905e+01
6568.30188985 -5.20408249e+00
6568.35749942 1.36016846e+00
6568.41310899 1.15810051e+01
6568.46871856 5.77461624e+00
6568.52432813 1.41246223e+01
6568.57993770 -4.34593201e-01
6568.63554727 -2.36694679e+01
6568.69115684 9.40856934e-01
6568.74676641 1.39001369e+01
6568.80237598 -1.03767395e+01
6568.85798555 -1.99231758e+01
6568.91359512 3.76433907e+01
6568.96920469 1.31465206e+01
6569.02481426 -1.06243801e+01
6569.08042383 -9.56876755e-01
6569.13603340 -1.02253838e+01
6569.19164297 1.11636276e+01
6569.24725254 4.13069077e+01
6569.30286211 -1.58039093e-01
6569.35847168 1.43817902e+00
6569.41408125 -4.34608078e+00
6569.46969082 3.48352051e+00
6569.52530039 -1.86288071e+00
6569.58090996 -2.51626511e+01
6569.63651953 -8.56862831e+00
6569.69212910 1.89470272e+01
6569.74773867 2.58091507e+01
6569.80334824 6.80744553e+00
6569.85895781 -6.31483459e+00
6569.91456738 -1.02488651e+01
6569.97017695 4.28930130e+01
6570.02578652 1.45559235e+01
6570.08139609 -4.17531013e+00
6570.13700566 7.13233948e+00
6570.19261522 -4.13830376e+00
6570.24822479 1.25791779e+01
6570.30383436 -2.37116909e+01
6570.35944393 -1.90224648e+00
6570.41505350 -1.53981628e+01
6570.47066307 -1.49463177e+01
6570.52627264 4.88010788e+00
6570.58188221 -7.31081390e+00
6570.63749178 -1.55851364e+00
6570.69310135 1.10164871e+01
6570.74871092 9.01588058e+00
6570.80432049 -2.49683933e+01
6570.85993006 -1.69018288e+01
6570.91553963 -2.01884460e+01
6570.97114920 2.85149002e+00
6571.02675877 1.23610382e+01
6571.08236834 1.82343292e+01
6571.13797791 3.00174713e-01
6571.19358748 -1.85513153e+01
6571.24919705 3.53584366e+01
6571.30480662 3.28406372e+01
6571.36041619 -8.87455940e+00
6571.41602576 3.20452194e+01
6571.47163533 1.75892906e+01
6571.52724490 2.98731441e+01
6571.58285447 3.80714645e+01
6571.63846404 3.39604187e+00
6571.69407361 1.11494865e+01
6571.74968318 -7.81506538e+00
6571.80529275 2.03596916e+01
6571.86090232 1.44767838e+01
6571.91651189 -5.60674667e+00
6571.97212146 -9.10423851e+00
6572.02773103 -3.71276474e+00
6572.08334060 1.56319485e+01
6572.13895017 8.73618698e+00
6572.19455974 1.28965759e+00
6572.25016930 -9.41305351e+00
6572.30577887 3.58186417e+01
6572.36138844 -6.49188995e-01
6572.41699801 -1.63435555e+00
6572.47260758 5.95514297e+00
6572.52821715 1.93708267e+01
6572.58382672 5.01264954e+00
6572.63943629 1.74061775e+01
6572.69504586 2.09482765e+01
6572.75065543 -2.17887878e+00
6572.80626500 -1.45947247e+01
6572.86187457 -8.26235962e+00
6572.91748414 -2.80627232e+01
6572.97309371 -8.52145767e+00
6573.02870328 2.47032528e+01
6573.08431285 -5.14092064e+00
6573.13992242 -1.11083355e+01
6573.19553199 2.34960041e+01
6573.25114156 -1.27532578e+00
6573.30675113 -4.29644394e+00
6573.36236070 1.27018623e+01
6573.41797027 5.12434769e+00
6573.47357984 -9.31632423e+00
6573.52918941 -5.66317940e+00
6573.58479898 3.00516109e+01
6573.64040855 1.69576836e+01
6573.69601812 -4.44636765e+01
6573.75162769 2.76785221e+01
6573.80723726 1.55074558e+01
6573.86284683 6.01663971e+00
6573.91845640 9.42501068e+00
6573.97406597 -2.84126205e+01
6574.02967554 -5.50680733e+00
6574.08528511 9.60797310e+00
6574.14089468 -2.21010036e+01
6574.19650425 1.19353676e+01
6574.25211382 2.61326218e+00
6574.30772338 -3.88922501e+00
6574.36333295 -7.99132729e+00
6574.41894252 1.72361870e+01
6574.47455209 2.17492485e+01
6574.53016166 -7.66250610e+00
6574.58577123 3.81827621e+01
6574.64138080 3.06136284e+01
6574.69699037 3.66934586e+00
6574.75259994 1.41532307e+01
6574.80820951 -2.72875366e+01
6574.86381908 -6.88986969e+00
6574.91942865 3.83824921e+01
6574.97503822 2.68781013e+01
6575.03064779 1.16527023e+01
6575.08625736 -2.87268276e+01
6575.14186693 -4.03611755e+01
6575.19747650 -7.56961250e+00
6575.25308607 9.22640228e+00
6575.30869564 5.08535767e+00
6575.36430521 -2.46213531e+00
6575.41991478 1.10458374e-01
6575.47552435 2.45341244e+01
6575.53113392 9.56232071e+00
6575.58674349 -8.89959526e+00
6575.64235306 -1.05285606e+01
6575.69796263 3.99493790e+00
6575.75357220 6.64865875e+00
6575.80918177 -1.79045677e+01
6575.86479134 -1.35394306e+01
6575.92040091 3.96733475e+00
6575.97601048 3.18006859e+01
6576.03162005 4.57404099e+01
6576.08722962 3.80504532e+01
6576.14283919 -1.62343216e+01
6576.19844876 1.18931274e+01
6576.25405833 -7.41135120e+00
6576.30966790 -2.47636757e+01
6576.36527747 1.22559738e+00
6576.42088703 -1.40170765e+01
6576.47649660 2.40018845e+00
6576.53210617 8.82426834e+00
6576.58771574 1.97797794e+01
6576.64332531 -1.02503967e+00
6576.69893488 6.20524597e+00
6576.75454445 1.39018059e+01
6576.81015402 -1.30339622e+01
6576.86576359 1.58383884e+01
6576.92137316 1.09067421e+01
6576.97698273 9.90073776e+00
6577.03259230 1.15396614e+01
6577.08820187 9.48408890e+00
6577.14381144 -6.49078369e-01
6577.19942101 3.70206261e+00
6577.25503058 2.85453949e+01
6577.31064015 1.78761330e+01
6577.36624972 -5.69792175e+00
6577.42185929 3.65238876e+01
6577.47746886 2.67560940e+01
6577.53307843 -1.63594551e+01
6577.58868800 2.42993164e+00
6577.64429757 3.74397049e+01
6577.69990714 -1.91878891e+01
6577.75551671 -3.25939178e-01
6577.81112628 8.71334457e+00
6577.86673585 1.65597172e+01
6577.92234542 3.81531029e+01
6577.97795499 -6.90318298e+00
6578.03356456 -3.32013130e+01
6578.08917413 -6.36385345e+00
6578.14478370 -6.96842384e+00
6578.20039327 -1.02950516e+01
6578.25600284 3.58258934e+01
6578.31161241 9.87060165e+00
6578.36722198 -4.84159660e+00
6578.42283155 -2.38300247e+01
6578.47844111 -7.14807892e+00
6578.53405068 1.43129463e+01
6578.58966025 3.75370789e+00
6578.64526982 1.02970505e+00
6578.70087939 -3.78297424e+00
6578.75648896 -1.43976097e+01
6578.81209853 3.60961456e+01
6578.86770810 -2.40708351e+01
6578.92331767 3.73425369e+01
6578.97892724 2.28073025e+01
6579.03453681 1.69777679e+00
6579.09014638 6.08301926e+00
6579.14575595 -2.56947994e+01
6579.20136552 -5.24379730e+00
6579.25697509 5.19329071e-01
6579.31258466 4.34996643e+01
6579.36819423 1.78203278e+01
6579.42380380 1.79135265e+01
6579.47941337 1.44637508e+01
6579.53502294 -6.39484406e-01
6579.59063251 7.45171356e+00
6579.64624208 7.94058990e+00
6579.70185165 2.62310181e+01
6579.75746122 8.29213333e+00
6579.81307079 1.42469234e+01
6579.86868036 -8.61402321e+00
6579.92428993 2.36945896e+01
6579.97989950 4.22716141e+00
6580.03550907 -1.09020519e+01
6580.09111864 1.11293297e+01
6580.14672821 1.11607170e+01
6580.20233778 1.99567871e+01
6580.25794735 3.17597809e+01
6580.31355692 4.55054932e+01
6580.36916649 -2.83420219e+01
6580.42477606 -1.34698086e+01
6580.48038563 1.71092949e+01
6580.53599519 -1.72720490e+01
6580.59160476 3.92422714e+01
6580.64721433 1.55654068e+01
6580.70282390 -8.06360626e+00
6580.75843347 -1.56244278e+00
6580.81404304 1.77479134e+01
6580.86965261 2.46874065e+01
6580.92526218 1.05022526e+00
6580.98087175 -7.90766144e+00
6581.03648132 2.74115219e+01
6581.09209089 1.05630455e+01
6581.14770046 9.98143387e+00
6581.20331003 3.77703857e+00
6581.25891960 1.99502106e+01
6581.31452917 -8.17403221e+00
6581.37013874 1.07569370e+01
6581.42574831 -1.56909199e+01
6581.48135788 2.45529270e+01
6581.53696745 2.43408508e+01
6581.59257702 -3.66621590e+00
6581.64818659 8.90669632e+00
6581.70379616 3.01815186e+01
6581.75940573 -4.20459366e+00
6581.81501530 3.23989983e+01
6581.87062487 1.49882355e+01
6581.92623444 1.10870018e+01
6581.98184401 2.33806534e+01
6582.03745358 8.44574356e+00
6582.09306315 -1.07868309e+01
6582.14867272 -9.47486877e+00
6582.20428229 1.66996727e+01
6582.25989186 2.10498924e+01
6582.31550143 -2.34211979e+01
6582.37111100 1.24322510e+00
6582.42672057 1.11536942e+01
6582.48233014 3.01819000e+01
6582.53793971 -1.10996971e+01
6582.59354927 -6.32816315e-01
6582.64915884 -1.45669994e+01
6582.70476841 3.85135727e+01
6582.76037798 5.54354477e+00
6582.81598755 4.36183090e+01
6582.87159712 7.18279419e+01
6582.92720669 4.76465454e+01
6582.98281626 4.45749779e+01
6583.03842583 3.55833397e+01
6583.09403540 5.89909172e+01
6583.14964497 7.38482819e+01
6583.20525454 5.48021317e+01
6583.26086411 3.91964149e+01
6583.31647368 6.30641174e+01
6583.37208325 6.98169403e+01
6583.42769282 6.73685455e+01
6583.48330239 8.80264359e+01
6583.53891196 5.89147110e+01
6583.59452153 4.24345322e+01
6583.65013110 3.14274826e+01
6583.70574067 5.05221634e+01
6583.76135024 4.78974533e+01
6583.81695981 4.53924332e+01
6583.87256938 4.55186119e+01
6583.92817895 4.72812653e+00
6583.98378852 -6.68091202e+00
6584.03939809 2.64132614e+01
6584.09500766 -5.14106750e-01
6584.15061723 1.40089493e+01
6584.20622680 -1.02237930e+01
6584.26183637 2.09471359e+01
6584.31744594 2.62104034e+01
6584.37305551 1.19411526e+01
6584.42866508 -6.78342819e-01
6584.48427465 -3.15179672e+01
6584.53988422 2.57402458e+01
6584.59549379 -1.14004669e+01
6584.65110335 1.97639427e+01
6584.70671292 -1.03015213e+01
6584.76232249 -5.81239891e+00
6584.81793206 -1.60758591e+00
6584.87354163 -2.16564827e+01
6584.92915120 -8.71353149e-02
6584.98476077 8.20503235e-02
6585.04037034 -4.63129044e+00
6585.09597991 -2.76243267e+01
6585.15158948 -1.07966080e+01
6585.20719905 2.03205185e+01
6585.26280862 2.44209595e+01
6585.31841819 5.99939728e+00
6585.37402776 5.29581833e+00
6585.42963733 2.14030952e+01
6585.48524690 2.09000568e+01
6585.54085647 1.83186417e+01
6585.59646604 -2.14561081e+00
6585.65207561 -2.13427429e+01
6585.70768518 9.57187462e+00
6585.76329475 7.25213623e+00
6585.81890432 -1.27493954e+01
6585.87451389 2.52519588e+01
6585.93012346 3.17953720e+01
6585.98573303 7.01577950e+00
6586.04134260 -1.19139633e+01
6586.09695217 -1.49306755e+01
6586.15256174 1.07409401e+01
6586.20817131 2.14402733e+01
6586.26378088 -6.39146805e+00
6586.31939045 3.23928680e+01
6586.37500002 1.26087914e+01
6586.43060959 -1.45674038e+01
6586.48621916 1.15633621e+01
6586.54182873 -3.83348465e+00
6586.59743830 2.19831848e+00
6586.65304787 -1.06237602e+01
6586.70865744 -2.61306038e+01
6586.76426700 2.34892464e+01
6586.81987657 -1.23746185e+01
6586.87548614 6.49806213e+00
6586.93109571 1.78962402e+01
6586.98670528 9.18384552e+00
6587.04231485 1.00851860e+01
6587.09792442 -1.65040970e+00
6587.15353399 4.06331635e+00
6587.20914356 -1.86306343e+01
6587.26475313 -4.05990219e+00
6587.32036270 1.95753345e+01
6587.37597227 5.64689636e-02
6587.43158184 1.59931183e-01
6587.48719141 1.44450302e+01
6587.54280098 2.52557297e+01
6587.59841055 2.32993431e+01
6587.65402012 -1.10229263e+01
6587.70962969 3.34452591e+01
6587.76523926 2.00944214e+01
6587.82084883 -1.17180634e+01
6587.87645840 6.57667160e-01
6587.93206797 -8.67498398e+00
6587.98767754 -1.34996033e+00
6588.04328711 3.26431656e+00
6588.09889668 4.57920227e+01
6588.15450625 5.82485199e-01
6588.21011582 8.88210297e-01
6588.26572539 1.23578453e+01
6588.32133496 1.95308800e+01
6588.37694453 1.79663200e+01
6588.43255410 -2.65978622e+00
6588.48816367 3.43595123e+00
6588.54377324 1.27078629e+01
6588.59938281 2.71033821e+01
6588.65499238 3.36278152e+00
6588.71060195 6.31641388e-01
6588.76621152 -2.15884399e+00
6588.82182108 -1.55538330e+01
6588.87743065 -1.27585182e+01
6588.93304022 -2.90220261e+00
6588.98864979 -5.36542130e+00
6589.04425936 -1.87319565e+00
6589.09986893 -1.10796375e+01
6589.15547850 4.22275925e+00
6589.21108807 6.87125397e+00
6589.26669764 1.95404549e+01
6589.32230721 2.94242096e+00
6589.37791678 -2.43904018e+01
6589.43352635 -1.13883705e+01
6589.48913592 1.30682793e+01
6589.54474549 -9.41518211e+00
6589.60035506 -5.99945450e+00
6589.65596463 -4.22088623e-01
6589.71157420 -1.01823654e+01
6589.76718377 -9.49942780e+00
6589.82279334 -4.81700897e-01
6589.87840291 -1.34346828e+01
6589.93401248 2.66267281e+01
6589.98962205 7.51607132e+00
6590.04523162 8.18334961e+00
6590.10084119 3.95326691e+01
6590.15645076 9.15128326e+00
6590.21206033 -1.15188675e+01
6590.26766990 1.64550667e+01
6590.32327947 -8.40710068e+00
6590.37888904 1.79292946e+01
6590.43449861 1.90628242e+01
6590.49010818 2.26455116e+01
6590.54571775 3.64135742e+01
6590.60132732 2.07708626e+01
6590.65693689 -1.13131561e+01
6590.71254646 -2.66124916e+01
6590.76815603 -2.26061344e+01
6590.82376560 3.89009857e+00
6590.87937516 -9.50683594e+00
6590.93498473 1.52323532e+00
6590.99059430 -1.76162262e+01
6591.04620387 1.79691200e+01
6591.10181344 -3.29136276e+00
6591.15742301 -1.95475006e+00
6591.21303258 1.32428970e+01
6591.26864215 -1.56171875e+01
6591.32425172 -2.20273304e+01
6591.37986129 2.84954987e+01
6591.43547086 2.55331802e+00
6591.49108043 -1.80017567e+01
6591.54669000 -7.98438644e+00
6591.60229957 9.66478729e+00
6591.65790914 -9.36339951e+00
6591.71351871 6.03362274e+00
6591.76912828 2.05785980e+01
6591.82473785 -1.80822201e+01
6591.88034742 -1.16899529e+01
6591.93595699 -7.31752777e+00
6591.99156656 2.59418030e+01
6592.04717613 6.41936111e+00
6592.10278570 1.12670555e+01
6592.15839527 9.31335831e+00
6592.21400484 -1.66445961e+01
6592.26961441 -3.02832375e+01
6592.32522398 3.18930435e+00
6592.38083355 8.37884331e+00
6592.43644312 2.72555828e+01
6592.49205269 -9.58838654e+00
6592.54766226 2.22889442e+01
6592.60327183 -3.36120605e+00
6592.65888140 -1.73183632e+01
6592.71449097 -1.94655609e+01
6592.77010054 1.37748566e+01
6592.82571011 3.81330490e+00
6592.88131968 7.91053391e+00
6592.93692924 -8.32819176e+00
6592.99253881 4.20515442e+01
6593.04814838 -7.05931854e+00
6593.10375795 4.84020615e+00
6593.15936752 1.19235153e+01
6593.21497709 3.35153046e+01
6593.27058666 2.17701988e+01
6593.32619623 2.93457737e+01
6593.38180580 3.04065704e-01
6593.43741537 -2.68730316e+01
6593.49302494 2.64313736e+01
6593.54863451 -1.63408279e+00
6593.60424408 -7.84186935e+00
6593.65985365 2.03284264e+01
6593.71546322 1.69283943e+01
6593.77107279 3.39063263e+00
6593.82668236 1.45572739e+01
6593.88229193 9.65694427e+00
6593.93790150 -1.48926468e+01
6593.99351107 -1.50180817e+01
6594.04912064 1.71147194e+01
6594.10473021 2.95549240e+01
6594.16033978 -1.00455475e+01
6594.21594935 -5.26349411e+01
6594.27155892 -1.53761749e+01
6594.32716849 -9.44820786e+00
6594.38277806 8.89991379e+00
6594.43838763 -2.36467361e+01
6594.49399720 -8.41861725e+00
6594.54960677 -2.94023514e+00
6594.60521634 2.07295456e+01
6594.66082591 4.53505669e+01
6594.71643548 2.87295837e+01
6594.77204505 -1.37224274e+01
6594.82765462 -6.07847595e+00
6594.88326419 -4.54724121e+00
6594.93887376 1.43201141e+01
6594.99448332 2.61751995e+01
6595.05009289 3.95295944e+01
6595.10570246 2.38491802e+01
6595.16131203 -3.63803215e+01
6595.21692160 1.38274193e+01
6595.27253117 9.16643143e+00
6595.32814074 -1.96413803e+00
6595.38375031 1.67827797e+01
6595.43935988 2.25964508e+01
6595.49496945 4.75200272e+00
6595.55057902 -1.35142708e+01
6595.60618859 -8.88481140e-02
6595.66179816 2.25203552e+01
6595.71740773 -2.35015717e+01
6595.77301730 1.51188660e+00
6595.82862687 1.05213814e+01
6595.88423644 -3.09299469e+00
6595.93984601 2.83493576e+01
6595.99545558 1.85843945e+01
6596.05106515 8.50569534e+00
6596.10667472 7.66126251e+00
6596.16228429 -7.80982971e+00
6596.21789386 1.28584290e+01
6596.27350343 -8.76666641e+00
6596.32911300 1.31354408e+01
6596.38472257 -8.89049149e+00
6596.44033214 -1.40962982e+00
6596.49594171 2.57213287e+01
6596.55155128 -3.78356285e+01
6596.60716085 4.49395752e+00
6596.66277042 -8.11914444e+00
6596.71837999 1.37626724e+01
6596.77398956 -1.48106003e+00
6596.82959913 -1.59118385e+01
6596.88520870 2.90827942e+01
6596.94081827 1.08692932e+00
6596.99642784 3.16296463e+01
6597.05203741 -4.87361259e+01
6597.10764697 2.39963951e+01
6597.16325654 3.35975609e+01
6597.21886611 1.09711037e+01
6597.27447568 1.41548080e+01
6597.33008525 2.10434990e+01
6597.38569482 2.49474220e+01
6597.44130439 -2.00679054e+01
6597.49691396 1.45802383e+01
6597.55252353 1.23455544e+01
6597.60813310 -1.46468277e+01
6597.66374267 -3.47664452e+01
6597.71935224 1.85733986e+00
6597.77496181 2.70820351e+01
6597.83057138 2.09084587e+01
6597.88618095 1.53569069e+01
6597.94179052 1.57259140e+01
6597.99740009 2.94610558e+01
6598.05300966 -1.88494492e+00
6598.10861923 5.31023026e+00
6598.16422880 -1.19316101e+01
6598.21983837 -2.75569534e+00
6598.27544794 -1.90887871e+01
6598.33105751 5.94058228e+00
6598.38666708 1.87242889e+00
6598.44227665 1.76435738e+01
6598.49788622 8.91865540e+00
6598.55349579 2.71229172e+00
6598.60910536 -1.57048550e+01
6598.66471493 -1.79120827e+01
6598.72032450 -1.06078606e+01
6598.77593407 4.06853867e+00
6598.83154364 1.80380936e+01
6598.88715321 1.23890686e+00
6598.94276278 1.64330292e+00
6598.99837235 -3.89538193e+00
6599.05398192 4.80420685e+00
6599.10959149 1.20170555e+01
6599.16520105 1.47268524e+01
6599.22081062 1.73256950e+01
6599.27642019 2.76434593e+01
6599.33202976 9.93823051e+00
6599.38763933 1.08211517e-01
6599.44324890 5.18037033e+00
6599.49885847 1.27101936e+01
6599.55446804 -1.67527180e+01
6599.61007761 1.48565063e+01
6599.66568718 3.41223640e+01
6599.72129675 7.28245544e+00
6599.77690632 2.35370750e+01
6599.83251589 4.36022034e+01
6599.88812546 -2.50192261e+00
6599.94373503 1.12786942e+01
6599.99934460 1.31677551e+01
6600.05495417 2.07540779e+01
6600.11056374 7.33517838e+00
6600.16617331 1.07383614e+01
6600.22178288 1.57031670e+01
6600.27739245 -9.12102127e+00
6600.33300202 8.96427155e-01
6600.38861159 2.55686493e+01
6600.44422116 1.97785053e+01
6600.49983073 5.46035767e-01
6600.55544030 1.13648224e+01
6600.61104987 2.05195274e+01
6600.66665944 1.50614548e+01
6600.72226901 1.13567162e+01
6600.77787858 4.41521568e+01
6600.83348815 -1.89088821e+01
6600.88909772 2.55178986e+01
6600.94470729 -1.45554943e+01
6601.00031686 -2.29150944e+01
6601.05592643 -4.01889038e+00
6601.11153600 2.70404816e-01
6601.16714557 2.64983177e+01
6601.22275513 1.00058479e+01
6601.27836470 2.20092354e+01
6601.33397427 1.11156006e+01
6601.38958384 -7.99556732e-01
6601.44519341 -5.35077286e+00
6601.50080298 -1.02718315e+01
6601.55641255 3.59040451e+00
6601.61202212 -4.49567413e+00
6601.66763169 1.81863594e+01
6601.72324126 -6.53819275e+00
6601.77885083 -1.19258118e+00
6601.83446040 -4.67118835e+00
6601.89006997 3.62553406e+01
6601.94567954 8.68188095e+00
6602.00128911 -9.26568222e+00
6602.05689868 -1.23922348e+00
6602.11250825 -3.87310791e+00
6602.16811782 -4.11867905e+00
6602.22372739 1.48044205e+00
6602.27933696 -6.95473480e+00
6602.33494653 1.79618454e+00
6602.39055610 -7.88148117e+00
6602.44616567 1.08704758e+01
6602.50177524 2.68635578e+01
6602.55738481 7.14650726e+00
6602.61299438 1.64495087e+00
6602.66860395 -4.07994080e+01
6602.72421352 -1.82012215e+01
6602.77982309 2.61694336e+00
6602.83543266 1.31141548e+01
6602.89104223 -1.42231369e+01
6602.94665180 -1.45168571e+01
6603.00226137 -7.71764755e-01
6603.05787094 -7.10038567e+00
6603.11348051 2.50088272e+01
6603.16909008 3.05302620e+01
6603.22469965 2.23690567e+01
6603.28030921 -4.95491028e-02
6603.33591878 -1.48897057e+01
6603.39152835 5.00807571e+00
6603.44713792 4.62482834e+00
6603.50274749 9.52373886e+00
6603.55835706 2.18338776e+00
6603.61396663 -1.03690319e+01
6603.66957620 -9.40837860e-01
6603.72518577 -1.24482765e+01
6603.78079534 4.91869431e+01
6603.83640491 1.56246071e+01
6603.89201448 2.83530426e+00
6603.94762405 9.12564087e+00
6604.00323362 -4.16666718e+01
6604.05884319 1.07590218e+01
6604.11445276 2.01735363e+01
6604.17006233 1.16579208e+01
6604.22567190 1.58030300e+01
6604.28128147 -5.55381012e+00
6604.33689104 -1.67470932e+00
6604.39250061 1.70379181e+01
6604.44811018 -7.75208282e+00
6604.50371975 6.47697449e-01
6604.55932932 1.74685936e+01
6604.61493889 6.92514801e+00
6604.67054846 1.80953941e+01
6604.72615803 9.47669983e-01
6604.78176760 -4.85137558e+00
6604.83737717 7.94762421e+00
6604.89298674 -3.38589134e+01
6604.94859631 -3.63993835e+00
6605.00420588 -2.17972546e+01
6605.05981545 6.81490326e+00
6605.11542502 -1.18159332e+01
6605.17103459 1.38205414e+01
6605.22664416 2.04884491e+01
6605.28225373 1.58943748e+01
6605.33786329 -1.85576515e+01
6605.39347286 4.54542160e+00
6605.44908243 -1.32570515e+01
6605.50469200 1.54860573e+01
6605.56030157 3.67022400e+01
6605.61591114 -4.02229309e-01
6605.67152071 6.93756104e-01
6605.72713028 1.04243050e+01
6605.78273985 1.90078049e+01
6605.83834942 8.23858261e+00
6605.89395899 -4.07104874e+00
6605.94956856 2.68062286e+01
6606.00517813 2.07987709e+01
6606.06078770 -1.88171577e+01
6606.11639727 -1.69012280e+01
6606.17200684 1.53935356e+01
6606.22761641 -5.60705948e+00
6606.28322598 -2.60173702e+01
