# Rest-frame spectrum generated from: N4414B0001o_1d.fits
# lambda_Ha_obs = 6569.23100000 Angstrom
# lambda_Ha_rest = 6562.80000000 Angstrom
# z_Ha = 9.7991710855e-04
# v_Ha_relativistic = 293.627823 km/s
# v_Ha_classical = 293.771759 km/s
# columns: wavelength_rest[Angstrom] flux_or_counts

6549.93463434 5.97388458e+00
6549.99026988 5.97368622e+00
6550.04590543 5.97300720e+00
6550.10154098 5.97318649e+00
6550.15717652 5.97219086e+00
6550.21281207 5.97247314e+00
6550.26844762 5.97256470e+00
6550.32408316 5.97151566e+00
6550.37971871 5.97161102e+00
6550.43535426 1.12466431e+00
6550.49098980 3.32130432e-01
6550.54662535 4.45412827e+00
6550.60226090 4.45384216e+00
6550.65789644 2.75553055e+01
6550.71353199 4.42449570e+00
6550.76916754 2.11800671e+01
6550.82480308 1.21044922e+01
6550.88043863 9.18195534e+00
6550.93607418 1.20309792e+01
6550.99170972 -9.57358551e+00
6551.04734527 2.27035637e+01
6551.10298082 -8.83160782e+00
6551.15861637 -1.24919510e+01
6551.21425191 5.33115234e+01
6551.26988746 2.20793133e+01
6551.32552301 1.58853931e+01
6551.38115855 3.05665379e+01
6551.43679410 3.08326149e+01
6551.49242965 -7.99109173e+00
6551.54806519 -4.35346603e+00
6551.60370074 8.32109833e+00
6551.65933629 -1.89882679e+01
6551.71497183 2.93004627e+01
6551.77060738 3.08424797e+01
6551.82624293 -1.57763176e+01
6551.88187847 9.14460373e+00
6551.93751402 2.31474342e+01
6551.99314957 7.33002853e+00
6552.04878511 -9.36809540e-01
6552.10442066 -2.68957138e-01
6552.16005621 -6.43979836e+00
6552.21569175 2.93237114e+00
6552.27132730 2.88585281e+00
6552.32696285 3.69045677e+01
6552.38259839 -8.97209930e+00
6552.43823394 -1.78052387e+01
6552.49386949 1.05584297e+01
6552.54950504 2.87045059e+01
6552.60514058 9.42747498e+00
6552.66077613 1.09420471e+01
6552.71641168 2.03979053e+01
6552.77204722 2.17129135e+01
6552.82768277 9.33708382e+00
6552.88331832 -3.29710579e+00
6552.93895386 1.46014404e+00
6552.99458941 7.65659332e-01
6553.05022496 6.44254684e-01
6553.10586050 -1.50934219e+00
6553.16149605 7.79973602e+00
6553.21713160 1.17380180e+01
6553.27276714 -8.66469383e+00
6553.32840269 2.34179211e+01
6553.38403824 1.44099808e+01
6553.43967378 1.34714222e+01
6553.49530933 4.14184494e+01
6553.55094488 -6.72902298e+00
6553.60658042 -1.48184147e+01
6553.66221597 7.84175491e+00
6553.71785152 -3.73623276e+00
6553.77348707 7.43215179e+00
6553.82912261 1.12453079e+00
6553.88475816 1.33344002e+01
6553.94039371 2.11901722e+01
6553.99602925 1.32110176e+01
6554.05166480 9.78590393e+00
6554.10730035 -2.41066513e+01
6554.16293589 3.44982605e+01
6554.21857144 1.94948711e+01
6554.27420699 1.30694847e+01
6554.32984253 1.97432766e+01
6554.38547808 1.26457710e+01
6554.44111363 3.33634415e+01
6554.49674917 1.14333344e+00
6554.55238472 -5.97205162e+00
6554.60802027 -1.64652653e+01
6554.66365581 1.22507286e+00
6554.71929136 2.00697823e+01
6554.77492691 -5.77395630e+00
6554.83056245 3.03964825e+01
6554.88619800 9.62036896e+00
6554.94183355 6.13189507e+00
6554.99746909 -5.06368256e+00
6555.05310464 -1.11879063e+01
6555.10874019 3.02629261e+01
6555.16437574 7.61553192e+00
6555.22001128 2.91227608e+01
6555.27564683 1.38451157e+01
6555.33128238 9.90548134e+00
6555.38691792 3.37944031e-02
6555.44255347 3.56344643e+01
6555.49818902 2.06972675e+01
6555.55382456 -1.76686478e+00
6555.60946011 -1.85603104e+01
6555.66509566 2.41294670e+01
6555.72073120 1.88603764e+01
6555.77636675 2.55317860e+01
6555.83200230 1.69081936e+01
6555.88763784 2.34470997e+01
6555.94327339 1.52201157e+01
6555.99890894 2.39747715e+01
6556.05454448 1.99076157e+01
6556.11018003 -8.32474136e+00
6556.16581558 7.40632629e+00
6556.22145112 1.50236549e+01
6556.27708667 7.53231049e+00
6556.33272222 3.67181435e+01
6556.38835776 1.05583572e+00
6556.44399331 1.74446449e+01
6556.49962886 2.18975449e+00
6556.55526441 -1.37699871e+01
6556.61089995 2.22688332e+01
6556.66653550 9.83349609e+00
6556.72217105 1.56577797e+01
6556.77780659 -9.33971596e+00
6556.83344214 1.27749138e+01
6556.88907769 2.56420135e+00
6556.94471323 -1.89947739e+01
6557.00034878 2.05015182e+01
6557.05598433 9.77257347e+00
6557.11161987 -7.21375084e+00
6557.16725542 -7.63855934e+00
6557.22289097 1.88336906e+01
6557.27852651 1.85998592e+01
6557.33416206 -7.98990059e+00
6557.38979761 -6.53526688e+00
6557.44543315 2.03435555e+01
6557.50106870 3.06190224e+01
6557.55670425 5.12500381e+00
6557.61233979 -3.18820953e-01
6557.66797534 4.54609299e+00
6557.72361089 1.15118790e+00
6557.77924643 -8.70372772e-01
6557.83488198 6.17548180e+00
6557.89051753 8.61183357e+00
6557.94615308 1.98215809e+01
6558.00178862 1.65534649e+01
6558.05742417 -6.14056396e+00
6558.11305972 4.64336014e+00
6558.16869526 2.89580021e+01
6558.22433081 1.87133331e+01
6558.27996636 1.79268341e+01
6558.33560190 2.32898445e+01
6558.39123745 1.46851978e+01
6558.44687300 1.28246670e+01
6558.50250854 1.80461254e+01
6558.55814409 1.21012516e+01
6558.61377964 3.01931381e+00
6558.66941518 -1.41965008e+01
6558.72505073 -4.58284760e+00
6558.78068628 1.65151157e+01
6558.83632182 -9.96605492e+00
6558.89195737 2.84246445e+00
6558.94759292 -2.70698547e-01
6559.00322846 2.20086784e+01
6559.05886401 -7.58830833e+00
6559.11449956 -4.16117096e+00
6559.17013510 1.06674728e+01
6559.22577065 -1.20799923e+01
6559.28140620 3.86488342e+00
6559.33704175 1.86673031e+01
6559.39267729 2.19930820e+01
6559.44831284 1.23818989e+01
6559.50394839 5.20143127e+00
6559.55958393 6.56317902e+00
6559.61521948 2.50804482e+01
6559.67085503 -2.46871223e+01
6559.72649057 -8.15681458e+00
6559.78212612 1.73132133e+01
6559.83776167 2.16179314e+01
6559.89339721 -3.11426735e+00
6559.94903276 -7.51061630e+00
6560.00466831 2.66551514e+01
6560.06030385 2.02271061e+01
6560.11593940 -6.83903122e+00
6560.17157495 2.59715500e+01
6560.22721049 2.81029434e+01
6560.28284604 2.14678307e+01
6560.33848159 1.55975475e+01
6560.39411713 -4.94058418e+00
6560.44975268 2.90453262e+01
6560.50538823 5.78698349e+00
6560.56102377 1.37509689e+01
6560.61665932 1.72588921e+01
6560.67229487 1.47598305e+01
6560.72793042 1.41134720e+01
6560.78356596 1.13840103e+01
6560.83920151 -1.21275711e+00
6560.89483706 1.02486496e+01
6560.95047260 1.25491867e+01
6561.00610815 2.67027569e+01
6561.06174370 2.42655754e+01
6561.11737924 1.61061211e+01
6561.17301479 1.12937546e+01
6561.22865034 3.93465271e+01
6561.28428588 5.34556808e+01
6561.33992143 2.85008163e+01
6561.39555698 3.16521797e+01
6561.45119252 4.03854103e+01
6561.50682807 6.17391434e+01
6561.56246362 7.11419525e+01
6561.61809916 9.03701019e+01
6561.67373471 7.85648346e+01
6561.72937026 9.64809799e+01
6561.78500580 1.03642014e+02
6561.84064135 1.62303619e+02
6561.89627690 1.52660187e+02
6561.95191244 1.06548309e+02
6562.00754799 2.00213074e+02
6562.06318354 1.90345810e+02
6562.11881909 2.14669830e+02
6562.17445463 1.95539200e+02
6562.23009018 2.28424820e+02
6562.28572573 3.33136017e+02
6562.34136127 2.76099457e+02
6562.39699682 3.64822174e+02
6562.45263237 3.85982422e+02
6562.50826791 4.09588013e+02
6562.56390346 4.42766418e+02
6562.61953901 4.61201172e+02
6562.67517455 5.20316589e+02
6562.73081010 5.73586853e+02
6562.78644565 5.23948303e+02
6562.84208119 5.98640198e+02
6562.89771674 4.89352600e+02
6562.95335229 4.78240936e+02
6563.00898783 5.04113831e+02
6563.06462338 4.43183990e+02
6563.12025893 4.20378601e+02
6563.17589447 4.35045959e+02
6563.23153002 3.84673950e+02
6563.28716557 4.23914795e+02
6563.34280111 3.72468597e+02
6563.39843666 3.13123138e+02
6563.45407221 2.91477417e+02
6563.50970776 2.86331024e+02
6563.56534330 2.71531281e+02
6563.62097885 2.21799408e+02
6563.67661440 1.98837921e+02
6563.73224994 1.62255615e+02
6563.78788549 1.50998322e+02
6563.84352104 1.42914978e+02
6563.89915658 8.25159454e+01
6563.95479213 8.93560181e+01
6564.01042768 1.12110382e+02
6564.06606322 6.20056419e+01
6564.12169877 6.88601074e+01
6564.17733432 5.00327339e+01
6564.23296986 2.72623024e+01
6564.28860541 1.74779053e+01
6564.34424096 1.37562370e+01
6564.39987650 2.02940712e+01
6564.45551205 3.22058105e+01
6564.51114760 5.37380600e+00
6564.56678314 1.96746044e+01
6564.62241869 -4.31811905e+00
6564.67805424 2.43791885e+01
6564.73368979 2.71268158e+01
6564.78932533 5.41259689e+01
6564.84496088 3.45045853e+01
6564.90059643 1.53856373e+01
6564.95623197 1.30421963e+01
6565.01186752 1.06387863e+01
6565.06750307 9.36077499e+00
6565.12313861 4.03550415e+01
6565.17877416 1.55643673e+01
6565.23440971 3.12139626e+01
6565.29004525 2.34789429e+01
6565.34568080 2.96220264e+01
6565.40131635 3.93308258e+01
6565.45695189 1.99558926e+01
6565.51258744 2.60629616e+01
6565.56822299 -3.44912834e+01
6565.62385853 1.91583481e+01
6565.67949408 3.41091690e+01
6565.73512963 3.85766525e+01
6565.79076517 6.99067688e+00
6565.84640072 2.01662483e+01
6565.90203627 4.12958336e+00
6565.95767181 4.96941299e+01
6566.01330736 7.25193024e+00
6566.06894291 2.29821930e+01
6566.12457846 1.13979073e+01
6566.18021400 1.41603127e+01
6566.23584955 6.91287994e+00
6566.29148510 7.12730408e-01
6566.34712064 6.87730980e+00
6566.40275619 2.85163498e+00
6566.45839174 -8.67949486e+00
6566.51402728 9.55513000e-01
6566.56966283 -1.26637783e+01
6566.62529838 1.95523071e+01
6566.68093392 2.94688835e+01
6566.73656947 1.36575775e+01
6566.79220502 -8.28856850e+00
6566.84784056 -1.69107246e+00
6566.90347611 1.28113842e+01
6566.95911166 5.70373535e-01
6567.01474720 1.64429436e+01
6567.07038275 1.40694160e+01
6567.12601830 2.83257904e+01
6567.18165384 1.53239326e+01
6567.23728939 -1.46371994e+01
6567.29292494 -7.06375504e+00
6567.34856048 5.23976173e+01
6567.40419603 1.49769516e+01
6567.45983158 1.71112061e+00
6567.51546713 -3.55745697e+00
6567.57110267 7.30371475e+00
6567.62673822 3.67238350e+01
6567.68237377 2.94672585e+01
6567.73800931 2.98553181e+01
6567.79364486 3.24647141e+01
6567.84928041 -1.05889626e+01
6567.90491595 3.98068047e+00
6567.96055150 6.07805061e+00
6568.01618705 2.20612717e+00
6568.07182259 1.03206730e+01
6568.12745814 -1.99332047e+00
6568.18309369 8.46175003e+00
6568.23872923 -1.13071251e+01
6568.29436478 -1.38181534e+01
6568.35000033 1.30409813e+01
6568.40563587 1.83705616e+01
6568.46127142 1.26151123e+01
6568.51690697 -1.45932121e+01
6568.57254251 2.79299164e+01
6568.62817806 4.40842667e+01
6568.68381361 2.39913597e+01
6568.73944915 -4.88195229e+00
6568.79508470 3.20915794e+00
6568.85072025 3.43688660e+01
6568.90635580 -1.07959633e+01
6568.96199134 4.33329010e+00
6569.01762689 1.34942665e+01
6569.07326244 5.86874771e+00
6569.12889798 1.57480392e+01
6569.18453353 6.43453026e+00
6569.24016908 1.07181511e+01
6569.29580462 9.03322601e+00
6569.35144017 8.63450813e+00
6569.40707572 -3.02467728e+00
6569.46271126 3.92632065e+01
6569.51834681 9.15421677e+00
6569.57398236 -4.43967018e+01
6569.62961790 -4.72674904e+01
6569.68525345 -2.66912823e+01
6569.74088900 8.61194992e+00
6569.79652454 2.64509201e+00
6569.85216009 -1.95818901e+00
6569.90779564 -8.03960800e+00
6569.96343118 1.54602718e+01
6570.01906673 -1.52063370e+00
6570.07470228 3.84691620e+00
6570.13033782 -1.06486359e+01
6570.18597337 -5.73629761e+00
6570.24160892 1.94709320e+01
6570.29724447 2.52560844e+01
6570.35288001 -7.11851120e+00
6570.40851556 7.65961647e+00
6570.46415111 -4.24056625e+00
6570.51978665 1.41659660e+01
6570.57542220 2.14989128e+01
6570.63105775 2.35627365e+00
6570.68669329 2.49340172e+01
6570.74232884 2.02904472e+01
6570.79796439 -7.32898331e+00
6570.85359993 2.61748199e+01
6570.90923548 -1.20018005e-01
6570.96487103 6.38418579e+00
6571.02050657 2.46082573e+01
6571.07614212 1.03239403e+01
6571.13177767 2.99985504e+01
6571.18741321 1.27696609e+00
6571.24304876 1.79923000e+01
6571.29868431 1.44395351e+01
6571.35431985 1.66957092e+01
6571.40995540 2.67109547e+01
6571.46559095 -1.50634232e+01
6571.52122649 2.04132996e+01
6571.57686204 7.75905418e+00
6571.63249759 1.46889877e+01
6571.68813314 6.21652603e+00
6571.74376868 -1.06414795e+01
6571.79940423 1.96930122e+01
6571.85503978 -1.53504181e+00
6571.91067532 -1.70922852e+00
6571.96631087 3.12658405e+01
6572.02194642 -2.94628525e+00
6572.07758196 6.50810242e-01
6572.13321751 4.69629135e+01
6572.18885306 1.05235996e+01
6572.24448860 5.83410645e+00
6572.30012415 -6.81289673e-01
6572.35575970 -6.45671654e+00
6572.41139524 1.71964836e+01
6572.46703079 2.27182102e+01
6572.52266634 -4.17362976e+00
6572.57830188 4.20055199e+00
6572.63393743 -1.67334366e+00
6572.68957298 2.41712189e+00
6572.74520852 3.97618256e+01
6572.80084407 -1.90986252e+00
6572.85647962 7.54418182e+00
6572.91211516 2.25127354e+01
6572.96775071 -3.42361832e+00
6573.02338626 4.83680725e+00
6573.07902181 1.24955101e+01
6573.13465735 2.35315170e+01
6573.19029290 4.24304962e+00
6573.24592845 1.34474792e+01
6573.30156399 2.91843357e+01
6573.35719954 3.59500732e+01
6573.41283509 -2.53296051e+01
6573.46847063 -5.18806839e+00
6573.52410618 6.16486435e+01
6573.57974173 1.69127655e+01
6573.63537727 1.09097099e+00
6573.69101282 -6.97289658e+00
6573.74664837 3.94009171e+01
6573.80228391 6.09981346e+00
6573.85791946 7.55869865e+00
6573.91355501 1.26975441e+01
6573.96919055 1.76772308e+00
6574.02482610 1.35708427e+01
6574.08046165 2.18410110e+00
6574.13609719 -2.33679886e+01
6574.19173274 -1.14462805e+01
6574.24736829 5.58091736e+00
6574.30300384 1.24790573e+01
6574.35863938 -4.11587524e+01
6574.41427493 -1.68680191e+00
6574.46991048 3.83428268e+01
6574.52554602 1.70168381e+01
6574.58118157 8.48257065e+00
6574.63681712 -6.88761902e+00
6574.69245266 -3.53794098e-02
6574.74808821 -4.33223724e+00
6574.80372376 8.50910759e+00
6574.85935930 1.99503689e+01
6574.91499485 3.67862892e+00
6574.97063040 -4.52226486e+01
6575.02626594 1.18481102e+01
6575.08190149 -2.22759171e+01
6575.13753704 9.22669983e+00
6575.19317258 7.03372955e-01
6575.24880813 2.41863632e+00
6575.30444368 5.48448944e+01
6575.36007922 -1.47149906e+01
6575.41571477 -1.57774734e+00
6575.47135032 1.48499947e+01
6575.52698586 1.58806190e+01
6575.58262141 5.56750107e+00
6575.63825696 -9.24715614e+00
6575.69389251 2.59694862e+01
6575.74952805 5.58613968e+00
6575.80516360 -1.33924961e+01
6575.86079915 8.93457413e-01
6575.91643469 -1.95847549e+01
6575.97207024 2.56821442e+00
6576.02770579 1.15491142e+01
6576.08334133 1.98959007e+01
6576.13897688 1.84959183e+01
6576.19461243 7.40429688e+00
6576.25024797 -8.02206230e+00
6576.30588352 3.29758377e+01
6576.36151907 1.82037144e+01
6576.41715461 -2.19627495e+01
6576.47279016 9.13075638e+00
6576.52842571 1.34697018e+01
6576.58406125 -1.04443741e+01
6576.63969680 -1.93132248e+01
6576.69533235 -6.80515289e-01
6576.75096789 3.37167969e+01
6576.80660344 1.83784485e-01
6576.86223899 -9.25334930e-01
6576.91787453 -6.05607224e+00
6576.97351008 -1.43239841e+01
6577.02914563 1.75916538e+01
6577.08478118 2.07109184e+01
6577.14041672 -1.62932777e+01
6577.19605227 -1.69701290e+01
6577.25168782 7.66674232e+00
6577.30732336 1.47038727e+01
6577.36295891 -2.69444656e+00
6577.41859446 -1.73222446e+01
6577.47423000 2.01980762e+01
6577.52986555 1.53129692e+01
6577.58550110 9.28033447e+00
6577.64113664 -1.80023308e+01
6577.69677219 1.52239838e+01
6577.75240774 -1.31618013e+01
6577.80804328 3.75283813e+00
6577.86367883 8.62409973e+00
6577.91931438 -1.24337769e+00
6577.97494992 2.55889988e+01
6578.03058547 -2.09332962e+01
6578.08622102 -1.24608421e+00
6578.14185656 1.01929445e+01
6578.19749211 3.12344933e+00
6578.25312766 3.29786568e+01
6578.30876320 3.79171791e+01
6578.36439875 -2.61340675e+01
6578.42003430 1.93501663e+01
6578.47566985 -4.78053284e+00
6578.53130539 2.02569389e+00
6578.58694094 -2.77768288e+01
6578.64257649 -3.55434418e-01
6578.69821203 -4.97918129e+00
6578.75384758 1.33041992e+01
6578.80948313 2.80209351e+00
6578.86511867 -1.65398293e+01
6578.92075422 2.03555241e+01
6578.97638977 1.34973526e+01
6579.03202531 -5.90904999e+00
6579.08766086 1.03083229e+01
6579.14329641 1.76035156e+01
6579.19893195 -2.88930664e+01
6579.25456750 2.36390076e+01
6579.31020305 1.45962429e+01
6579.36583859 8.19972610e+00
6579.42147414 1.46507320e+01
6579.47710969 -1.29322395e+01
6579.53274523 1.81162930e+01
6579.58838078 5.06822395e+00
6579.64401633 -1.03487568e+01
6579.69965187 1.19231892e+01
6579.75528742 2.22733688e+00
6579.81092297 4.86357689e+00
6579.86655852 -7.88505745e+00
6579.92219406 2.54336662e+01
6579.97782961 1.40866966e+01
6580.03346516 6.42936325e+00
6580.08910070 -5.58899307e+00
6580.14473625 -3.93049812e+00
6580.20037180 2.31710167e+01
6580.25600734 4.98699951e+00
6580.31164289 7.14792442e+00
6580.36727844 2.98760223e+00
6580.42291398 -1.21638794e+01
6580.47854953 2.36075668e+01
6580.53418508 4.16007233e+00
6580.58982062 -1.19297791e+00
6580.64545617 -8.61772537e-01
6580.70109172 -6.60546112e+00
6580.75672726 5.61735916e+00
6580.81236281 9.19202042e+00
6580.86799836 -1.72423553e+00
6580.92363390 -1.54595299e+01
6580.97926945 -9.77264023e+00
6581.03490500 -1.47233429e+01
6581.09054054 3.17698479e+01
6581.14617609 1.22093697e+01
6581.20181164 -8.09221268e-01
6581.25744719 8.70492172e+00
6581.31308273 -6.91730499e+00
6581.36871828 3.65878296e+00
6581.42435383 1.69914932e+01
6581.47998937 1.12975368e+01
6581.53562492 -4.30374146e+00
6581.59126047 -1.15822201e+01
6581.64689601 1.59385605e+01
6581.70253156 2.11001358e+01
6581.75816711 3.75478172e+00
6581.81380265 4.90226746e-01
6581.86943820 9.35611725e+00
6581.92507375 2.37477493e+01
6581.98070929 -1.81504860e+01
6582.03634484 -3.37211800e+00
6582.09198039 1.65368156e+01
6582.14761593 -1.15453606e+01
6582.20325148 4.21772614e+01
6582.25888703 -1.35067062e+01
6582.31452257 2.88971920e+01
6582.37015812 3.35284462e+01
6582.42579367 1.16868687e+01
6582.48142921 -4.15030670e+00
6582.53706476 -3.53698349e+00
6582.59270031 -5.18935204e+00
6582.64833586 1.17406254e+01
6582.70397140 -5.91135406e+00
6582.75960695 -8.86954880e+00
6582.81524250 1.42206421e+01
6582.87087804 2.28608189e+01
6582.92651359 -1.11189938e+01
6582.98214914 4.35141373e+00
6583.03778468 5.14625931e+01
6583.09342023 1.49694328e+01
6583.14905578 9.33565521e+00
6583.20469132 3.64065933e+00
6583.26032687 -2.09266472e+00
6583.31596242 2.09336967e+01
6583.37159796 3.51689835e+01
6583.42723351 3.05522423e+01
6583.48286906 7.85126877e+00
6583.53850460 1.29328880e+01
6583.59414015 4.23657608e+00
6583.64977570 3.52273483e+01
6583.70541124 1.66590843e+01
6583.76104679 1.44116020e+01
6583.81668234 1.18610687e+01
6583.87231788 1.10536232e+01
6583.92795343 1.75413589e+01
6583.98358898 3.97120323e+01
6584.03922453 3.83916016e+01
6584.09486007 3.84386749e+01
6584.15049562 3.36690102e+01
6584.20613117 1.13064270e+01
6584.26176671 1.06694412e+01
6584.31740226 7.18944359e+00
6584.37303781 1.28179817e+01
6584.42867335 1.95917091e+01
6584.48430890 2.62161255e+00
6584.53994445 1.52211380e+01
6584.59557999 -6.33065987e+00
6584.65121554 5.10679855e+01
6584.70685109 -3.79167175e+00
6584.76248663 1.34267273e+01
6584.81812218 9.46452713e+00
6584.87375773 1.75620651e+01
6584.92939327 -4.82753754e-01
6584.98502882 2.14719410e+01
6585.04066437 -8.07307053e+00
6585.09629991 2.21215477e+01
6585.15193546 -9.59600067e+00
6585.20757101 -2.40195580e+01
6585.26320656 -3.41701508e-01
6585.31884210 1.24213066e+01
6585.37447765 1.51978951e+01
6585.43011320 2.06540699e+01
6585.48574874 1.20790405e+01
6585.54138429 2.23011513e+01
6585.59701984 -3.27165604e+00
6585.65265538 -1.71444244e+01
6585.70829093 -1.62795563e+01
6585.76392648 -1.10178452e+01
6585.81956202 -1.74526596e+00
6585.87519757 1.06526680e+01
6585.93083312 -1.34536743e-01
6585.98646866 -2.50024986e+00
6586.04210421 2.57446060e+01
6586.09773976 -1.40427589e+01
6586.15337530 1.24816628e+01
6586.20901085 1.52997704e+01
6586.26464640 -1.74229984e+01
6586.32028194 -8.97758102e+00
6586.37591749 -5.30346680e+00
6586.43155304 2.38437653e-02
6586.48718858 6.82311249e+00
6586.54282413 2.06609726e+00
6586.59845968 3.81289291e+00
6586.65409523 1.30073090e+01
6586.70973077 3.19136944e+01
6586.76536632 5.84039688e+00
6586.82100187 8.02107239e+00
6586.87663741 8.94462585e+00
6586.93227296 9.95951843e+00
6586.98790851 -2.97259502e+01
6587.04354405 2.04454041e+00
6587.09917960 -8.10654831e+00
6587.15481515 2.60754623e+01
6587.21045069 8.30880928e+00
6587.26608624 1.08414955e+01
6587.32172179 2.19223499e+01
6587.37735733 1.90394402e+01
6587.43299288 -1.30709667e+01
6587.48862843 -8.21952438e+00
6587.54426397 1.34271355e+01
6587.59989952 -1.36074772e+01
6587.65553507 3.55917015e+01
6587.71117061 1.16017723e+01
6587.76680616 -3.27884674e-01
6587.82244171 3.46258011e+01
6587.87807725 -2.04126301e+01
6587.93371280 -1.43470650e+01
6587.98934835 2.59331360e+01
6588.04498390 6.68196869e+00
6588.10061944 2.90711479e+01
6588.15625499 1.57431545e+01
6588.21189054 3.00456200e+01
6588.26752608 3.96695404e+01
6588.32316163 4.11390457e+01
6588.37879718 -2.31870842e+00
6588.43443272 6.50434494e+00
6588.49006827 -1.88171501e+01
6588.54570382 8.09803009e+00
6588.60133936 -1.60146503e+01
6588.65697491 -1.02337723e+01
6588.71261046 -2.32237797e+01
6588.76824600 3.24383469e+01
6588.82388155 -2.31262207e+00
6588.87951710 6.53469849e+00
6588.93515264 9.49622345e+00
6588.99078819 -6.83397865e+00
6589.04642374 -2.14290581e+01
6589.10205928 -1.88167114e+01
6589.15769483 1.83562870e+01
6589.21333038 5.85905647e+00
6589.26896592 -2.67189713e+01
6589.32460147 8.45936584e+00
6589.38023702 -6.49146652e+00
6589.43587257 -1.98041763e+01
6589.49150811 8.38265991e+00
6589.54714366 -1.63659611e+01
6589.60277921 5.06820679e-02
6589.65841475 8.73027039e+00
6589.71405030 -9.94572067e+00
6589.76968585 7.94544220e+00
6589.82532139 4.46717072e+00
6589.88095694 5.54263306e+00
6589.93659249 -8.36768150e+00
6589.99222803 1.95478439e+01
6590.04786358 2.50905609e+00
6590.10349913 2.50121899e+01
6590.15913467 -2.48324203e+00
6590.21477022 -3.64853058e+01
6590.27040577 -1.40441475e+01
6590.32604131 -6.97348404e+00
6590.38167686 1.56656418e+01
6590.43731241 3.04189053e+01
6590.49294795 6.71516037e+00
6590.54858350 -2.28690548e+01
6590.60421905 -8.98237991e+00
6590.65985459 1.38900890e+01
6590.71549014 2.47756920e+01
6590.77112569 2.11752701e+00
6590.82676124 -1.31839867e+01
6590.88239678 -8.63340759e+00
6590.93803233 7.45406914e+00
6590.99366788 -1.76107082e+01
6591.04930342 1.20868683e-01
6591.10493897 2.34978714e+01
6591.16057452 -1.75835857e+01
6591.21621006 -1.09391022e+00
6591.27184561 1.77201233e+01
6591.32748116 7.81031418e+00
6591.38311670 -3.22486305e+01
6591.43875225 -3.18699741e+01
6591.49438780 -2.68687057e+01
6591.55002334 4.49956703e+00
6591.60565889 3.98173141e+00
6591.66129444 1.76655388e+01
6591.71692998 2.46403847e+01
6591.77256553 1.08220692e+01
6591.82820108 -2.97781372e+01
6591.88383662 -1.35965519e+01
6591.93947217 -7.86274147e+00
6591.99510772 -9.32899857e+00
6592.05074326 -2.16382618e+01
6592.10637881 -3.86254234e+01
6592.16201436 2.18401375e+01
6592.21764991 2.38672485e+01
6592.27328545 5.83511353e+00
6592.32892100 -2.61741638e-01
6592.38455655 -4.30524445e+00
6592.44019209 -1.27423477e+01
6592.49582764 -1.64868126e+01
6592.55146319 -2.05922890e+01
6592.60709873 -2.14363518e+01
6592.66273428 3.74088135e+01
6592.71836983 -5.79650879e+00
6592.77400537 3.68389130e+00
6592.82964092 2.08997192e+01
6592.88527647 1.67416763e+01
6592.94091201 7.93517685e+00
6592.99654756 -1.71342087e+01
6593.05218311 -3.74871521e+01
6593.10781865 1.76778259e+01
6593.16345420 -1.41556091e+01
6593.21908975 -9.85459900e+00
6593.27472529 -3.97648468e+01
6593.33036084 6.44729614e-01
6593.38599639 -3.63920975e+00
6593.44163193 -8.53494453e+00
6593.49726748 1.41770420e+01
6593.55290303 9.27246857e+00
6593.60853858 -1.23819828e+01
6593.66417412 -1.45651321e+01
6593.71980967 2.44414825e+01
6593.77544522 1.31015701e+01
6593.83108076 7.24848175e+00
6593.88671631 -1.70860043e+01
6593.94235186 9.15484619e+00
6593.99798740 1.67516327e+01
6594.05362295 -1.71035271e+01
6594.10925850 -1.88811188e+01
6594.16489404 1.90937424e+00
6594.22052959 -1.79525986e+01
6594.27616514 6.04722977e-01
6594.33180068 6.27556610e+00
6594.38743623 -1.31605721e+01
6594.44307178 9.14036942e+00
6594.49870732 1.87132301e+01
6594.55434287 -3.91899872e+00
6594.60997842 3.10901375e+01
6594.66561396 -2.67248459e+01
6594.72124951 -1.61861095e+01
6594.77688506 -2.87249756e+00
6594.83252060 1.98481865e+01
6594.88815615 4.42515755e+00
6594.94379170 -7.59621811e+00
6594.99942725 -8.18237686e+00
6595.05506279 2.45908356e+00
6595.11069834 -3.55239487e+00
6595.16633389 1.46522198e+01
6595.22196943 2.94820976e+01
6595.27760498 -1.47141838e+01
6595.33324053 -4.88812256e+00
6595.38887607 3.06575775e-01
6595.44451162 -8.03551674e+00
6595.50014717 -1.32973061e+01
6595.55578271 6.37518692e+00
6595.61141826 1.14964790e+01
6595.66705381 6.78356171e+00
6595.72268935 -3.11962891e+00
6595.77832490 -2.90392685e+00
6595.83396045 4.93918610e+00
6595.88959599 1.50363998e+01
6595.94523154 1.39751129e+01
6596.00086709 -1.07316971e+00
6596.05650263 9.62235260e+00
6596.11213818 -3.45043373e+00
6596.16777373 -4.07736206e+00
6596.22340928 -1.08940125e+00
6596.27904482 1.97717514e+01
6596.33468037 1.45615387e+00
6596.39031592 5.87971878e+00
6596.44595146 2.04792023e+01
6596.50158701 -1.97519264e+01
6596.55722256 1.42351913e+00
6596.61285810 1.60797119e-01
6596.66849365 -2.97514343e+00
6596.72412920 -1.17876053e+01
6596.77976474 4.59168739e+01
6596.83540029 1.29864845e+01
6596.89103584 2.16391754e+00
6596.94667138 7.84146500e+00
6597.00230693 1.38407059e+01
6597.05794248 3.79578400e+00
6597.11357802 -6.12418747e+00
6597.16921357 -6.34630203e+00
6597.22484912 -2.13179455e+01
6597.28048466 -2.07216072e+01
6597.33612021 1.38791695e+01
6597.39175576 -2.42304573e+01
6597.44739130 5.55691795e+01
6597.50302685 1.18203735e+01
6597.55866240 -1.06895866e+01
6597.61429795 -2.17171383e+01
6597.66993349 -2.28754997e+01
6597.72556904 4.61786652e+01
6597.78120459 1.80293274e+00
6597.83684013 4.59640884e+00
6597.89247568 5.07700348e+00
6597.94811123 9.68857002e+00
6598.00374677 1.05717869e+01
6598.05938232 1.35102615e+01
6598.11501787 -3.46981049e-01
6598.17065341 1.75485573e+01
6598.22628896 1.55258942e+00
6598.28192451 1.04897919e+01
6598.33756005 -1.27237587e+01
6598.39319560 1.05377293e+01
6598.44883115 -3.42336655e+01
6598.50446669 -3.73007965e+00
6598.56010224 3.67872925e+01
6598.61573779 1.74681263e+01
6598.67137333 2.10147781e+01
6598.72700888 9.76290512e+00
6598.78264443 2.28513527e+00
6598.83827997 3.78360748e-02
6598.89391552 -5.44283676e+00
6598.94955107 2.12475204e+00
6599.00518662 1.67022285e+01
6599.06082216 -8.56086922e+00
6599.11645771 1.68065243e+01
6599.17209326 -2.56232071e+00
6599.22772880 3.55198593e+01
6599.28336435 2.36590729e+01
6599.33899990 2.16357422e+00
6599.39463544 4.02459908e+00
6599.45027099 6.49101257e-01
6599.50590654 -4.97737885e-01
6599.56154208 -9.30512047e+00
6599.61717763 1.52233276e+01
6599.67281318 7.19537735e+00
6599.72844872 1.38156395e+01
6599.78408427 -9.74858093e+00
6599.83971982 1.53489475e+01
6599.89535536 -2.50824242e+01
6599.95099091 1.92320213e+01
6600.00662646 2.60196400e+01
6600.06226200 1.88480492e+01
6600.11789755 -1.73787861e+01
6600.17353310 -8.05117035e+00
6600.22916864 8.22978973e-01
6600.28480419 1.28668137e+01
6600.34043974 1.94934845e+00
6600.39607529 2.10665894e+00
6600.45171083 9.23866272e+00
6600.50734638 1.88126030e+01
6600.56298193 -3.33063889e+00
6600.61861747 1.58084774e+01
6600.67425302 -9.75854683e+00
6600.72988857 -4.07908630e+00
6600.78552411 2.29912186e+01
6600.84115966 9.08886337e+00
6600.89679521 1.22523308e+01
6600.95243075 1.30263405e+01
6601.00806630 3.11180496e+01
6601.06370185 4.74992371e+00
6601.11933739 3.70904427e+01
6601.17497294 5.03797836e+01
6601.23060849 -1.23120766e+01
6601.28624403 2.09625359e+01
6601.34187958 4.19617081e+00
6601.39751513 -2.55817661e+01
6601.45315067 -1.62662258e+01
6601.50878622 1.34904900e+01
6601.56442177 -2.21287537e+00
6601.62005731 1.81324043e+01
6601.67569286 1.35747604e+01
6601.73132841 1.23551674e+01
6601.78696396 2.45781326e+00
6601.84259950 -1.05640564e+01
6601.89823505 -1.29821758e+01
6601.95387060 4.57865143e+00
6602.00950614 -2.43136921e+01
6602.06514169 2.06651154e+01
6602.12077724 6.88401794e+00
6602.17641278 -1.69284821e+01
6602.23204833 -1.21741276e+01
6602.28768388 -6.43883896e+00
6602.34331942 3.06174812e+01
6602.39895497 6.57381821e+00
6602.45459052 -1.49641533e+01
6602.51022606 -7.12542725e+00
6602.56586161 -6.54824638e+00
6602.62149716 5.78270912e+00
6602.67713270 -2.08438873e-01
6602.73276825 -3.48535309e+01
6602.78840380 -1.83735847e+01
6602.84403934 -2.96109524e+01
6602.89967489 2.52925282e+01
6602.95531044 1.06594162e+01
6603.01094598 -1.82422771e+01
6603.06658153 -2.47466087e+01
6603.12221708 -7.32559776e+00
6603.17785263 2.47976494e+01
6603.23348817 -7.90970612e+00
6603.28912372 1.02180138e+01
6603.34475927 1.48037529e+01
6603.40039481 -7.86468887e+00
6603.45603036 3.25368881e+00
6603.51166591 -4.86303329e+00
6603.56730145 1.46357918e+01
6603.62293700 3.04254036e+01
6603.67857255 6.69050789e+00
6603.73420809 1.19963455e+00
6603.78984364 -1.73072166e+01
6603.84547919 -2.16403389e+01
6603.90111473 1.29037781e+01
6603.95675028 1.14063148e+01
6604.01238583 1.67164192e+01
6604.06802137 -8.69335175e-01
6604.12365692 -4.98316574e+00
6604.17929247 -1.08709354e+01
6604.23492801 -2.31206551e+01
6604.29056356 -3.77438126e+01
6604.34619911 -2.02099514e+01
6604.40183465 -1.35180912e+01
6604.45747020 -8.17476273e-01
6604.51310575 -8.63330841e+00
6604.56874130 -2.68033409e+00
6604.62437684 2.69223957e+01
6604.68001239 -1.17335892e+00
6604.73564794 -2.31524906e+01
6604.79128348 -3.38219452e+01
6604.84691903 -3.07074242e+01
6604.90255458 1.66851463e+01
6604.95819012 -5.55267715e+00
6605.01382567 1.73991585e+00
6605.06946122 1.35547523e+01
6605.12509676 -2.75370979e+01
6605.18073231 -1.18564186e+01
6605.23636786 5.37839699e+00
6605.29200340 3.88011932e+00
6605.34763895 1.02928200e+01
6605.40327450 -1.56779861e+00
6605.45891004 7.95881653e+00
6605.51454559 3.92905807e+00
6605.57018114 -8.53988647e+00
6605.62581668 2.00267181e+01
6605.68145223 7.14385223e+00
6605.73708778 -1.15460052e+01
6605.79272333 4.87556458e-02
6605.84835887 4.52342415e+00
6605.90399442 -1.04681759e+01
6605.95962997 9.99219131e+00
6606.01526551 3.02503777e+00
6606.07090106 1.43841114e+01
6606.12653661 2.04941254e+01
6606.18217215 2.42355499e+01
6606.23780770 1.97052879e+01
6606.29344325 5.09512329e+00
6606.34907879 -3.55077438e+01
