# Rest-frame spectrum generated from: M106A0003o_1d_rest.fits
# lambda_Ha_obs = 6570.40900000 Angstrom
# lambda_Ha_rest = 6562.80000000 Angstrom
# z_Ha = 1.1594136649e-03
# v_Ha_relativistic = 347.381976 km/s
# v_Ha_classical = 347.583472 km/s
# columns: wavelength_rest[Angstrom] flux_or_counts

6541.57242963 3.35561600e+01
6541.62780437 3.35560226e+01
6541.68317912 3.35570488e+01
6541.73855387 3.35563431e+01
6541.79392862 3.35566177e+01
6541.84930337 3.35564919e+01
6541.90467811 3.35568695e+01
6541.96005286 3.35562744e+01
6542.01542761 3.35570068e+01
6542.07080236 3.35560684e+01
6542.12617711 3.35558395e+01
6542.18155185 3.35565224e+01
6542.23692660 3.35560150e+01
6542.29230135 3.75782928e+01
6542.34767610 3.35556831e+01
6542.40305085 1.48090286e+01
6542.45842559 1.78547974e+01
6542.51380034 6.27328491e+00
6542.56917509 4.31175995e+00
6542.62454984 3.82920837e+01
6542.67992458 -2.21019058e+01
6542.73529933 1.89318237e+01
6542.79067408 3.32688904e+01
6542.84604883 -1.17722015e+01
6542.90142358 1.16797028e+01
6542.95679832 3.55497360e+01
6543.01217307 4.51258087e+00
6543.06754782 2.70179749e+00
6543.12292257 5.63903046e+00
6543.17829732 1.09290161e+01
6543.23367206 3.18746796e+01
6543.28904681 1.66927948e+01
6543.34442156 9.47616577e+00
6543.39979631 1.21052933e+01
6543.45517106 2.79138184e+00
6543.51054580 -7.80848694e+00
6543.56592055 -2.75532532e+00
6543.62129530 2.30022430e+00
6543.67667005 -6.53976440e-01
6543.73204479 1.75451279e+01
6543.78741954 6.00276833e+01
6543.84279429 2.84611511e+00
6543.89816904 1.27327652e+01
6543.95354379 2.30977974e+01
6544.00891853 4.39711380e+00
6544.06429328 -1.83890953e+01
6544.11966803 -8.24964905e+00
6544.17504278 7.12856293e+00
6544.23041753 -3.28443260e+01
6544.28579227 6.94025803e+00
6544.34116702 -3.62349510e+01
6544.39654177 -2.14671326e+00
6544.45191652 -4.47951508e+00
6544.50729127 4.34420395e+01
6544.56266601 1.94809608e+01
6544.61804076 -2.30254669e+01
6544.67341551 4.35187759e+01
6544.72879026 3.32762909e+00
6544.78416500 1.58498306e+01
6544.83953975 7.45162201e+00
6544.89491450 6.17436218e+00
6544.95028925 -2.05544586e+01
6545.00566400 2.37401772e+01
6545.06103874 3.16961746e+01
6545.11641349 -8.09550095e+00
6545.17178824 1.58432007e+00
6545.22716299 2.69232330e+01
6545.28253774 -3.94329262e+01
6545.33791248 -2.97749329e+00
6545.39328723 2.65805969e+01
6545.44866198 8.75633240e+00
6545.50403673 -1.52155952e+01
6545.55941148 -8.36303329e+00
6545.61478622 3.57282257e+00
6545.67016097 3.04115295e+01
6545.72553572 2.84468231e+01
6545.78091047 1.07212181e+01
6545.83628522 1.37416382e+01
6545.89165996 6.35706329e+00
6545.94703471 6.38583755e+01
6546.00240946 3.35992508e+01
6546.05778421 4.01528168e+00
6546.11315895 3.32438507e+01
6546.16853370 5.23283005e+00
6546.22390845 -2.84559097e+01
6546.27928320 1.99266243e+01
6546.33465795 2.16292801e+01
6546.39003269 2.16625900e+01
6546.44540744 -6.69128571e+01
6546.50078219 -9.07923508e+00
6546.55615694 -9.61510468e+00
6546.61153169 6.43906403e+00
6546.66690643 1.70977783e+00
6546.72228118 2.53914642e+01
6546.77765593 7.97131348e+00
6546.83303068 1.02960205e+00
6546.88840543 2.64873657e+01
6546.94378017 2.52252045e+01
6546.99915492 4.25755234e+01
6547.05452967 1.77642136e+01
6547.10990442 -1.43299637e+01
6547.16527916 2.89230347e-02
6547.22065391 2.05741882e+01
6547.27602866 6.81474304e+01
6547.33140341 6.71464539e+00
6547.38677816 -8.94070435e+00
6547.44215290 4.31968384e+01
6547.49752765 -1.99994659e+01
6547.55290240 1.82363434e+01
6547.60827715 5.87380142e+01
6547.66365190 -1.04698410e+01
6547.71902664 1.02546196e+01
6547.77440139 4.54227905e+01
6547.82977614 2.21243896e+01
6547.88515089 -1.68458252e+01
6547.94052564 1.23637466e+01
6547.99590038 4.01941986e+01
6548.05127513 1.09970169e+01
6548.10664988 9.34350967e+00
6548.16202463 4.56022034e+01
6548.21739937 9.02713776e+00
6548.27277412 2.74090881e+01
6548.32814887 -2.46508789e+00
6548.38352362 -4.58995056e+00
6548.43889837 2.23754120e+01
6548.49427311 2.81678467e+01
6548.54964786 2.47835617e+01
6548.60502261 3.09211349e+01
6548.66039736 3.49281731e+01
6548.71577211 1.74322128e+01
6548.77114685 -6.81320190e+00
6548.82652160 -6.50718689e-01
6548.88189635 3.90905457e+01
6548.93727110 2.66846504e+01
6548.99264585 2.23693542e+01
6549.04802059 3.88925781e+01
6549.10339534 1.38648186e+01
6549.15877009 -3.62776375e+01
6549.21414484 4.18699112e+01
6549.26951958 2.32708969e+01
6549.32489433 2.58866501e+00
6549.38026908 4.27283974e+01
6549.43564383 3.04763794e+00
6549.49101858 3.72497559e+01
6549.54639332 -5.41307068e+00
6549.60176807 -1.98260269e+01
6549.65714282 4.90134430e+00
6549.71251757 -7.12639618e+00
6549.76789232 4.14076233e+00
6549.82326706 -1.81544418e+01
6549.87864181 5.03075371e+01
6549.93401656 1.00371170e+01
6549.98939131 7.43199921e+00
6550.04476606 -6.97265930e+01
6550.10014080 6.29669533e+01
6550.15551555 4.25880852e+01
6550.21089030 -5.70170593e+00
6550.26626505 2.98351364e+01
6550.32163980 1.57244110e+01
6550.37701454 1.85333023e+01
6550.43238929 -1.35262222e+01
6550.48776404 6.63370819e+01
6550.54313879 1.73127518e+01
6550.59851353 -6.58334351e+00
6550.65388828 1.73504372e+01
6550.70926303 1.46387711e+01
6550.76463778 2.87217941e+01
6550.82001253 2.56071396e+01
6550.87538727 4.15385513e+01
6550.93076202 2.64723969e+01
6550.98613677 3.50872421e+01
6551.04151152 -2.45076752e+00
6551.09688627 -1.58221931e+01
6551.15226101 3.19702339e+01
6551.20763576 3.78040085e+01
6551.26301051 2.67837143e+01
6551.31838526 3.41152954e+00
6551.37376001 -4.11184883e+01
6551.42913475 1.08767166e+01
6551.48450950 -2.41446304e+01
6551.53988425 3.75537109e+00
6551.59525900 5.02925224e+01
6551.65063374 9.89153671e+00
6551.70600849 1.77098312e+01
6551.76138324 5.69988747e+01
6551.81675799 1.06901855e+01
6551.87213274 2.01166840e+01
6551.92750748 -8.28610992e+00
6551.98288223 9.12293243e+00
6552.03825698 3.25476189e+01
6552.09363173 6.09839287e+01
6552.14900648 7.48733749e+01
6552.20438122 5.41187019e+01
6552.25975597 4.81454468e+00
6552.31513072 6.15327225e+01
6552.37050547 9.62887115e+01
6552.42588022 1.67270813e+01
6552.48125496 4.81904831e+01
6552.53662971 5.96550903e+01
6552.59200446 3.90019379e+01
6552.64737921 5.22225952e+01
6552.70275395 3.73048248e+01
6552.75812870 3.28105927e+01
6552.81350345 3.44334183e+01
6552.86887820 5.45496063e+01
6552.92425295 6.30457993e+01
6552.97962769 5.81657333e+01
6553.03500244 6.85977325e+01
6553.09037719 2.27492828e+01
6553.14575194 9.56585617e+01
6553.20112669 1.01738457e+02
6553.25650143 9.72438583e+01
6553.31187618 1.09140587e+02
6553.36725093 8.32192383e+01
6553.42262568 1.03625412e+02
6553.47800043 1.55585938e+02
6553.53337517 1.42331497e+02
6553.58874992 1.52552017e+02
6553.64412467 1.70741943e+02
6553.69949942 2.20176849e+02
6553.75487416 1.94531952e+02
6553.81024891 2.60676727e+02
6553.86562366 3.44223389e+02
6553.92099841 3.61125519e+02
6553.97637316 3.62161621e+02
6554.03174790 4.13088196e+02
6554.08712265 4.74367523e+02
6554.14249740 5.51740112e+02
6554.19787215 5.65581116e+02
6554.25324690 7.42736206e+02
6554.30862164 8.06750671e+02
6554.36399639 9.19249146e+02
6554.41937114 1.04456787e+03
6554.47474589 1.21745642e+03
6554.53012064 1.34319336e+03
6554.58549538 1.43809119e+03
6554.64087013 1.60545312e+03
6554.69624488 1.74462048e+03
6554.75161963 1.92181763e+03
6554.80699438 2.13902490e+03
6554.86236912 2.25837500e+03
6554.91774387 2.44740332e+03
6554.97311862 2.62927856e+03
6555.02849337 2.80470679e+03
6555.08386811 2.80004053e+03
6555.13924286 2.82787280e+03
6555.19461761 2.67194824e+03
6555.24999236 2.62793213e+03
6555.30536711 2.45237573e+03
6555.36074185 2.24142017e+03
6555.41611660 2.07681519e+03
6555.47149135 1.77651367e+03
6555.52686610 1.54002319e+03
6555.58224085 1.33782544e+03
6555.63761559 1.20323560e+03
6555.69299034 8.82923584e+02
6555.74836509 7.05170898e+02
6555.80373984 5.01107697e+02
6555.85911459 4.97312866e+02
6555.91448933 3.69737183e+02
6555.96986408 2.88808777e+02
6556.02523883 2.57253632e+02
6556.08061358 1.98846893e+02
6556.13598832 1.63743164e+02
6556.19136307 1.58378937e+02
6556.24673782 1.30358185e+02
6556.30211257 1.01336914e+02
6556.35748732 7.11680069e+01
6556.41286206 1.92579498e+01
6556.46823681 9.86511841e+01
6556.52361156 9.54740601e+01
6556.57898631 1.74031448e+01
6556.63436106 1.06021500e+01
6556.68973580 3.84461288e+01
6556.74511055 -1.41949005e+01
6556.80048530 3.67901917e+01
6556.85586005 2.84999313e+01
6556.91123480 4.81403580e+01
6556.96660954 3.75319061e+01
6557.02198429 1.33782959e+01
6557.07735904 2.21032104e+01
6557.13273379 -2.92127686e+01
6557.18810853 -3.10402298e+01
6557.24348328 4.32151489e+01
6557.29885803 2.98767166e+01
6557.35423278 2.72151909e+01
6557.40960753 1.69904938e+01
6557.46498227 1.61281891e+01
6557.52035702 2.11317062e+01
6557.57573177 -1.10964966e+01
6557.63110652 2.21427155e+01
6557.68648127 3.40953178e+01
6557.74185601 2.18310127e+01
6557.79723076 3.21352463e+01
6557.85260551 6.40793610e+00
6557.90798026 3.02196121e+01
6557.96335501 -9.23332214e+00
6558.01872975 -5.80365753e+00
6558.07410450 2.58751373e+01
6558.12947925 2.14356194e+01
6558.18485400 3.23037148e+01
6558.24022874 6.23575325e+01
6558.29560349 2.86690025e+01
6558.35097824 -2.17872925e+01
6558.40635299 -3.13012924e+01
6558.46172774 1.11546402e+01
6558.51710248 -7.25669861e-01
6558.57247723 -9.87754822e+00
6558.62785198 8.00971985e+00
6558.68322673 5.59111824e+01
6558.73860148 2.96941757e+01
6558.79397622 7.06781769e+01
6558.84935097 3.30587158e+01
6558.90472572 -4.08297729e+00
6558.96010047 1.83909836e+01
6559.01547522 3.28343849e+01
6559.07084996 3.51314507e+01
6559.12622471 -1.03330383e+01
6559.18159946 4.52275314e+01
6559.23697421 -3.74778748e+00
6559.29234895 2.57724533e+01
6559.34772370 -6.67846680e-01
6559.40309845 -5.75584717e+01
6559.45847320 8.28865051e+00
6559.51384795 2.52454987e+01
6559.56922269 8.56181335e+00
6559.62459744 2.13571930e+01
6559.67997219 2.34992599e+01
6559.73534694 2.94851303e+01
6559.79072169 5.60158005e+01
6559.84609643 -1.17131882e+01
6559.90147118 -6.17834091e+00
6559.95684593 -5.98812103e+00
6560.01222068 1.95939636e+00
6560.06759543 -9.77176666e+00
6560.12297017 2.13173714e+01
6560.17834492 3.84683228e+01
6560.23371967 2.31951294e+01
6560.28909442 1.17849503e+01
6560.34446917 9.58576202e+00
6560.39984391 1.23506012e+01
6560.45521866 -2.42600899e+01
6560.51059341 -1.89833488e+01
6560.56596816 3.77592621e+01
6560.62134290 -1.57225494e+01
6560.67671765 1.70659485e+01
6560.73209240 -2.81450424e+01
6560.78746715 -2.13465118e+00
6560.84284190 -4.56654358e+00
6560.89821664 8.41425323e+00
6560.95359139 1.52626343e+01
6561.00896614 1.57393456e+01
6561.06434089 1.21606598e+01
6561.11971564 -3.08469486e+01
6561.17509038 -2.05748100e+01
6561.23046513 2.18815918e+01
6561.28583988 2.28262444e+01
6561.34121463 3.95259094e+00
6561.39658938 -7.92910004e+00
6561.45196412 -5.57577782e+01
6561.50733887 2.03886108e+01
6561.56271362 2.29400864e+01
6561.61808837 7.31063080e+00
6561.67346311 -1.13659210e+01
6561.72883786 1.56728363e+00
6561.78421261 9.66098022e+00
6561.83958736 -4.12760315e+01
6561.89496211 -1.14104767e+01
6561.95033685 -1.48490906e+00
6562.00571160 4.80785828e+01
6562.06108635 2.65492706e+01
6562.11646110 -2.09235229e+01
6562.17183585 9.99913025e+00
6562.22721059 -1.86733856e+01
6562.28258534 -1.17576675e+01
6562.33796009 2.37220001e+01
6562.39333484 2.99157944e+01
6562.44870959 2.08786621e+01
6562.50408433 -2.00316620e+00
6562.55945908 -1.81471405e+01
6562.61483383 -1.32675171e+01
6562.67020858 -2.02072372e+01
6562.72558332 -2.52904129e+01
6562.78095807 -3.40021515e+00
6562.83633282 -1.70451813e+01
6562.89170757 -2.84259377e+01
6562.94708232 -1.34998856e+01
6563.00245706 -1.33249664e+00
6563.05783181 2.01271553e+01
6563.11320656 2.39351959e+01
6563.16858131 4.50783043e+01
6563.22395606 2.65791550e+01
6563.27933080 1.77716141e+01
6563.33470555 -2.74678879e+01
6563.39008030 1.33187103e+00
6563.44545505 4.11762390e+01
6563.50082980 2.30938568e+01
6563.55620454 4.53393097e+01
6563.61157929 6.12926483e+00
6563.66695404 2.23877563e+01
6563.72232879 2.46462021e+01
6563.77770353 1.25345535e+01
6563.83307828 1.85169067e+01
6563.88845303 5.35256882e+01
6563.94382778 3.46076965e+00
6563.99920253 8.18217850e+00
6564.05457727 3.02586365e+01
6564.10995202 -4.14613266e+01
6564.16532677 -3.62799416e+01
6564.22070152 1.51994247e+01
6564.27607627 -8.77219391e+00
6564.33145101 -1.94865875e+01
6564.38682576 -2.13788681e+01
6564.44220051 2.59256897e+01
6564.49757526 3.41982765e+01
6564.55295001 -1.83372879e+01
6564.60832475 -5.77013016e+00
6564.66369950 4.82263489e+01
6564.71907425 -2.92000046e+01
6564.77444900 -6.55358505e+00
6564.82982375 -2.49753113e+01
6564.88519849 1.59890442e+01
6564.94057324 -6.81101990e+00
6564.99594799 1.34490891e+01
6565.05132274 1.59995270e+01
6565.10669748 2.95293121e+01
6565.16207223 6.49552917e+00
6565.21744698 -3.19100456e+01
6565.27282173 2.60502892e+01
6565.32819648 -1.18182373e+00
6565.38357122 2.45982361e+00
6565.43894597 3.19228439e+01
6565.49432072 -1.62174683e+01
6565.54969547 1.44068146e+00
6565.60507022 -8.92491150e+00
6565.66044496 1.22026596e+01
6565.71581971 -4.69936371e+00
6565.77119446 -8.34905624e+00
6565.82656921 1.57222061e+01
6565.88194396 7.91954041e+00
6565.93731870 3.41820755e+01
6565.99269345 1.07656097e+01
6566.04806820 8.35793304e+00
6566.10344295 5.48630524e+00
6566.15881769 -8.34102631e+00
6566.21419244 3.25925980e+01
6566.26956719 7.61642456e+00
6566.32494194 4.27104759e+01
6566.38031669 3.96355896e+01
6566.43569143 1.91013794e+01
6566.49106618 -2.45442085e+01
6566.54644093 1.87540359e+01
6566.60181568 5.76668549e+00
6566.65719043 -5.75743866e+00
6566.71256517 -1.48665085e+01
6566.76793992 -2.31254578e+00
6566.82331467 4.62400589e+01
6566.87868942 7.56980896e-01
6566.93406417 2.74830551e+01
6566.98943891 -5.62341309e+00
6567.04481366 -1.94656143e+01
6567.10018841 -1.19539070e+01
6567.15556316 -1.00379944e+01
6567.21093790 -6.68725586e+00
6567.26631265 1.04519081e+01
6567.32168740 -1.45108604e+01
6567.37706215 1.83762512e+01
6567.43243690 -2.31139374e+00
6567.48781164 -3.13442307e+01
6567.54318639 -7.22225952e+00
6567.59856114 1.08297882e+01
6567.65393589 5.69222260e+00
6567.70931064 4.20309448e+00
6567.76468538 2.43999176e+01
6567.82006013 -2.47399902e+00
6567.87543488 9.76670074e+00
6567.93080963 -7.07690811e+00
6567.98618438 2.94620132e+01
6568.04155912 7.56996155e+00
6568.09693387 -1.20998077e+01
6568.15230862 -7.83843994e+00
6568.20768337 -7.63077164e+00
6568.26305811 -3.00590439e+01
6568.31843286 7.20071411e+00
6568.37380761 3.60608673e+00
6568.42918236 5.14677429e+00
6568.48455711 1.06742477e+01
6568.53993185 4.92754784e+01
6568.59530660 4.93551254e+00
6568.65068135 2.05118561e+00
6568.70605610 2.46524734e+01
6568.76143085 -1.75121307e+00
6568.81680559 -1.03421402e+01
6568.87218034 -3.20913162e+01
6568.92755509 5.26047516e+00
6568.98292984 1.35435486e+01
6569.03830459 5.51490784e-01
6569.09367933 1.66304779e+00
6569.14905408 2.95404892e+01
6569.20442883 -2.53153610e+01
6569.25980358 -3.65509148e+01
6569.31517833 -1.03831711e+01
6569.37055307 2.13211060e-01
6569.42592782 1.22478180e+01
6569.48130257 1.29266815e+01
6569.53667732 -1.05995560e+01
6569.59205206 -1.87991829e+01
6569.64742681 5.32317390e+01
6569.70280156 1.80767593e+01
6569.75817631 5.56933594e+00
6569.81355106 2.10378418e+01
6569.86892580 -5.09287720e+01
6569.92430055 4.61840668e+01
6569.97967530 3.60440712e+01
6570.03505005 4.10593491e+01
6570.09042480 1.47272186e+01
6570.14579954 1.54757538e+01
6570.20117429 -2.03004456e+01
6570.25654904 3.03639984e+00
6570.31192379 5.44837952e+00
6570.36729854 3.14092255e+01
6570.42267328 1.65151062e+01
6570.47804803 1.23357315e+01
6570.53342278 2.32759781e+01
6570.58879753 -2.74887619e+01
6570.64417227 -9.58555603e+00
6570.69954702 3.87046013e+01
6570.75492177 -1.54327164e+01
6570.81029652 -1.12438164e+01
6570.86567127 -6.16939545e+00
6570.92104601 6.25022888e+00
6570.97642076 3.98663406e+01
6571.03179551 -4.83878708e+01
6571.08717026 -2.25903702e+01
6571.14254501 3.53846931e+01
6571.19791975 3.18885345e+01
6571.25329450 2.72741737e+01
6571.30866925 -1.03081512e+01
6571.36404400 1.27228928e+01
6571.41941875 -4.72338867e+00
6571.47479349 -2.89005356e+01
6571.53016824 -3.32317009e+01
6571.58554299 1.52017212e+00
6571.64091774 4.18664436e+01
6571.69629248 -2.36413956e+01
6571.75166723 1.64911308e+01
6571.80704198 -3.40376511e+01
6571.86241673 7.52107239e+00
6571.91779148 -6.53688812e+00
6571.97316622 5.61609497e+01
6572.02854097 4.53738861e+01
6572.08391572 -2.44474030e+00
6572.13929047 8.55989838e+00
6572.19466522 4.87208633e+01
6572.25003996 2.64692383e+01
6572.30541471 -1.23721161e+01
6572.36078946 -1.51280136e+01
6572.41616421 2.07611847e+01
6572.47153896 -1.70661964e+01
6572.52691370 6.26269531e+00
6572.58228845 2.61664047e+01
6572.63766320 -1.10258484e+01
6572.69303795 1.03123245e+01
6572.74841269 1.56779327e+01
6572.80378744 4.52050018e+00
6572.85916219 1.96505280e+01
6572.91453694 2.79797516e+01
6572.96991169 -2.36063690e+01
6573.02528643 1.11458511e+01
6573.08066118 -2.88981628e+00
6573.13603593 3.27408981e+01
6573.19141068 -6.09526062e+00
6573.24678543 1.17678070e+00
6573.30216017 -4.50282211e+01
6573.35753492 4.62191277e+01
6573.41290967 1.10606995e+01
6573.46828442 1.73457489e+01
6573.52365917 1.73526917e+01
6573.57903391 3.84033966e+00
6573.63440866 1.52227325e+01
6573.68978341 -2.33049011e+01
6573.74515816 1.09049835e+01
6573.80053291 6.80759430e+01
6573.85590765 -1.02050972e+01
6573.91128240 1.21615753e+01
6573.96665715 2.99000206e+01
6574.02203190 2.51649323e+01
6574.07740664 1.19977570e+00
6574.13278139 1.83286819e+01
6574.18815614 3.08768921e+01
6574.24353089 -3.44508858e+01
6574.29890564 2.54661560e+00
6574.35428038 3.86357040e+01
6574.40965513 4.23402405e+00
6574.46502988 3.31465378e+01
6574.52040463 4.48282776e+01
6574.57577938 3.90023041e+00
6574.63115412 2.30161285e+01
6574.68652887 7.57053223e+01
6574.74190362 5.11756172e+01
6574.79727837 7.43112564e+01
6574.85265312 1.04885223e+02
6574.90802786 8.53702621e+01
6574.96340261 1.16327255e+02
6575.01877736 1.40936188e+02
6575.07415211 1.41426208e+02
6575.12952685 1.38300186e+02
6575.18490160 1.88614731e+02
6575.24027635 2.07327133e+02
6575.29565110 2.67015137e+02
6575.35102585 2.48624817e+02
6575.40640059 2.80807068e+02
6575.46177534 2.92075165e+02
6575.51715009 3.47683044e+02
6575.57252484 3.73989227e+02
6575.62789959 4.44290222e+02
6575.68327433 4.06760681e+02
6575.73864908 4.78943481e+02
6575.79402383 5.34833740e+02
6575.84939858 4.87309052e+02
6575.90477333 5.13268188e+02
6575.96014807 5.43060913e+02
6576.01552282 5.73650391e+02
6576.07089757 4.63130859e+02
6576.12627232 3.91175415e+02
6576.18164706 3.41608612e+02
6576.23702181 2.62844788e+02
6576.29239656 2.41908340e+02
6576.34777131 1.45922943e+02
6576.40314606 1.23972244e+02
6576.45852080 1.14109283e+02
6576.51389555 9.93222961e+01
6576.56927030 1.06696388e+02
6576.62464505 3.27459946e+01
6576.68001980 7.33459778e+01
6576.73539454 3.37773819e+01
6576.79076929 2.72457504e+01
6576.84614404 -2.52214813e+00
6576.90151879 -9.88853455e-01
6576.95689354 3.28470459e+01
6577.01226828 -2.53613281e+00
6577.06764303 2.44822235e+01
6577.12301778 -1.26868668e+01
6577.17839253 -1.93108902e+01
6577.23376727 9.07792740e+01
6577.28914202 -2.18074570e+01
6577.34451677 -1.50251617e+01
6577.39989152 2.17406845e+01
6577.45526627 -8.43836975e+00
6577.51064101 -3.94773865e+00
6577.56601576 -1.00626373e+00
6577.62139051 1.74852028e+01
6577.67676526 4.23033905e+00
6577.73214001 -1.28734741e+01
6577.78751475 1.40505295e+01
6577.84288950 3.42082214e+00
6577.89826425 5.30685425e-01
6577.95363900 -2.66253891e+01
6578.00901375 -4.21489983e+01
6578.06438849 -1.61352844e+01
6578.11976324 1.64810410e+01
6578.17513799 -3.10761566e+01
6578.23051274 -1.56602173e+01
6578.28588748 -2.30787735e+01
6578.34126223 4.22168732e+00
6578.39663698 -8.65264893e+00
6578.45201173 2.77882767e+01
6578.50738648 -4.10494576e+01
6578.56276122 -6.94882202e+00
6578.61813597 3.82677994e+01
6578.67351072 2.16884613e+00
6578.72888547 3.61290321e+01
6578.78426022 -2.27148438e+01
6578.83963496 -7.04748535e+00
6578.89500971 2.24186935e+01
6578.95038446 1.87960701e+01
6579.00575921 2.05828857e+00
6579.06113396 7.79806519e+00
6579.11650870 3.86513901e+01
6579.17188345 -5.89561462e+00
6579.22725820 1.41985626e+01
6579.28263295 2.62863159e-01
6579.33800770 3.89953003e+01
6579.39338244 -1.53421593e+01
6579.44875719 6.87577820e+00
6579.50413194 -2.55055428e+01
6579.55950669 5.96163559e+00
6579.61488143 2.87329941e+01
6579.67025618 -7.09533691e-04
6579.72563093 -1.71237717e+01
6579.78100568 8.18849182e+00
6579.83638043 -1.79303436e+01
6579.89175517 -1.66707535e+01
6579.94712992 3.64330978e+01
6580.00250467 -9.39048767e-01
6580.05787942 1.04679642e+01
6580.11325417 1.96547508e+01
6580.16862891 3.86731033e+01
6580.22400366 1.10146637e+01
6580.27937841 -2.38183746e+01
6580.33475316 4.86454773e+00
6580.39012791 8.91195679e+00
6580.44550265 -4.15215683e+01
6580.50087740 3.29659538e+01
6580.55625215 5.49613838e+01
6580.61162690 3.13985443e+01
6580.66700164 3.42794647e+01
6580.72237639 2.80822906e+01
6580.77775114 4.36072083e+01
6580.83312589 6.66287842e+01
6580.88850064 1.28181305e+01
6580.94387538 1.49295883e+01
6580.99925013 2.51637955e+01
6581.05462488 2.27319489e+01
6581.10999963 2.24008713e+01
6581.16537438 -3.32499619e+01
6581.22074912 1.42660294e+01
6581.27612387 4.21284637e+01
6581.33149862 2.89957657e+01
6581.38687337 1.16543274e+01
6581.44224812 4.76198654e+01
6581.49762286 -3.72520447e+00
6581.55299761 -1.38653793e+01
6581.60837236 1.67197914e+01
6581.66374711 4.17918625e+01
6581.71912185 -8.06606293e+00
6581.77449660 1.73058319e+01
6581.82987135 1.76612854e+01
6581.88524610 3.74607086e+00
6581.94062085 5.13603210e+00
6581.99599559 -1.81281662e+01
6582.05137034 1.82551346e+01
6582.10674509 -1.70476837e+01
6582.16211984 1.67929688e+01
6582.21749459 5.98483810e+01
6582.27286933 2.23611450e+01
6582.32824408 -1.08600922e+01
6582.38361883 2.76419601e+01
6582.43899358 6.50629883e+01
6582.49436833 -6.73648453e+00
6582.54974307 5.11830063e+01
6582.60511782 -2.93549347e+00
6582.66049257 4.23018875e+01
6582.71586732 -1.13528900e+01
6582.77124206 2.10920486e+01
6582.82661681 -1.09281921e+01
6582.88199156 2.85999222e+01
6582.93736631 2.33870621e+01
6582.99274106 4.79339600e-01
6583.04811580 1.48195801e+01
6583.10349055 2.02918549e+01
6583.15886530 1.21936035e+00
6583.21424005 1.72578773e+01
6583.26961480 4.88415527e+00
6583.32498954 -8.47679138e-01
6583.38036429 7.73923035e+01
6583.43573904 8.47919464e+00
6583.49111379 -1.19531403e+01
6583.54648854 1.98175125e+01
6583.60186328 -2.39566193e+01
6583.65723803 -1.65335426e+01
6583.71261278 -1.52241631e+01
6583.76798753 5.43882980e+01
6583.82336228 1.98147163e+01
6583.87873702 1.08791962e+01
6583.93411177 1.10804214e+01
6583.98948652 5.55440521e+00
6584.04486127 5.79213715e+00
6584.10023601 -3.85237885e+00
6584.15561076 -1.50322037e+01
6584.21098551 -1.72569427e+01
6584.26636026 -3.00752068e+01
6584.32173501 -1.62764359e+01
6584.37710975 1.77666092e+01
6584.43248450 3.96229935e+01
6584.48785925 -5.17729187e+00
6584.54323400 2.48609161e+00
6584.59860875 3.69904213e+01
6584.65398349 -3.35721245e+01
6584.70935824 -1.35218811e+01
6584.76473299 3.59457855e+01
6584.82010774 2.82069702e+01
6584.87548249 -4.60257416e+01
6584.93085723 -1.24817734e+01
6584.98623198 -2.62329102e-01
6585.04160673 1.29403839e+01
6585.09698148 -2.49026566e+01
6585.15235622 3.86099586e+01
6585.20773097 -1.98282280e+01
6585.26310572 -5.47292328e+00
6585.31848047 5.08448181e+01
6585.37385522 2.38797607e+01
6585.42922996 -2.99856720e+01
6585.48460471 5.09323196e+01
6585.53997946 8.30425262e+00
6585.59535421 -1.81125832e+01
6585.65072896 2.56351204e+01
6585.70610370 -1.16167297e+01
6585.76147845 -1.62721863e+01
6585.81685320 1.04731827e+01
6585.87222795 1.48580322e+01
6585.92760270 -6.08707428e-01
6585.98297744 -2.44455032e+01
6586.03835219 3.78049736e+01
6586.09372694 -2.45249100e+01
6586.14910169 3.95980911e+01
6586.20447643 -6.53203583e+00
6586.25985118 3.29666519e+01
6586.31522593 3.59621429e+01
6586.37060068 -9.94087219e-01
6586.42597543 9.30278015e+00
6586.48135017 2.70838547e+01
6586.53672492 4.92440796e+01
6586.59209967 -4.79480820e+01
6586.64747442 2.43491821e+01
6586.70284917 2.76807022e+01
6586.75822391 -2.23726959e+01
6586.81359866 5.91648598e+01
6586.86897341 3.40976830e+01
6586.92434816 -1.34216003e+01
6586.97972291 1.80147400e+01
6587.03509765 3.08988647e+01
6587.09047240 2.75952148e+00
6587.14584715 1.03194809e+01
6587.20122190 -1.67554779e+01
6587.25659664 -1.29595184e+00
6587.31197139 1.91824989e+01
6587.36734614 -1.53722076e+01
6587.42272089 -1.06070786e+01
6587.47809564 2.39806366e+00
6587.53347038 1.62871475e+01
6587.58884513 -1.51788712e+01
6587.64421988 -2.75579910e+01
6587.69959463 4.56732101e+01
6587.75496938 9.40032959e+00
6587.81034412 3.06039429e+00
6587.86571887 6.23960876e+00
6587.92109362 -1.06068039e+01
6587.97646837 -4.93972778e+00
6588.03184312 -2.15567627e+01
6588.08721786 -8.98236847e+00
6588.14259261 -3.13296623e+01
6588.19796736 4.54755707e+01
6588.25334211 9.79445648e+00
6588.30871686 7.64316406e+01
6588.36409160 6.65544128e+00
6588.41946635 3.54140472e+00
6588.47484110 -5.09180832e+00
6588.53021585 -5.62909012e+01
6588.58559059 -1.70285034e+01
6588.64096534 2.80118179e+01
6588.69634009 -3.66497269e+01
6588.75171484 1.94956055e+01
6588.80708959 -2.73650284e+01
6588.86246433 8.05464935e+00
6588.91783908 -5.30835571e+01
6588.97321383 -2.68968964e+00
6589.02858858 9.89865112e+00
6589.08396333 1.45976257e+00
6589.13933807 -5.81519318e+00
6589.19471282 2.41753960e+01
6589.25008757 2.23050194e+01
6589.30546232 -2.73053589e+01
6589.36083707 -2.75024796e+01
6589.41621181 2.09454727e+01
6589.47158656 1.08281403e+01
6589.52696131 6.43134308e+00
6589.58233606 2.17659912e+01
6589.63771080 2.47411423e+01
6589.69308555 7.13615417e+00
6589.74846030 1.62187576e+01
6589.80383505 2.79320984e+01
6589.85920980 -4.43889389e+01
6589.91458454 1.38512611e+01
6589.96995929 1.33662643e+01
6590.02533404 -3.84247169e+01
6590.08070879 -3.65668182e+01
6590.13608354 -1.48763046e+01
6590.19145828 2.37022400e+00
6590.24683303 3.42601395e+00
6590.30220778 -1.55201454e+01
6590.35758253 3.16935730e+01
6590.41295728 9.80363464e+00
6590.46833202 -3.26418686e+01
6590.52370677 7.44178772e-01
6590.57908152 -1.02872849e+01
6590.63445627 4.96567078e+01
6590.68983101 -2.58996124e+01
6590.74520576 7.44709015e+00
6590.80058051 -1.86733131e+01
6590.85595526 3.74300613e+01
6590.91133001 5.88794327e+00
6590.96670475 -2.64872704e+01
6591.02207950 -1.02267113e+01
6591.07745425 2.07735443e+01
6591.13282900 3.89867401e+00
6591.18820375 2.90502930e+01
6591.24357849 -8.06359100e+00
6591.29895324 4.08911667e+01
6591.35432799 2.77899094e+01
6591.40970274 4.00270538e+01
6591.46507749 1.05879822e+01
6591.52045223 3.41114159e+01
6591.57582698 6.65620422e+01
6591.63120173 -1.59693298e+01
6591.68657648 -7.73893738e+00
6591.74195122 3.03103104e+01
6591.79732597 -6.64118195e+00
6591.85270072 1.68136597e+00
6591.90807547 9.46888733e+00
6591.96345022 -6.05214691e+00
6592.01882496 3.14804955e+01
6592.07419971 3.55222855e+01
6592.12957446 4.02959061e+01
6592.18494921 -1.73182755e+01
6592.24032396 -1.18931122e+01
6592.29569870 2.96016083e+01
6592.35107345 3.57860565e+00
6592.40644820 2.82822952e+01
6592.46182295 1.45244064e+01
6592.51719770 -1.64878845e-01
6592.57257244 -3.16700516e+01
6592.62794719 -3.04739304e+01
6592.68332194 6.69825745e+00
6592.73869669 -3.67124329e+01
6592.79407144 -2.65097046e+00
6592.84944618 -1.83026505e+01
6592.90482093 -4.02568054e+00
6592.96019568 1.68185577e+01
6593.01557043 5.62753448e+01
6593.07094517 -1.26255646e+01
6593.12631992 -1.31278305e+01
6593.18169467 6.89408493e+00
6593.23706942 -5.45841522e+01
6593.29244417 1.82739334e+01
6593.34781891 1.06272125e+01
6593.40319366 8.40145874e+00
6593.45856841 -6.40235901e+00
6593.51394316 -1.37950897e+01
6593.56931791 -5.24821472e+00
6593.62469265 -4.00262794e+01
6593.68006740 4.18269691e+01
6593.73544215 -1.49570465e+00
6593.79081690 1.40455322e+01
6593.84619165 -2.16547775e+01
6593.90156639 -7.45311737e+00
6593.95694114 2.21484032e+01
6594.01231589 -2.39367828e+01
6594.06769064 -5.99021912e+00
6594.12306538 5.65399170e+01
6594.17844013 -1.60236206e+01
6594.23381488 -1.87887650e+01
6594.28918963 -1.35911102e+01
6594.34456438 -4.31142807e+00
6594.39993912 -2.39933624e+01
6594.45531387 -2.23712006e+01
6594.51068862 4.07057037e+01
6594.56606337 -1.36670227e+01
6594.62143812 4.24354553e+01
6594.67681286 4.76151581e+01
6594.73218761 2.34774666e+01
6594.78756236 -1.22621078e+01
6594.84293711 1.55420532e+01
6594.89831186 4.87682877e+01
6594.95368660 5.69408455e+01
6595.00906135 1.17557907e+01
6595.06443610 -4.99293251e+01
6595.11981085 3.34416733e+01
6595.17518559 -6.58206940e+00
6595.23056034 -2.41567993e+00
6595.28593509 5.18503265e+01
6595.34130984 1.21003876e+01
6595.39668459 -1.62181778e+01
6595.45205933 1.23063240e+01
6595.50743408 -8.84804535e+00
6595.56280883 4.30688477e+00
6595.61818358 -2.63209076e+01
6595.67355833 1.56486931e+01
6595.72893307 5.14717445e+01
6595.78430782 2.52308311e+01
6595.83968257 -9.68030548e+00
6595.89505732 1.70108147e+01
6595.95043207 -8.70072937e+00
6596.00580681 -4.01155090e+00
6596.06118156 1.80518074e+01
6596.11655631 -3.10305023e+00
6596.17193106 2.08108215e+01
6596.22730580 -6.32408142e-01
6596.28268055 2.08865356e+00
6596.33805530 -1.28629532e+01
6596.39343005 -6.72290039e+00
6596.44880480 6.21906281e+00
6596.50417954 -2.82699013e+01
6596.55955429 7.65499496e+00
6596.61492904 4.02401657e+01
6596.67030379 2.41079254e+01
6596.72567854 -1.31646423e+01
6596.78105328 2.68195572e+01
6596.83642803 3.75640106e+01
6596.89180278 -3.26279907e+01
6596.94717753 -5.62290192e+00
6597.00255228 4.39152832e+01
6597.05792702 1.04705276e+01
6597.11330177 -3.81263962e+01
6597.16867652 3.12914619e+01
6597.22405127 4.68141785e+01
6597.27942601 1.32843246e+01
6597.33480076 -8.68281555e+00
6597.39017551 -1.06986084e+01
6597.44555026 2.94647217e+00
6597.50092501 -2.00360832e+01
6597.55629975 -1.08544617e+01
6597.61167450 -3.64386597e+01
6597.66704925 1.42646637e+01
6597.72242400 -9.36891556e+00
