# Rest-frame spectrum generated from: N3370A0001o_1d.fits
# lambda_Ha_obs = 6593.67100000 Angstrom
# lambda_Ha_rest = 6562.80000000 Angstrom
# z_Ha = 4.7039373438e-03
# v_Ha_relativistic = 1406.888217 km/s
# v_Ha_classical = 1410.204939 km/s
# columns: wavelength_rest[Angstrom] flux_or_counts

6504.55435107 1.02955093e+01
6504.61052952 1.02937431e+01
6504.66670797 1.02928696e+01
6504.72288643 1.02929382e+01
6504.77906488 1.02954826e+01
6504.83524333 1.02956467e+01
6504.89142178 1.02957497e+01
6504.94760023 1.02958336e+01
6505.00377868 1.02957497e+01
6505.05995713 1.02958946e+01
6505.11613559 1.02951469e+01
6505.17231404 1.02954903e+01
6505.22849249 1.02933426e+01
6505.28467094 1.02947311e+01
6505.34084939 1.04357147e+01
6505.39702784 1.74222984e+01
6505.45320630 1.38042412e+01
6505.50938475 1.25207367e+01
6505.56556320 2.35339813e+01
6505.62174165 5.15801620e+00
6505.67792010 2.47390594e+01
6505.73409855 4.14508667e+01
6505.79027701 1.39009247e+01
6505.84645546 -1.90501385e+01
6505.90263391 3.55480194e+00
6505.95881236 2.36472816e+01
6506.01499081 3.20126152e+00
6506.07116926 4.71666908e+00
6506.12734772 1.23652115e+01
6506.18352617 2.09610252e+01
6506.23970462 2.01924248e+01
6506.29588307 2.42445374e+01
6506.35206152 1.79568329e+01
6506.40823997 4.23693237e+01
6506.46441842 3.39224129e+01
6506.52059688 1.33919048e+01
6506.57677533 3.69440346e+01
6506.63295378 -1.54129486e+01
6506.68913223 -2.45569038e+01
6506.74531068 1.01454735e+01
6506.80148913 1.44793892e+01
6506.85766759 1.21374092e+01
6506.91384604 6.81138992e+00
6506.97002449 1.72052498e+01
6507.02620294 4.15892944e+01
6507.08238139 7.91967316e+01
6507.13855984 4.41805038e+01
6507.19473830 3.38874397e+01
6507.25091675 4.31903114e+01
6507.30709520 5.92620621e+01
6507.36327365 8.45845795e+01
6507.41945210 1.06387833e+02
6507.47563055 1.14910881e+02
6507.53180900 1.72003464e+02
6507.58798746 1.57441010e+02
6507.64416591 1.53328583e+02
6507.70034436 1.51835281e+02
6507.75652281 2.25168365e+02
6507.81270126 1.73544647e+02
6507.86887971 1.60428329e+02
6507.92505817 1.98422562e+02
6507.98123662 2.06394119e+02
6508.03741507 1.96623840e+02
6508.09359352 1.50123901e+02
6508.14977197 1.40030319e+02
6508.20595042 1.30033478e+02
6508.26212888 9.46357651e+01
6508.31830733 5.42349548e+01
6508.37448578 4.72775612e+01
6508.43066423 5.13156052e+01
6508.48684268 2.97952995e+01
6508.54302113 1.25481606e+01
6508.59919958 1.65292168e+01
6508.65537804 3.96091652e+01
6508.71155649 1.14105415e+01
6508.76773494 4.04434776e+01
6508.82391339 5.10714989e+01
6508.88009184 3.55820045e+01
6508.93627029 1.87284164e+01
6508.99244875 6.20643997e+00
6509.04862720 9.75936890e-01
6509.10480565 8.40372086e+00
6509.16098410 -1.02319374e+01
6509.21716255 1.90259438e+01
6509.27334100 1.70726223e+01
6509.32951946 -1.16987152e+01
6509.38569791 -1.25883675e+01
6509.44187636 2.20035896e+01
6509.49805481 1.98621407e+01
6509.55423326 2.95026550e+01
6509.61041171 1.26877823e+01
6509.66659016 -1.85601044e+00
6509.72276862 4.31800117e+01
6509.77894707 1.50769424e+01
6509.83512552 -1.68072205e+01
6509.89130397 -5.92406464e+00
6509.94748242 -9.25072098e+00
6510.00366087 1.21046600e+01
6510.05983933 7.12436676e+00
6510.11601778 -4.13887024e-01
6510.17219623 -5.31536865e+00
6510.22837468 1.90174751e+01
6510.28455313 -1.26672401e+01
6510.34073158 -1.90493584e+01
6510.39691004 -8.72380447e+00
6510.45308849 2.70881424e+01
6510.50926694 1.98344917e+01
6510.56544539 3.33721085e+01
6510.62162384 4.84640884e+00
6510.67780229 9.18297577e+00
6510.73398075 1.42578354e+01
6510.79015920 4.70370865e+00
6510.84633765 9.45782852e+00
6510.90251610 2.30048027e+01
6510.95869455 1.11732864e+01
6511.01487300 2.28643494e+01
6511.07105145 2.71840706e+01
6511.12722991 2.80165939e+01
6511.18340836 1.04311333e+01
6511.23958681 2.65710907e+01
6511.29576526 4.75550232e+01
6511.35194371 -1.94400177e+01
6511.40812216 -3.78734207e+00
6511.46430062 3.47506523e+01
6511.52047907 -2.74759865e+00
6511.57665752 -3.97548676e+00
6511.63283597 -1.45650864e+00
6511.68901442 3.83276749e+01
6511.74519287 -1.92780876e+00
6511.80137133 2.06117058e+01
6511.85754978 2.69513931e+01
6511.91372823 -1.52320862e-01
6511.96990668 -2.45358105e+01
6512.02608513 2.88029137e+01
6512.08226358 -2.05624199e+01
6512.13844203 -1.33674278e+01
6512.19462049 2.16378727e+01
6512.25079894 -2.54890556e+01
6512.30697739 3.54674301e+01
6512.36315584 1.04460106e+01
6512.41933429 3.13045254e+01
6512.47551274 4.00745316e+01
6512.53169120 2.82739410e+01
6512.58786965 4.09932327e+01
6512.64404810 2.61720886e+01
6512.70022655 3.15725136e+01
6512.75640500 1.71461487e+01
6512.81258345 -2.07636070e+00
6512.86876191 3.25993347e+01
6512.92494036 -3.10504570e+01
6512.98111881 -1.38970070e+01
6513.03729726 3.71443558e+00
6513.09347571 2.87459030e+01
6513.14965416 3.06832886e+01
6513.20583261 -1.28554535e+00
6513.26201107 2.14358482e+01
6513.31818952 2.46692238e+01
6513.37436797 3.92479782e+01
6513.43054642 4.43101044e+01
6513.48672487 1.59249763e+01
6513.54290332 3.55258102e+01
6513.59908178 2.43869019e+01
6513.65526023 4.63223267e+00
6513.71143868 2.31675758e+01
6513.76761713 5.46910477e+00
6513.82379558 -5.20490646e+00
6513.87997403 4.71698761e+00
6513.93615249 1.54655457e+00
6513.99233094 4.67528534e+00
6514.04850939 4.20458183e+01
6514.10468784 5.79872131e-02
6514.16086629 2.97513733e+01
6514.21704474 1.91359291e+01
6514.27322319 2.95616150e+00
6514.32940165 1.26592064e+01
6514.38558010 9.21908951e+00
6514.44175855 3.64371758e+01
6514.49793700 3.60606232e+01
6514.55411545 2.30153275e+00
6514.61029390 2.44365005e+01
6514.66647236 -8.19725800e+00
6514.72265081 4.46568069e+01
6514.77882926 -1.95594501e+01
6514.83500771 5.21936798e+00
6514.89118616 3.23483047e+01
6514.94736461 2.91928844e+01
6515.00354307 2.55841026e+01
6515.05972152 7.48802185e-01
6515.11589997 -9.57409286e+00
6515.17207842 -2.16701183e+01
6515.22825687 3.13412094e+01
6515.28443532 1.23937225e+01
6515.34061378 2.71893806e+01
6515.39679223 -7.48532486e+00
6515.45297068 1.12015839e+01
6515.50914913 8.49642181e+00
6515.56532758 3.14531479e+01
6515.62150603 1.55869675e+00
6515.67768448 2.04027138e+01
6515.73386294 2.41307411e+01
6515.79004139 -1.95899162e+01
6515.84621984 9.89687347e+00
6515.90239829 1.38008041e+01
6515.95857674 -2.35041752e+01
6516.01475519 -2.11050968e+01
6516.07093365 -3.04246521e+00
6516.12711210 -6.89578247e+00
6516.18329055 1.08022079e+01
6516.23946900 1.55867157e+01
6516.29564745 -3.68805313e+01
6516.35182590 6.44180679e+00
6516.40800436 1.44983025e+01
6516.46418281 8.63782501e+00
6516.52036126 1.44467659e+01
6516.57653971 1.85292015e+01
6516.63271816 -4.22053146e+00
6516.68889661 2.09398003e+01
6516.74507506 1.10624008e+01
6516.80125352 2.75111465e+01
6516.85743197 8.30390167e+00
6516.91361042 1.01282387e+01
6516.96978887 -1.93834934e+01
6517.02596732 -4.43556213e+01
6517.08214577 1.80821152e+01
6517.13832423 -3.72529030e+01
6517.19450268 -4.44038277e+01
6517.25068113 -1.55231781e+01
6517.30685958 1.08637657e+01
6517.36303803 -5.24008560e+00
6517.41921648 -8.58542252e+00
6517.47539494 -1.54584503e+01
6517.53157339 -2.06307945e+01
6517.58775184 1.67819672e+01
6517.64393029 -2.50673676e+00
6517.70010874 6.11191101e+01
6517.75628719 5.11431961e+01
6517.81246564 -4.01738358e+00
6517.86864410 9.83918762e+00
6517.92482255 -1.67057419e+00
6517.98100100 4.69970322e+01
6518.03717945 2.66715775e+01
6518.09335790 5.49378967e+00
6518.14953635 9.76708221e+00
6518.20571481 2.90286331e+01
6518.26189326 3.09970245e+01
6518.31807171 3.06181564e+01
6518.37425016 -4.06195450e+00
6518.43042861 1.47348824e+01
6518.48660706 -1.94803238e+01
6518.54278552 -1.33252602e+01
6518.59896397 5.31282501e+01
6518.65514242 7.53688812e+00
6518.71132087 -2.63444901e+00
6518.76749932 7.99872208e+00
6518.82367777 2.17090836e+01
6518.87985623 7.34416962e+00
6518.93603468 -1.00741959e+00
6518.99221313 8.24087143e+00
6519.04839158 -1.43517075e+01
6519.10457003 5.59859352e+01
6519.16074848 1.15599327e+01
6519.21692693 7.80462646e+00
6519.27310539 -1.45494919e+01
6519.32928384 3.19395123e+01
6519.38546229 -1.53047333e+01
6519.44164074 -8.80404282e+00
6519.49781919 1.55870094e+01
6519.55399764 1.06308937e+01
6519.61017610 -4.91470337e-01
6519.66635455 -1.25136566e+01
6519.72253300 -4.64542809e+01
6519.77871145 8.67283249e+00
6519.83488990 2.25675850e+01
6519.89106835 1.92052002e+01
6519.94724681 3.00538597e+01
6520.00342526 2.50964050e+01
6520.05960371 1.06977997e+01
6520.11578216 -2.11211414e+01
6520.17196061 1.76320343e+01
6520.22813906 9.84002686e+00
6520.28431751 2.26974945e+01
6520.34049597 2.23038235e+01
6520.39667442 2.20795250e+01
6520.45285287 1.98637657e+01
6520.50903132 1.43071747e+00
6520.56520977 4.00273132e+00
6520.62138822 1.70095634e+01
6520.67756668 2.13058968e+01
6520.73374513 2.22801857e+01
6520.78992358 -1.72363510e+01
6520.84610203 1.18755455e+01
6520.90228048 4.41200638e+01
6520.95845893 1.83128052e+01
6521.01463739 -1.89151764e-01
6521.07081584 3.80807304e+01
6521.12699429 2.39373703e+01
6521.18317274 5.18476486e+00
6521.23935119 2.75142670e+00
6521.29552964 -2.95889320e+01
6521.35170809 2.20067959e+01
6521.40788655 2.22907047e+01
6521.46406500 1.50310631e+01
6521.52024345 7.14636688e+01
6521.57642190 3.11016769e+01
6521.63260035 1.44559021e+01
6521.68877880 -1.77678604e+01
6521.74495726 -6.85669327e+00
6521.80113571 6.01122665e+00
6521.85731416 1.14101944e+01
6521.91349261 -9.34433746e+00
6521.96967106 -9.03143311e+00
6522.02584951 2.28125496e+01
6522.08202797 1.15677414e+01
6522.13820642 -2.89396286e+00
6522.19438487 2.41598892e+01
6522.25056332 5.12317810e+01
6522.30674177 8.30264282e+00
6522.36292022 1.45175781e+01
6522.41909867 5.00755005e+01
6522.47527713 2.40608597e+00
6522.53145558 3.18936253e+01
6522.58763403 -5.93072891e+00
6522.64381248 1.11116600e+01
6522.69999093 5.41008797e+01
6522.75616938 1.40961342e+01
6522.81234784 7.91837311e+00
6522.86852629 5.07887497e+01
6522.92470474 5.65129852e+01
6522.98088319 -1.64575653e+01
6523.03706164 4.22563019e+01
6523.09324009 6.85961151e+00
6523.14941855 -1.27289467e+01
6523.20559700 -2.58167267e-01
6523.26177545 -4.89591980e+00
6523.31795390 1.94953308e+01
6523.37413235 -8.63079071e+00
6523.43031080 1.48337212e+01
6523.48648926 3.42989845e+01
6523.54266771 1.99173317e+01
6523.59884616 -2.52475281e+01
6523.65502461 2.20574532e+01
6523.71120306 1.82847252e+01
6523.76738151 1.53928375e+01
6523.82355996 -1.69744492e+00
6523.87973842 1.50691452e+01
6523.93591687 4.74064903e+01
6523.99209532 -7.37038803e+00
6524.04827377 3.10267925e+01
6524.10445222 7.50487518e+00
6524.16063067 9.05486298e+00
6524.21680913 9.17123032e+00
6524.27298758 -1.09357224e+01
6524.32916603 -5.05944061e+00
6524.38534448 7.38270950e+00
6524.44152293 1.01626701e+01
6524.49770138 -3.59374237e+00
6524.55387984 5.69724274e+00
6524.61005829 1.65264664e+01
6524.66623674 4.34516068e+01
6524.72241519 5.22238426e+01
6524.77859364 1.89131832e+01
6524.83477209 2.65968208e+01
6524.89095054 -9.10635376e+00
6524.94712900 -7.35283661e+00
6525.00330745 -4.96065140e+00
6525.05948590 9.79646301e+00
6525.11566435 2.03505020e+01
6525.17184280 -2.84066772e+00
6525.22802125 -1.28250771e+01
6525.28419971 8.47695160e+00
6525.34037816 2.21831856e+01
6525.39655661 1.91120605e+01
6525.45273506 2.38695984e+01
6525.50891351 4.50429993e+01
6525.56509196 4.15095673e+01
6525.62127042 -7.67261887e+00
6525.67744887 -8.60371399e+00
6525.73362732 3.90562820e+00
6525.78980577 1.49356956e+01
6525.84598422 1.75623283e+01
6525.90216267 1.31453705e+00
6525.95834112 1.28665543e+00
6526.01451958 2.64789581e+00
6526.07069803 -1.40933838e+01
6526.12687648 3.47035217e+00
6526.18305493 2.27819672e+01
6526.23923338 1.33433266e+01
6526.29541183 8.33267593e+00
6526.35159029 -1.16536713e+00
6526.40776874 8.43938065e+00
6526.46394719 1.33995438e+00
6526.52012564 -4.36724854e+00
6526.57630409 -2.79153061e+00
6526.63248254 -1.56765862e+01
6526.68866100 2.37007141e+01
6526.74483945 2.43126335e+01
6526.80101790 1.66448822e+01
6526.85719635 2.81541519e+01
6526.91337480 2.39568825e+01
6526.96955325 -2.10698166e+01
6527.02573171 1.44956360e+01
6527.08191016 1.81662979e+01
6527.13808861 -8.38174820e+00
6527.19426706 2.71127777e+01
6527.25044551 1.29089394e+01
6527.30662396 -4.99783325e+00
6527.36280241 1.04665680e+01
6527.41898087 -3.99173737e-01
6527.47515932 5.46067429e+00
6527.53133777 3.37369156e+01
6527.58751622 8.15564346e+00
6527.64369467 -1.41073227e+00
6527.69987312 5.38387680e+00
6527.75605158 -1.38137169e+01
6527.81223003 2.09068794e+01
6527.86840848 5.36898689e+01
6527.92458693 -1.74440918e+01
6527.98076538 -1.41678238e+00
6528.03694383 1.20497589e+01
6528.09312229 3.51910896e+01
6528.14930074 8.52899170e+00
6528.20547919 7.68170929e+00
6528.26165764 1.52710896e+01
6528.31783609 -3.07323074e+00
6528.37401454 5.42661743e+01
6528.43019299 1.87024803e+01
6528.48637145 1.99541855e+01
6528.54254990 -1.41379852e+01
6528.59872835 -2.02471218e+01
6528.65490680 1.93659592e+00
6528.71108525 1.64814758e+00
6528.76726370 1.23631477e+01
6528.82344216 -2.35104752e+00
6528.87962061 1.83325729e+01
6528.93579906 3.82153473e+01
6528.99197751 2.76562004e+01
6529.04815596 1.13449516e+01
6529.10433441 2.25369797e+01
6529.16051287 2.29418755e+01
6529.21669132 4.66830444e+00
6529.27286977 4.36121368e+01
6529.32904822 2.42455406e+01
6529.38522667 6.18151093e+00
6529.44140512 1.62979012e+01
6529.49758357 -1.54238491e+01
6529.55376203 3.75673828e+01
6529.60994048 2.49251938e+01
6529.66611893 -2.78856087e+01
6529.72229738 2.87350845e+00
6529.77847583 3.18240204e+01
6529.83465428 3.00730171e+01
6529.89083274 -2.14326477e+00
6529.94701119 -8.79251099e+00
6530.00318964 4.22613945e+01
6530.05936809 3.16370125e+01
6530.11554654 -1.13267326e+01
6530.17172499 -7.88148880e+00
6530.22790345 -2.35599689e+01
6530.28408190 2.16098785e-01
6530.34026035 2.23815041e+01
6530.39643880 1.77371979e-01
6530.45261725 1.12539024e+01
6530.50879570 3.61942482e+01
6530.56497415 2.63959160e+01
6530.62115261 7.13656235e+00
6530.67733106 -3.54705811e+00
6530.73350951 7.98423767e+00
6530.78968796 2.30327454e+01
6530.84586641 5.54697533e+01
6530.90204486 5.01577454e+01
6530.95822332 -7.00251389e+00
6531.01440177 -2.84969158e+01
6531.07058022 8.25659561e+00
6531.12675867 1.73511887e+00
6531.18293712 -2.03402710e+00
6531.23911557 -1.21780357e+01
6531.29529403 -4.58938484e+01
6531.35147248 -2.26348114e+00
6531.40765093 4.34917755e+01
6531.46382938 1.43355675e+01
6531.52000783 1.71156235e+01
6531.57618628 9.22775269e-02
6531.63236474 2.58148537e+01
6531.68854319 1.52189026e+01
6531.74472164 -2.53943672e+01
6531.80090009 1.21150894e+01
6531.85707854 1.56296883e+01
6531.91325699 2.78238983e+01
6531.96943544 3.89179611e+01
6532.02561390 2.60642853e+01
6532.08179235 -6.61004639e+00
6532.13797080 3.21921272e+01
6532.19414925 9.60244370e+00
6532.25032770 -1.67926102e+01
6532.30650615 1.88244400e+01
6532.36268461 -4.17303848e+01
6532.41886306 4.97437286e+00
6532.47504151 2.34439735e+01
6532.53121996 -2.07640839e+00
6532.58739841 -2.52649345e+01
6532.64357686 2.41429634e+01
6532.69975532 2.19382515e+01
6532.75593377 -9.99336243e-01
6532.81211222 4.09173317e+01
6532.86829067 1.23967896e+01
6532.92446912 -1.96690331e+01
6532.98064757 3.41010704e+01
6533.03682602 2.47626495e+01
6533.09300448 2.70288734e+01
6533.14918293 3.63443375e+01
6533.20536138 6.02804565e+00
6533.26153983 -1.10133095e+01
6533.31771828 3.56268654e+01
6533.37389673 4.35557060e+01
6533.43007519 1.62285233e+00
6533.48625364 -2.79257507e+01
6533.54243209 1.74347687e+00
6533.59861054 3.54305878e+01
6533.65478899 1.88874626e+01
6533.71096744 -8.56768799e+00
6533.76714590 4.09475327e+00
6533.82332435 -3.46957779e+00
6533.87950280 -2.86620178e+01
6533.93568125 1.17391129e+01
6533.99185970 8.28193665e-01
6534.04803815 1.80044441e+01
6534.10421660 2.67961559e+01
6534.16039506 -2.57632561e+01
6534.21657351 5.78502655e-01
6534.27275196 4.20940590e+01
6534.32893041 2.42758293e+01
6534.38510886 2.78648338e+01
6534.44128731 -4.22926712e+00
6534.49746577 -2.03685112e+01
6534.55364422 -1.12730331e+01
6534.60982267 -7.01053619e-01
6534.66600112 3.03116837e+01
6534.72217957 1.73038864e+01
6534.77835802 -1.63498840e+01
6534.83453648 8.70288467e+00
6534.89071493 3.82094193e+00
6534.94689338 1.95608025e+01
6535.00307183 -1.60233841e+01
6535.05925028 3.05177727e+01
6535.11542873 -7.01725769e+00
6535.17160718 4.46768951e+00
6535.22778564 -1.18496666e+01
6535.28396409 -2.56976776e+01
6535.34014254 -1.91433449e+01
6535.39632099 3.42684555e+00
6535.45249944 -2.58066769e+01
6535.50867789 -2.15381622e-01
6535.56485635 3.67516632e+01
6535.62103480 -5.90937805e+00
6535.67721325 -2.22537384e+01
6535.73339170 -1.30650215e+01
6535.78957015 -1.14119644e+01
6535.84574860 2.94613647e+00
6535.90192706 -4.21132088e+01
6535.95810551 -1.74073792e+00
6536.01428396 -7.66747284e+00
6536.07046241 1.45880432e+01
6536.12664086 1.67767906e+01
6536.18281931 -7.66719246e+00
6536.23899777 1.32614632e+01
6536.29517622 9.69612885e+00
6536.35135467 8.82562256e+00
6536.40753312 -3.56189728e-01
6536.46371157 1.52177048e+01
6536.51989002 7.28655624e+00
6536.57606847 4.00374222e+00
6536.63224693 2.53400726e+01
6536.68842538 1.43773117e+01
6536.74460383 1.23167763e+01
6536.80078228 1.99516907e+01
6536.85696073 9.57822037e+00
6536.91313918 9.81217194e+00
6536.96931764 2.55260696e+01
6537.02549609 3.25119476e+01
6537.08167454 1.58011017e+01
6537.13785299 3.23866730e+01
6537.19403144 1.64775047e+01
6537.25020989 2.88479729e+01
6537.30638835 4.43843994e+01
6537.36256680 2.63794823e+01
6537.41874525 6.12533569e-01
6537.47492370 2.35224113e+01
6537.53110215 -1.94606457e+01
6537.58728060 -1.80702972e+00
6537.64345905 -2.26854439e+01
6537.69963751 1.46487808e+01
6537.75581596 1.77808685e+01
6537.81199441 -3.23333626e+01
6537.86817286 7.37287140e+00
6537.92435131 8.65258408e+00
6537.98052976 3.78252411e+00
6538.03670822 -1.35732651e+01
6538.09288667 2.88601151e+01
6538.14906512 4.17546616e+01
6538.20524357 7.69474411e+00
6538.26142202 -1.26723480e+01
6538.31760047 9.70512772e+00
6538.37377893 -2.14769745e+00
6538.42995738 2.51634598e+01
6538.48613583 2.16590919e+01
6538.54231428 5.91793823e+00
6538.59849273 6.92743683e+00
6538.65467118 -1.57754860e+01
6538.71084963 1.08722839e+01
6538.76702809 2.44941521e+01
6538.82320654 -4.11736794e+01
6538.87938499 4.57588196e+00
6538.93556344 2.41699028e+01
6538.99174189 3.80484009e+00
6539.04792034 -8.70237732e+00
6539.10409880 -3.75894165e+00
6539.16027725 1.32672272e+01
6539.21645570 -6.86600494e+00
6539.27263415 -3.16953354e+01
6539.32881260 2.59714584e+01
6539.38499105 5.42490387e+00
6539.44116951 -9.13805771e+00
6539.49734796 -1.23586464e+01
6539.55352641 -1.88328857e+01
6539.60970486 6.03245544e+00
6539.66588331 1.73423538e+01
6539.72206176 2.83496132e+01
6539.77824022 4.99884415e+00
6539.83441867 4.48659325e+01
6539.89059712 -1.59718552e+01
6539.94677557 -2.61199017e+01
6540.00295402 -2.38921738e+00
6540.05913247 -1.26483955e+01
6540.11531092 1.69496193e+01
6540.17148938 3.28826904e-03
6540.22766783 -7.91320801e-01
6540.28384628 3.80824394e+01
6540.34002473 1.41823730e+01
6540.39620318 4.90455246e+00
6540.45238163 6.92280197e+00
6540.50856009 3.19469452e-01
6540.56473854 3.26518936e+01
6540.62091699 1.04310989e+00
6540.67709544 2.32076416e+01
6540.73327389 -3.13977814e+00
6540.78945234 -3.30582848e+01
6540.84563080 2.71575432e+01
6540.90180925 5.16054039e+01
6540.95798770 -7.35832596e+00
6541.01416615 -6.21772766e-01
6541.07034460 1.32055893e+01
6541.12652305 -2.41638069e+01
6541.18270150 -1.19580002e+01
6541.23887996 5.11659813e+01
6541.29505841 -7.17261124e+00
6541.35123686 -4.57510376e+00
6541.40741531 -1.51704025e+00
6541.46359376 -4.52587509e+00
6541.51977221 1.09793663e+01
6541.57595067 -1.76778431e+01
6541.63212912 -1.12202492e+01
6541.68830757 1.14010201e+01
6541.74448602 -6.09610748e+00
6541.80066447 3.45672874e+01
6541.85684292 3.58041649e+01
6541.91302138 1.27717705e+01
6541.96919983 1.53849983e+01
6542.02537828 -2.55587616e+01
6542.08155673 -2.01469955e+01
6542.13773518 9.14474487e+00
6542.19391363 -2.08233757e+01
6542.25009208 1.73091507e+01
6542.30627054 -1.01958160e+01
6542.36244899 2.21319237e+01
6542.41862744 1.55453987e+01
6542.47480589 5.33216782e+01
6542.53098434 -5.48875618e+00
6542.58716279 2.61673279e+01
6542.64334125 9.93360138e+00
6542.69951970 1.17925568e+01
6542.75569815 1.30862770e+01
6542.81187660 -5.67390442e-01
6542.86805505 -1.71260262e+01
6542.92423350 1.26805000e+01
6542.98041196 2.28951378e+01
6543.03659041 -2.38838577e+01
6543.09276886 2.67561874e+01
6543.14894731 2.94356346e+01
6543.20512576 -1.38735733e+01
6543.26130421 -2.32675610e+01
6543.31748266 6.74831390e+00
6543.37366112 -1.53033829e+00
6543.42983957 2.43587990e+01
6543.48601802 -2.79651527e+01
6543.54219647 -9.43115997e+00
6543.59837492 5.72401428e+00
6543.65455337 -1.11372147e+01
6543.71073183 -2.30200348e+01
6543.76691028 -1.45827961e+01
6543.82308873 2.86735001e+01
6543.87926718 -1.31128197e+01
6543.93544563 3.28488274e+01
6543.99162408 8.72475433e+00
6544.04780254 1.54619675e+01
6544.10398099 -1.49715424e+00
6544.16015944 -6.00951767e+00
6544.21633789 5.77515030e+00
6544.27251634 4.33917236e+00
6544.32869479 4.23819656e+01
6544.38487325 5.86930847e+00
6544.44105170 6.04052353e+00
6544.49723015 -3.75907516e+00
6544.55340860 -2.10923157e+01
6544.60958705 -1.62299347e+00
6544.66576550 1.67790833e+01
6544.72194395 3.10552940e+01
6544.77812241 -1.48734818e+01
6544.83430086 -3.13892365e-01
6544.89047931 -4.51141357e-01
6544.94665776 -4.24758911e-01
6545.00283621 2.21712227e+01
6545.05901466 3.30774231e+01
6545.11519312 -2.18285408e+01
6545.17137157 7.07076263e+00
6545.22755002 6.32167435e+00
6545.28372847 3.88140106e+00
6545.33990692 2.53832703e+01
6545.39608537 2.40522308e+01
6545.45226383 3.94233360e+01
6545.50844228 5.22560120e+00
6545.56462073 2.28088837e+01
6545.62079918 -6.57398605e+00
6545.67697763 9.69752884e+00
6545.73315608 1.54039383e+01
6545.78933453 -5.28501892e+00
6545.84551299 1.65380669e+01
6545.90169144 -1.39768982e+00
6545.95786989 -3.48640518e+01
6546.01404834 2.18232346e+00
6546.07022679 -2.24950905e+01
6546.12640524 1.33803787e+01
6546.18258370 1.27889252e+00
6546.23876215 -2.07508850e+00
6546.29494060 2.82348976e+01
6546.35111905 -1.66096497e+00
6546.40729750 1.99464340e+01
6546.46347595 -1.46421051e+00
6546.51965441 -2.55850868e+01
6546.57583286 -1.23377609e+01
6546.63201131 -2.14529572e+01
6546.68818976 -4.49604034e+01
6546.74436821 7.40193939e+00
6546.80054666 4.78969002e+01
6546.85672511 2.96339378e+01
6546.91290357 1.07759857e+01
6546.96908202 9.29501343e+00
6547.02526047 -1.26758575e+00
6547.08143892 5.57004166e+00
6547.13761737 -7.55583954e+00
6547.19379582 2.60340881e+00
6547.24997428 3.68480949e+01
6547.30615273 -3.24002457e+00
6547.36233118 1.28745651e+00
6547.41850963 8.47757721e+00
6547.47468808 2.20802040e+01
6547.53086653 2.39047089e+01
6547.58704499 7.01480103e+00
6547.64322344 4.02670288e+01
6547.69940189 3.77576828e+01
6547.75558034 6.14907112e+01
6547.81175879 4.75769806e+01
6547.86793724 1.32962418e+01
6547.92411569 6.71442261e+01
6547.98029415 4.89281578e+01
6548.03647260 6.10493813e+01
6548.09265105 6.18148880e+01
6548.14882950 7.49338837e+01
6548.20500795 9.90077896e+01
6548.26118640 7.21167068e+01
6548.31736486 5.14800797e+01
6548.37354331 5.16623917e+01
6548.42972176 6.48358841e+01
6548.48590021 2.43383026e+00
6548.54207866 4.28141594e+01
6548.59825711 1.62330513e+01
6548.65443557 1.14660873e+01
6548.71061402 1.64650078e+01
6548.76679247 5.75881920e+01
6548.82297092 7.61618042e+00
6548.87914937 1.38108444e+01
6548.93532782 2.89968224e+01
6548.99150628 -5.01289368e-01
6549.04768473 7.06024933e+00
6549.10386318 -1.47347527e+01
6549.16004163 8.81568146e+00
6549.21622008 3.45095825e+00
6549.27239853 -1.05920410e+01
6549.32857698 -6.30939484e-01
6549.38475544 1.77803078e+01
6549.44093389 3.01083755e+00
6549.49711234 -1.29953766e+01
6549.55329079 3.28223991e+01
6549.60946924 -5.94580841e+00
6549.66564769 -1.27954102e+01
6549.72182615 1.77140198e+01
6549.77800460 -2.84659767e+01
6549.83418305 7.07309723e+00
6549.89036150 -8.89617920e-01
6549.94653995 -2.65275955e+00
6550.00271840 -2.82020569e-02
6550.05889686 4.47179146e+01
6550.11507531 -3.27353096e+01
6550.17125376 3.86606750e+01
6550.22743221 1.27871170e+01
6550.28361066 3.65655899e+00
6550.33978911 1.00428772e+00
6550.39596756 -7.74980164e+00
6550.45214602 1.16978645e+01
6550.50832447 1.10455475e+01
6550.56450292 1.56956482e+00
6550.62068137 1.62154655e+01
6550.67685982 2.54672890e+01
6550.73303827 1.63188362e+01
6550.78921673 1.32047005e+01
6550.84539518 1.23492775e+01
6550.90157363 2.23802528e+01
6550.95775208 1.43761902e+01
6551.01393053 2.14395866e+01
6551.07010898 -2.40431461e+01
6551.12628744 -3.67549896e-01
6551.18246589 -1.04602222e+01
6551.23864434 1.12681198e+00
6551.29482279 -3.16706085e+00
6551.35100124 -1.17276764e+00
6551.40717969 -5.12685394e+00
6551.46335814 3.43011856e+01
6551.51953660 6.62202072e+00
6551.57571505 1.92511711e+01
6551.63189350 6.33002090e+00
6551.68807195 3.34011574e+01
6551.74425040 1.96609993e+01
6551.80042885 1.79113083e+01
6551.85660731 -1.50621758e+01
6551.91278576 -1.97957916e+01
6551.96896421 1.54966965e+01
6552.02514266 4.57860947e+00
6552.08132111 5.10687637e+00
6552.13749956 1.29536705e+01
6552.19367802 1.19167709e+00
6552.24985647 -3.67863121e+01
6552.30603492 6.81364441e+00
6552.36221337 3.72417831e+00
6552.41839182 8.81756592e+00
6552.47457027 -5.25842667e+00
6552.53074873 2.73233414e+00
6552.58692718 -2.43787365e+01
6552.64310563 1.41138954e+01
6552.69928408 -3.22397308e+01
6552.75546253 1.39533997e+00
6552.81164098 1.05678215e+01
6552.86781943 1.70965118e+01
6552.92399789 -9.44998169e+00
6552.98017634 -1.18152695e+01
6553.03635479 1.78321686e+01
6553.09253324 3.49199677e+01
6553.14871169 -1.96324501e+01
6553.20489014 1.50346909e+01
6553.26106860 -9.56228256e+00
6553.31724705 4.29050446e+00
6553.37342550 -6.56237793e+00
6553.42960395 -1.17397537e+01
6553.48578240 1.43329544e+01
6553.54196085 -3.15719395e+01
6553.59813931 -1.67871780e+01
6553.65431776 9.32350159e+00
6553.71049621 -8.19004059e+00
6553.76667466 -6.38383102e+00
6553.82285311 8.58521652e+00
6553.87903156 1.58689384e+01
6553.93521001 -1.25387039e+01
6553.99138847 3.98531799e+01
6554.04756692 1.43079720e+01
6554.10374537 2.00468674e+01
6554.15992382 -2.92102470e+01
6554.21610227 -7.09832001e+00
6554.27228072 8.64788055e+00
6554.32845918 -9.65700150e+00
6554.38463763 1.80672836e+00
6554.44081608 -2.50373077e+01
6554.49699453 -3.63019028e+01
6554.55317298 1.18416138e+01
6554.60935143 -4.02031670e+01
6554.66552989 -4.10517006e+01
6554.72170834 -3.97100067e+00
6554.77788679 1.99993134e+01
6554.83406524 -4.16724014e+00
6554.89024369 9.07213974e+00
6554.94642214 2.50700073e+01
6555.00260059 4.23960648e+01
6555.05877905 3.40672302e+01
6555.11495750 4.52864838e+00
6555.17113595 2.33618584e+01
6555.22731440 2.60147820e+01
6555.28349285 2.40438232e+01
6555.33967130 9.08545685e+00
6555.39584976 -4.67557144e+00
6555.45202821 1.38807678e+01
6555.50820666 -1.33520355e+01
6555.56438511 -1.44857826e+01
6555.62056356 -3.32613220e+01
6555.67674201 -2.19695282e+00
6555.73292047 -1.56998749e+01
6555.78909892 -4.12706299e+01
6555.84527737 -8.81490326e+00
6555.90145582 -3.07934189e+00
6555.95763427 1.99070702e+01
6556.01381272 -5.75445175e+00
6556.06999117 1.38008270e+01
6556.12616963 2.35458374e+01
6556.18234808 1.98892212e+01
6556.23852653 3.22433243e+01
6556.29470498 -3.42575073e-01
6556.35088343 -3.25885963e+01
6556.40706188 -1.72970619e+01
6556.46324034 -1.56275558e+00
6556.51941879 3.76317825e+01
6556.57559724 2.71846199e+01
6556.63177569 2.43168488e+01
6556.68795414 1.97786713e+01
6556.74413259 3.53395767e+01
6556.80031105 4.46999130e+01
6556.85648950 3.77480812e+01
6556.91266795 4.39545822e+00
6556.96884640 7.99853897e+00
6557.02502485 -9.02503586e+00
6557.08120330 -2.05728455e+01
6557.13738176 1.64099388e+01
6557.19356021 3.29585419e+01
6557.24973866 4.17723846e+00
6557.30591711 4.78251648e+00
6557.36209556 3.57633018e+00
6557.41827401 1.64488602e+00
6557.47445246 -7.44136810e-01
6557.53063092 1.94916496e+01
6557.58680937 3.87664795e+00
6557.64298782 -2.99934769e+01
6557.69916627 1.89603100e+01
6557.75534472 2.33956585e+01
6557.81152317 -1.11099625e+01
6557.86770163 1.73144531e+01
6557.92388008 -2.46776123e+01
6557.98005853 -5.25425720e+00
6558.03623698 -1.29716873e+00
6558.09241543 1.09465790e+01
6558.14859388 -1.32927475e+01
6558.20477234 -2.99423523e+01
6558.26095079 1.30155945e+01
6558.31712924 4.25574455e+01
6558.37330769 2.80862732e+01
6558.42948614 -1.15624886e+01
6558.48566459 7.10331726e+00
6558.54184304 4.59440613e+00
6558.59802150 5.75801468e+00
6558.65419995 2.18129044e+01
6558.71037840 -5.03958511e+00
6558.76655685 -1.96541901e+01
6558.82273530 5.61913071e+01
6558.87891375 2.18552246e+01
6558.93509221 5.18338013e+00
6558.99127066 -3.99525642e+01
6559.04744911 -3.75926285e+01
6559.10362756 3.26972961e+01
6559.15980601 5.91517639e+00
6559.21598446 4.40466309e+00
6559.27216292 -1.28984604e+01
6559.32834137 6.28250122e-01
6559.38451982 1.99334679e+01
6559.44069827 2.07802963e+01
6559.49687672 -2.36949158e+00
6559.55305517 1.15561676e+01
6559.60923362 2.85202408e+00
6559.66541208 4.03442383e-01
6559.72159053 2.78884926e+01
6559.77776898 3.75043831e+01
6559.83394743 4.20669174e+00
6559.89012588 -2.46969261e+01
6559.94630433 -1.91926270e+01
6560.00248279 -7.64751816e+00
6560.05866124 -1.22105484e+01
6560.11483969 1.69788666e+01
6560.17101814 -1.00017929e+00
6560.22719659 -1.75968933e+00
6560.28337504 3.14014034e+01
6560.33955350 -2.02605133e+01
6560.39573195 3.23252487e+00
6560.45191040 2.31038933e+01
6560.50808885 1.24145966e+01
6560.56426730 -7.13992882e+00
6560.62044575 -8.37904739e+00
6560.67662421 -1.61718483e+01
6560.73280266 9.97284317e+00
6560.78898111 1.13982124e+01
6560.84515956 2.98373871e+01
6560.90133801 4.08106117e+01
6560.95751646 -1.00158043e+01
6561.01369491 2.89716415e+01
6561.06987337 3.36107254e+00
6561.12605182 2.54958572e+01
6561.18223027 1.34608994e+01
6561.23840872 -6.36337280e+00
6561.29458717 2.53683262e+01
6561.35076562 5.04768028e+01
6561.40694408 2.95237389e+01
6561.46312253 4.51959572e+01
6561.51930098 5.01680145e+01
