# Rest-frame spectrum generated from: M106C0002o_1d.fits
# lambda_Ha_obs = 6573.82100000 Angstrom
# lambda_Ha_rest = 6562.80000000 Angstrom
# z_Ha = 1.6793137076e-03
# v_Ha_relativistic = 503.022863 km/s
# v_Ha_classical = 503.445584 km/s
# columns: wavelength_rest[Angstrom] flux_or_counts

6545.16778970 1.02288818e+00
6545.22339169 1.02378464e+00
6545.27899368 1.02320480e+00
6545.33459567 1.02232361e+00
6545.39019766 1.02304840e+00
6545.44579965 1.02422333e+00
6545.50140164 1.02288818e+00
6545.55700362 9.80094910e-01
6545.61260561 9.37362671e-01
6545.66820760 5.37546539e+00
6545.72380959 7.05223846e+00
6545.77941158 -2.52012215e+01
6545.83501357 -4.16298561e+01
6545.89061556 -3.03678665e+01
6545.94621755 -3.07568855e+01
6546.00181954 1.76476288e+01
6546.05742153 3.66198349e+01
6546.11302352 2.02404785e+00
6546.16862551 1.99327126e+01
6546.22422749 1.76469536e+01
6546.27982948 2.49303856e+01
6546.33543147 -4.66030312e+01
6546.39103346 -2.41171913e+01
6546.44663545 -2.16332970e+01
6546.50223744 -2.81712723e+01
6546.55783943 4.11170197e+01
6546.61344142 2.32207565e+01
6546.66904341 1.69439697e+00
6546.72464540 4.27214050e+00
6546.78024739 2.45916901e+01
6546.83584938 2.95519371e+01
6546.89145137 3.73355064e+01
6546.94705335 -2.05885506e+01
6547.00265534 1.41479111e+01
6547.05825733 3.69892044e+01
6547.11385932 4.51212463e+01
6547.16946131 -2.76347885e+01
6547.22506330 1.15008965e+01
6547.28066529 1.98664932e+01
6547.33626728 5.55602379e+01
6547.39186927 4.75166779e+01
6547.44747126 -2.79841118e+01
6547.50307325 5.18959846e+01
6547.55867524 9.02819061e+00
6547.61427723 3.02162666e+01
6547.66987921 2.97043304e+01
6547.72548120 7.60667572e+01
6547.78108319 9.18494186e+01
6547.83668518 5.48852386e+01
6547.89228717 3.01287842e+01
6547.94788916 8.09232330e+01
6548.00349115 6.47308578e+01
6548.05909314 1.09458359e+02
6548.11469513 1.57703125e+02
6548.17029712 5.80838089e+01
6548.22589911 5.12350578e+01
6548.28150110 3.66284790e+01
6548.33710308 4.36309738e+01
6548.39270507 3.40618896e+01
6548.44830706 8.99868774e+00
6548.50390905 1.26614761e+01
6548.55951104 4.72468948e+01
6548.61511303 -2.98960915e+01
6548.67071502 -3.88581200e+01
6548.72631701 -3.94372559e+00
6548.78191900 1.30456963e+01
6548.83752099 7.53895569e+01
6548.89312298 7.54737091e+00
6548.94872497 1.89930496e+01
6549.00432696 4.19057465e+00
6549.05992894 2.53944092e+01
6549.11553093 3.51021347e+01
6549.17113292 -8.29638672e+00
6549.22673491 -1.47083740e+01
6549.28233690 -1.58539581e+00
6549.33793889 -6.12216110e+01
6549.39354088 -4.72695045e+01
6549.44914287 -3.35833778e+01
6549.50474486 -8.25773621e+00
6549.56034685 3.19406128e+00
6549.61594884 -5.68080139e+00
6549.67155083 2.10519409e+01
6549.72715281 5.83013115e+01
6549.78275480 -1.83985748e+01
6549.83835679 -5.53486633e+00
6549.89395878 -7.90539551e+00
6549.94956077 -2.70133171e+01
6550.00516276 2.22252350e+01
6550.06076475 5.24966583e+01
6550.11636674 -1.26628876e+00
6550.17196873 -1.86903114e+01
6550.22757072 -6.52946472e-01
6550.28317271 5.71350632e+01
6550.33877470 -3.94735489e+01
6550.39437669 2.43777695e+01
6550.44997867 4.43046379e+01
6550.50558066 1.45959473e+00
6550.56118265 -1.03487129e+01
6550.61678464 -6.16666412e+00
6550.67238663 1.23640976e+01
6550.72798862 2.37551727e+01
6550.78359061 6.52002716e+00
6550.83919260 9.86331940e+00
6550.89479459 7.30601501e+00
6550.95039658 4.17595825e+01
6551.00599857 2.70584106e-01
6551.06160056 2.12438011e+01
6551.11720255 -2.55078125e+01
6551.17280453 -8.38352203e+00
6551.22840652 2.35406494e+00
6551.28400851 5.94341278e+00
6551.33961050 2.92790298e+01
6551.39521249 -1.05596848e+01
6551.45081448 5.00764542e+01
6551.50641647 6.38986588e+01
6551.56201846 2.12876358e+01
6551.61762045 -2.94957733e+01
6551.67322244 1.69263458e+01
6551.72882443 1.76662140e+01
6551.78442642 -8.69054413e+00
6551.84002840 8.02940369e+00
6551.89563039 2.33307190e+01
6551.95123238 4.71569824e+00
6552.00683437 1.71060944e+00
6552.06243636 2.87062073e+00
6552.11803835 -4.37038422e+00
6552.17364034 -1.26485481e+01
6552.22924233 1.67083969e+01
6552.28484432 2.67798309e+01
6552.34044631 1.89030266e+01
6552.39604830 -2.19616547e+01
6552.45165029 -5.31871033e+00
6552.50725228 2.20966034e+01
6552.56285426 5.60624466e+01
6552.61845625 2.72387962e+01
6552.67405824 1.69168320e+01
6552.72966023 -9.67552185e-01
6552.78526222 2.04223099e+01
6552.84086421 3.56345520e+01
6552.89646620 -1.34300842e+01
6552.95206819 1.08277016e+01
6553.00767018 -4.52278900e+00
6553.06327217 -4.51265717e+00
6553.11887416 6.83348846e+00
6553.17447615 -1.47485809e+01
6553.23007813 4.92372017e+01
6553.28568012 3.10254898e+01
6553.34128211 1.67366714e+01
6553.39688410 7.35860443e+00
6553.45248609 -3.70271492e+01
6553.50808808 -4.37657356e+01
6553.56369007 -7.73102570e+00
6553.61929206 2.11548157e+01
6553.67489405 -7.74858856e+00
6553.73049604 -2.31546936e+01
6553.78609803 4.16984100e+01
6553.84170002 -1.58183365e+01
6553.89730201 -4.33123322e+01
6553.95290399 -4.56362457e+01
6554.00850598 4.61871719e+00
6554.06410797 -1.58262253e+01
6554.11970996 -6.17607498e+00
6554.17531195 -3.85970078e+01
6554.23091394 2.19138031e+01
6554.28651593 1.13825912e+01
6554.34211792 -3.51181793e+00
6554.39771991 4.25799561e+00
6554.45332190 3.83511047e+01
6554.50892389 6.06535339e+00
6554.56452588 5.84370041e+00
6554.62012787 -1.12879944e+00
6554.67572985 -2.99035683e+01
6554.73133184 7.66293335e+00
6554.78693383 3.45197296e+00
6554.84253582 -1.33634453e+01
6554.89813781 -3.20042725e+01
6554.95373980 -1.74627151e+01
6555.00934179 6.32315826e+00
6555.06494378 3.92684135e+01
6555.12054577 5.05970383e+00
6555.17614776 -6.56526184e+01
6555.23174975 9.49991608e+00
6555.28735174 6.72724762e+01
6555.34295372 1.15144348e+01
6555.39855571 2.56876450e+01
6555.45415770 2.63750153e+01
6555.50975969 2.26032829e+01
6555.56536168 1.84774094e+01
6555.62096367 -5.93815613e+00
6555.67656566 8.55600357e+00
6555.73216765 -2.33078003e+00
6555.78776964 2.14524612e+01
6555.84337163 2.70492134e+01
6555.89897362 6.18819008e+01
6555.95457561 7.38072662e+01
6556.01017760 4.06459389e+01
6556.06577958 3.69906616e+00
6556.12138157 -5.46251678e+00
6556.17698356 -8.54074097e+00
6556.23258555 -1.61031532e+01
6556.28818754 -5.85793304e+00
6556.34378953 -1.21702347e+01
6556.39939152 1.21879578e-01
6556.45499351 5.77979050e+01
6556.51059550 7.26742783e+01
6556.56619749 1.21307983e+01
6556.62179948 -1.22879028e-01
6556.67740147 -6.49960327e+00
6556.73300345 -5.89410782e+00
6556.78860544 -1.89789772e+01
6556.84420743 4.13486938e+01
6556.89980942 2.37392502e+01
6556.95541141 2.46488457e+01
6557.01101340 4.11100769e+01
6557.06661539 7.62111969e+01
6557.12221738 -2.80595474e+01
6557.17781937 1.99922028e+01
6557.23342136 1.72590866e+01
6557.28902335 1.70883179e+00
6557.34462534 2.39475021e+01
6557.40022733 2.64462433e+01
6557.45582931 -3.35941925e+01
6557.51143130 2.61631279e+01
6557.56703329 4.90577698e-01
6557.62263528 1.54234314e+00
6557.67823727 2.25358734e+01
6557.73383926 2.58123245e+01
6557.78944125 -2.25688629e+01
6557.84504324 -3.68423462e-02
6557.90064523 -3.86750984e+01
6557.95624722 1.99799194e+01
6558.01184921 2.08784485e+01
6558.06745120 -2.23860168e+00
6558.12305319 -4.46546478e+01
6558.17865517 1.17362328e+01
6558.23425716 9.76715088e-01
6558.28985915 1.26701584e+01
6558.34546114 1.68641586e+01
6558.40106313 9.70181274e+00
6558.45666512 -6.40579987e+00
6558.51226711 6.24546051e+00
6558.56786910 5.00663376e+00
6558.62347109 -3.84849892e+01
6558.67907308 3.58911133e+00
6558.73467507 1.45903549e+01
6558.79027706 -3.20595779e+01
6558.84587904 -1.55071259e+00
6558.90148103 -7.23130798e+00
6558.95708302 -1.37747879e+01
6559.01268501 -2.47344971e-02
6559.06828700 2.18038483e+01
6559.12388899 -1.81156006e+01
6559.17949098 -4.49440002e+00
6559.23509297 3.19054718e+01
6559.29069496 -3.45692978e+01
6559.34629695 3.90748215e+01
6559.40189894 7.56867294e+01
6559.45750093 1.18987160e+01
6559.51310292 -6.44204712e+00
6559.56870490 4.03672562e+01
6559.62430689 2.95823212e+01
6559.67990888 -7.43761063e+00
6559.73551087 3.14261246e+00
6559.79111286 1.46185226e+01
6559.84671485 1.52775040e+01
6559.90231684 1.50487823e+01
6559.95791883 -5.68834305e+00
6560.01352082 1.18785172e+01
6560.06912281 3.69182281e+01
6560.12472480 6.51754608e+01
6560.18032679 4.71441994e+01
6560.23592877 -6.00964355e+00
6560.29153076 -1.26999741e+01
6560.34713275 -1.70734138e+01
6560.40273474 2.51425171e+01
6560.45833673 3.48277512e+01
6560.51393872 -1.32671280e+01
6560.56954071 1.73878098e+01
6560.62514270 1.63842125e+01
6560.68074469 1.21052704e+01
6560.73634668 1.84674072e+00
6560.79194867 -2.11528320e+01
6560.84755066 8.78905487e+00
6560.90315265 4.75396423e+01
6560.95875463 4.63102188e+01
6561.01435662 4.25323792e+01
6561.06995861 6.02095032e+00
6561.12556060 -2.60440063e+00
6561.18116259 -5.60737610e+00
6561.23676458 2.81185913e+01
6561.29236657 4.77215309e+01
6561.34796856 9.19092560e+00
6561.40357055 3.21315536e+01
6561.45917254 1.05727692e+01
6561.51477453 -3.32455444e+00
6561.57037652 5.11553879e+01
6561.62597851 3.33261871e+01
6561.68158049 1.50826950e+01
6561.73718248 6.28384247e+01
6561.79278447 4.04297104e+01
6561.84838646 4.43952484e+01
6561.90398845 5.75403900e+01
6561.95959044 8.81864777e+01
6562.01519243 7.26723022e+01
6562.07079442 6.29532166e+01
6562.12639641 1.61629120e+02
6562.18199840 1.67896057e+02
6562.23760039 1.55596252e+02
6562.29320238 1.78934814e+02
6562.34880436 2.69802551e+02
6562.40440635 3.12001709e+02
6562.46000834 3.15958862e+02
6562.51561033 3.52006653e+02
6562.57121232 3.92133087e+02
6562.62681431 3.73728760e+02
6562.68241630 4.25554077e+02
6562.73801829 4.70558167e+02
6562.79362028 5.07860352e+02
6562.84922227 5.24351624e+02
6562.90482426 4.58064026e+02
6562.96042625 4.67316345e+02
6563.01602824 4.18631622e+02
6563.07163022 3.57350403e+02
6563.12723221 3.71384644e+02
6563.18283420 3.23976318e+02
6563.23843619 3.13419006e+02
6563.29403818 1.84576996e+02
6563.34964017 1.67089447e+02
6563.40524216 1.87344101e+02
6563.46084415 1.27163002e+02
6563.51644614 5.44764862e+01
6563.57204813 5.17234039e+01
6563.62765012 7.13723907e+01
6563.68325211 2.86523972e+01
6563.73885409 6.28625793e+01
6563.79445608 2.50662613e+01
6563.85005807 -1.95089722e+00
6563.90566006 3.74003143e+01
6563.96126205 2.83477325e+01
6564.01686404 2.62864761e+01
6564.07246603 2.09428787e+01
6564.12806802 1.75590515e+01
6564.18367001 2.21228790e+01
6564.23927200 -5.67175293e+00
6564.29487399 2.64508972e+01
6564.35047598 3.66220245e+01
6564.40607797 3.06248779e+01
6564.46167995 9.07991028e+00
6564.51728194 3.71933594e+01
6564.57288393 6.28588943e+01
6564.62848592 1.26930847e+01
6564.68408791 4.09697495e+01
6564.73968990 1.86381989e+01
6564.79529189 1.26439438e+01
6564.85089388 -3.09092903e+01
6564.90649587 -2.76767159e+01
6564.96209786 1.28625717e+01
6565.01769985 7.32505798e+00
6565.07330184 -2.48419113e+01
6565.12890383 6.31165695e+01
6565.18450581 3.82881165e-01
6565.24010780 9.75038147e+00
6565.29570979 -5.02663345e+01
6565.35131178 -7.60160065e+00
6565.40691377 -2.95204163e+00
6565.46251576 5.63688660e+00
6565.51811775 -1.13182068e+00
6565.57371974 1.79272766e+01
6565.62932173 5.53978729e+00
6565.68492372 -1.33202286e+01
6565.74052571 -3.03417740e+01
6565.79612770 -1.09993744e+00
6565.85172968 1.32885895e+01
6565.90733167 1.56847305e+01
6565.96293366 -2.41732025e+01
6566.01853565 -4.42182770e+01
6566.07413764 -1.21892548e+01
6566.12973963 2.48714218e+01
6566.18534162 -1.05914536e+01
6566.24094361 6.99382629e+01
6566.29654560 2.88502502e+01
6566.35214759 -2.23100052e+01
6566.40774958 2.67674179e+01
6566.46335157 1.99852676e+01
6566.51895356 -2.62724915e+01
6566.57455554 6.03711929e+01
6566.63015753 4.07756805e+00
6566.68575952 -3.98079491e+01
6566.74136151 3.66958389e+01
6566.79696350 2.38625259e+01
6566.85256549 -1.99041367e+01
6566.90816748 1.69637146e+01
6566.96376947 1.27406921e+01
6567.01937146 2.43368530e+00
6567.07497345 9.15389252e+00
6567.13057544 -1.09812012e+01
6567.18617743 4.25536041e+01
6567.24177941 3.63493042e+01
6567.29738140 -2.30707855e+01
6567.35298339 -4.05545349e+01
6567.40858538 2.78774338e+01
6567.46418737 3.23458710e+01
6567.51978936 2.44880219e+01
6567.57539135 1.88800812e+00
6567.63099334 -1.27973099e+01
6567.68659533 -1.76415672e+01
6567.74219732 -1.63788376e+01
6567.79779931 2.40515480e+01
6567.85340130 2.98460617e+01
6567.90900329 1.76845322e+01
6567.96460527 -2.41088867e-01
6568.02020726 -1.53813095e+01
6568.07580925 -9.19748688e+00
6568.13141124 9.98574829e+00
6568.18701323 5.85087433e+01
6568.24261522 5.08422089e+01
6568.29821721 6.76309204e+01
6568.35381920 -1.74299622e+01
6568.40942119 2.33820839e+01
6568.46502318 -9.76951599e-01
6568.52062517 -2.52076378e+01
6568.57622716 5.34524536e+00
6568.63182915 -2.41674881e+01
6568.68743113 2.81542168e+01
6568.74303312 2.88715973e+01
6568.79863511 -2.92503586e+01
6568.85423710 1.81475525e+01
6568.90983909 2.32845421e+01
6568.96544108 7.75573730e-01
6569.02104307 -1.34124756e-01
6569.07664506 -2.33068085e+00
6569.13224705 -1.26700821e+01
6569.18784904 -5.98065948e+00
6569.24345103 2.43410149e+01
6569.29905302 1.70349884e+00
6569.35465500 8.31270599e+00
6569.41025699 -1.01110611e+01
6569.46585898 3.61848450e+01
6569.52146097 5.89752197e-02
6569.57706296 5.07351189e+01
6569.63266495 1.62972412e+01
6569.68826694 -7.91275787e+00
6569.74386893 -2.82792511e+01
6569.79947092 6.77059174e+01
6569.85507291 3.86571960e+01
6569.91067490 3.63127480e+01
6569.96627689 -2.49803162e+01
6570.02187888 -3.78924942e+01
6570.07748086 -2.46810074e+01
6570.13308285 5.32808838e+01
6570.18868484 2.36890869e+01
6570.24428683 1.76598892e+01
6570.29988882 2.46938324e+00
6570.35549081 -1.95210800e+01
6570.41109280 2.87292023e+01
6570.46669479 5.46878700e+01
6570.52229678 5.52431450e+01
6570.57789877 3.51920815e+01
6570.63350076 2.38937378e-01
6570.68910275 -2.81760292e+01
6570.74470473 5.24866943e+01
6570.80030672 -2.29970551e+00
6570.85590871 -6.77836609e+00
6570.91151070 -1.07256317e+00
6570.96711269 6.37098694e+00
6571.02271468 2.66489868e+01
6571.07831667 -2.33303452e+01
6571.13391866 3.77212982e+01
6571.18952065 -1.11205444e+01
6571.24512264 -1.81023102e+01
6571.30072463 3.62156067e+01
6571.35632662 5.46533890e+01
6571.41192861 2.06875992e+01
6571.46753059 -4.38656464e+01
6571.52313258 3.54725800e+01
6571.57873457 1.47261887e+01
6571.63433656 -4.91249847e+01
6571.68993855 1.45594559e+01
6571.74554054 1.13503456e+01
6571.80114253 -3.81800842e+00
6571.85674452 1.40389099e+01
6571.91234651 3.03218842e+00
6571.96794850 1.99864235e+01
6572.02355049 6.15735626e+00
6572.07915248 4.10360641e+01
6572.13475447 3.21544647e+01
6572.19035645 1.50728073e+01
6572.24595844 -2.94519806e+00
6572.30156043 -1.14376831e+00
6572.35716242 -8.29190063e+00
6572.41276441 -6.61309814e+00
6572.46836640 2.27976379e+01
6572.52396839 -1.55332565e+00
6572.57957038 -9.30619049e+00
6572.63517237 1.35841675e+01
6572.69077436 2.01690521e+01
6572.74637635 -1.23044510e+01
6572.80197834 5.24688721e+00
6572.85758032 5.81428490e+01
6572.91318231 6.42635040e+01
6572.96878430 -3.22337341e+00
6573.02438629 -5.24279785e+00
6573.07998828 4.46150208e+00
6573.13559027 4.72206116e-01
6573.19119226 -2.81686821e+01
6573.24679425 1.27330017e+01
6573.30239624 6.55370331e+00
6573.35799823 5.22256966e+01
6573.41360022 3.48965034e+01
6573.46920221 9.75751495e+00
6573.52480420 8.20146942e+00
6573.58040618 -2.44769287e+00
6573.63600817 -4.53902435e+00
6573.69161016 -2.18169174e+01
6573.74721215 -1.35285187e+00
6573.80281414 4.23017883e+00
6573.85841613 1.68092270e+01
6573.91401812 -1.29306870e+01
6573.96962011 3.09239960e+00
6574.02522210 6.06532974e+01
6574.08082409 3.02079544e+01
6574.13642608 -3.23352051e+00
6574.19202807 -1.06930923e+01
6574.24763005 -2.67609558e+01
6574.30323204 3.44463425e+01
6574.35883403 5.10781174e+01
6574.41443602 2.29862213e+00
6574.47003801 4.69167938e+01
6574.52564000 4.85724640e+01
6574.58124199 5.55384293e+01
6574.63684398 1.78376770e+00
6574.69244597 -3.88572693e+01
6574.74804796 -2.39843521e+01
6574.80364995 2.85920105e+01
6574.85925194 2.20293503e+01
6574.91485393 -2.90616608e+00
6574.97045591 4.24192505e+01
6575.02605790 6.57568359e+00
6575.08165989 -1.58102875e+01
6575.13726188 2.16295471e+01
6575.19286387 2.38090134e+01
6575.24846586 1.64626389e+01
6575.30406785 1.08733597e+01
6575.35966984 2.25054169e+00
6575.41527183 -1.66352997e+01
6575.47087382 4.98691559e+01
6575.52647581 1.25384445e+01
6575.58207780 -1.33159904e+01
6575.63767979 -2.47729797e+01
6575.69328177 1.21974945e+00
6575.74888376 1.19970093e+01
6575.80448575 1.49475937e+01
6575.86008774 -9.75522614e+00
6575.91568973 -3.67356339e+01
6575.97129172 4.25538330e+01
6576.02689371 1.98554230e+01
6576.08249570 -4.08619118e+01
6576.13809769 -7.64904785e+00
6576.19369968 4.62175751e+00
6576.24930167 4.62654114e+00
6576.30490366 4.56841812e+01
6576.36050564 -2.86074066e+00
6576.41610763 6.57656097e+01
6576.47170962 5.32310944e+01
6576.52731161 3.62103500e+01
6576.58291360 4.50978088e+00
6576.63851559 -4.11276245e+00
6576.69411758 1.39392395e+01
6576.74971957 2.49626770e+01
6576.80532156 1.14208145e+01
6576.86092355 -3.81480484e+01
6576.91652554 5.28157043e+00
6576.97212753 2.41484604e+01
6577.02772952 -1.73843384e+01
6577.08333150 3.85754471e+01
6577.13893349 1.19875565e+01
6577.19453548 -3.38020401e+01
6577.25013747 -3.61387978e+01
6577.30573946 -8.10913086e-01
6577.36134145 -1.24600220e+00
6577.41694344 7.69042969e-01
6577.47254543 2.51087456e+01
6577.52814742 -9.50642395e+00
6577.58374941 -5.10463409e+01
6577.63935140 -3.01806641e+00
6577.69495339 7.07520294e+00
6577.75055537 4.28496399e+01
6577.80615736 2.28358078e+01
6577.86175935 2.02247467e+01
6577.91736134 2.75204468e+00
6577.97296333 2.49515991e+01
6578.02856532 -4.98789978e+00
6578.08416731 6.53925095e+01
6578.13976930 -2.51831818e+00
6578.19537129 2.82112122e+00
6578.25097328 2.75402298e+01
6578.30657527 -5.71419525e+00
6578.36217726 5.06619873e+01
6578.41777925 5.16014862e+00
6578.47338123 6.63254547e+00
6578.52898322 -2.20879898e+01
6578.58458521 -1.86502533e+01
6578.64018720 1.49685287e+01
6578.69578919 -2.23680115e+00
6578.75139118 -4.40551682e+01
6578.80699317 -2.77145386e-01
6578.86259516 2.71792603e+00
6578.91819715 -1.74691010e+00
6578.97379914 3.63442459e+01
6579.02940113 2.89288177e+01
6579.08500312 -1.21030350e+01
6579.14060511 1.65689774e+01
6579.19620709 -3.43401337e+00
6579.25180908 -1.53773041e+01
6579.30741107 -1.56483383e+01
6579.36301306 4.57165527e+00
6579.41861505 6.19587708e+00
6579.47421704 3.98374939e+01
6579.52981903 -1.89932251e+01
6579.58542102 -2.11411018e+01
6579.64102301 5.76735382e+01
6579.69662500 4.46465912e+01
6579.75222699 9.98983002e+00
6579.80782898 -1.49371414e+01
6579.86343096 -1.63159103e+01
6579.91903295 1.10806503e+01
6579.97463494 1.66158218e+01
6580.03023693 -4.16755600e+01
6580.08583892 1.26128998e+01
6580.14144091 -1.77904510e+01
6580.19704290 2.39112854e+00
6580.25264489 1.59401169e+01
6580.30824688 7.64968567e+01
6580.36384887 -7.93930054e+00
6580.41945086 -6.91933441e+01
6580.47505285 -3.53473434e+01
6580.53065484 1.92367096e+01
6580.58625682 -4.97438812e+00
6580.64185881 -2.85851593e+01
6580.69746080 -3.88204117e+01
6580.75306279 -4.85992432e+01
6580.80866478 1.55989571e+01
6580.86426677 1.88725891e+01
6580.91986876 -4.67844086e+01
6580.97547075 3.95444260e+01
6581.03107274 -8.59542084e+00
6581.08667473 8.38422394e+00
6581.14227672 7.01506042e+00
6581.19787871 2.51407852e+01
6581.25348069 4.20278778e+01
6581.30908268 -1.94073105e+01
6581.36468467 -7.37786102e+00
6581.42028666 2.21155930e+01
6581.47588865 -7.98436737e+00
6581.53149064 1.33808517e+01
6581.58709263 3.02863464e+01
6581.64269462 -4.14504128e+01
6581.69829661 2.12690735e+00
6581.75389860 3.07636642e+01
6581.80950059 -2.55598373e+01
6581.86510258 -1.83825836e+01
6581.92070457 1.33349838e+01
6581.97630655 2.00526581e+01
6582.03190854 1.91033554e+01
6582.08751053 -8.35356903e+01
6582.14311252 1.47446594e+01
6582.19871451 5.62468719e+00
6582.25431650 -2.91605377e+01
6582.30991849 6.43054199e+00
6582.36552048 4.54168854e+01
6582.42112247 3.53510437e+01
6582.47672446 1.95851898e+01
6582.53232645 7.72127533e+00
6582.58792844 1.68595657e+01
6582.64353043 8.96894073e+00
6582.69913241 1.86904373e+01
6582.75473440 9.20752716e+00
6582.81033639 -2.63492889e+01
6582.86593838 5.94823380e+01
6582.92154037 6.14475098e+01
6582.97714236 4.56378708e+01
6583.03274435 6.99771576e+01
6583.08834634 7.92048798e+01
6583.14394833 9.60138855e+01
6583.19955032 1.13287796e+02
6583.25515231 1.68302612e+01
6583.31075430 1.08549095e+02
6583.36635628 1.27103958e+02
6583.42195827 1.23532707e+02
6583.47756026 7.90193405e+01
6583.53316225 1.10233864e+02
6583.58876424 1.07333565e+02
6583.64436623 1.01034912e+02
6583.69996822 7.78624420e+01
6583.75557021 4.86399536e+01
6583.81117220 4.57698288e+01
6583.86677419 4.50633087e+01
6583.92237618 7.98664093e+00
6583.97797817 4.74769058e+01
6584.03358016 5.68046188e+01
6584.08918214 2.58709717e+00
6584.14478413 -9.13836670e+00
6584.20038612 1.62900467e+01
6584.25598811 6.97597504e+01
6584.31159010 2.67226868e+01
6584.36719209 6.12261200e+00
6584.42279408 7.23191452e+01
6584.47839607 8.96836090e+00
6584.53399806 -3.10867310e-01
6584.58960005 3.04417038e+01
6584.64520204 9.10952759e+00
6584.70080403 8.76830292e+00
6584.75640601 -1.11247559e+01
6584.81200800 8.29867554e+00
6584.86760999 2.61899033e+01
6584.92321198 -1.02832489e+01
6584.97881397 2.16287155e+01
6585.03441596 5.49609451e+01
6585.09001795 1.01032791e+01
6585.14561994 2.70946350e+01
6585.20122193 1.13446503e+01
6585.25682392 1.93426285e+01
6585.31242591 -3.28097534e+01
6585.36802790 -2.11200867e+01
6585.42362989 4.21079788e+01
6585.47923187 -2.75724792e+00
6585.53483386 -2.06760406e+00
6585.59043585 3.21602631e+01
6585.64603784 3.06820679e+00
6585.70163983 -2.57509766e+01
6585.75724182 1.39840088e+01
6585.81284381 1.44613495e+01
6585.86844580 1.02013321e+01
6585.92404779 4.00904846e+00
6585.97964978 -7.60868073e+00
6586.03525177 4.28239784e+01
6586.09085376 -2.95259018e+01
6586.14645575 1.77658539e+01
6586.20205773 -7.82625580e+00
6586.25765972 3.24522934e+01
6586.31326171 2.42300415e+01
6586.36886370 -1.47926331e+00
6586.42446569 4.28056641e+01
6586.48006768 2.04815063e+01
6586.53566967 -1.73065948e+00
6586.59127166 -1.19469795e+01
6586.64687365 -3.23100967e+01
6586.70247564 -2.32982788e+01
6586.75807763 3.74465942e+00
6586.81367962 3.11083450e+01
6586.86928160 1.78230972e+01
6586.92488359 3.10218124e+01
6586.98048558 6.04092255e+01
6587.03608757 1.16478882e+01
6587.09168956 5.01810455e+01
6587.14729155 2.16084061e+01
6587.20289354 -7.16922760e+00
6587.25849553 -4.82693558e+01
6587.31409752 -3.74732361e+01
6587.36969951 -2.27019348e+01
6587.42530150 2.52038956e+01
6587.48090349 7.49952698e+00
6587.53650548 -2.23608246e+01
6587.59210746 2.71979141e+01
6587.64770945 3.27876892e+01
6587.70331144 3.44154587e+01
6587.75891343 1.43823929e+01
6587.81451542 4.93043518e+00
6587.87011741 -6.94725037e+00
6587.92571940 2.02242737e+01
6587.98132139 -1.25205688e+01
6588.03692338 -7.60140228e+00
6588.09252537 -4.64457703e+00
6588.14812736 -8.36084137e+01
6588.20372935 -1.23725357e+01
6588.25933133 1.15912018e+01
6588.31493332 -4.21561203e+01
6588.37053531 8.54167938e+00
6588.42613730 -5.46978073e+01
6588.48173929 2.39582214e+01
6588.53734128 3.87155533e+01
6588.59294327 1.87589569e+01
6588.64854526 4.47330704e+01
6588.70414725 3.00210190e+01
6588.75974924 -1.13647537e+01
6588.81535123 8.02320862e+00
6588.87095322 -1.57401733e+01
6588.92655521 1.31122589e+01
6588.98215719 6.41038666e+01
6589.03775918 2.21487427e+01
6589.09336117 1.46360016e+00
6589.14896316 2.89069366e+01
6589.20456515 1.58527374e+01
6589.26016714 -4.41203308e+00
6589.31576913 -2.34402466e+00
6589.37137112 1.80470810e+01
6589.42697311 -4.94417267e+01
6589.48257510 2.44862061e+01
6589.53817709 4.01021423e+01
6589.59377908 9.92610931e+00
6589.64938107 -9.33166504e+00
6589.70498305 -1.10213852e+01
6589.76058504 2.05100021e+01
6589.81618703 7.15494537e+00
6589.87178902 8.76273346e+00
6589.92739101 -1.05770950e+01
6589.98299300 -1.06405029e+01
6590.03859499 1.99268036e+01
6590.09419698 3.32716370e+00
6590.14979897 -2.14934387e+01
6590.20540096 2.86612167e+01
6590.26100295 -3.52346039e+00
6590.31660494 -1.66881561e+00
6590.37220692 -1.05834351e+01
6590.42780891 -5.61427307e+00
6590.48341090 4.21614532e+01
6590.53901289 1.60794678e+01
6590.59461488 -4.73404045e+01
6590.65021687 5.60585938e+01
6590.70581886 2.16126099e+01
6590.76142085 -1.95061798e+01
6590.81702284 1.20074234e+01
6590.87262483 2.77890930e+01
6590.92822682 -3.63043976e+00
6590.98382881 4.39828186e+01
6591.03943080 2.05280914e+01
6591.09503278 1.26493835e+00
6591.15063477 -3.12826996e+01
6591.20623676 -1.84773560e+01
6591.26183875 -2.34752502e+01
6591.31744074 -2.57207260e+01
6591.37304273 -1.22675323e+01
6591.42864472 -3.74121857e+00
6591.48424671 -1.84323883e+00
6591.53984870 -7.62420654e+00
6591.59545069 4.39833450e+01
6591.65105268 3.56006088e+01
6591.70665467 2.21224136e+01
6591.76225665 3.71832047e+01
6591.81785864 1.47312469e+01
6591.87346063 3.62729492e+01
6591.92906262 -3.51356430e+01
6591.98466461 3.62698517e+01
6592.04026660 -1.18288651e+01
6592.09586859 -4.37948990e+01
6592.15147058 4.94403076e+00
6592.20707257 1.34470596e+01
6592.26267456 3.07816544e+01
6592.31827655 5.12738037e+00
6592.37387854 -2.21952820e+00
6592.42948053 3.62411499e-01
6592.48508251 5.94945526e+00
6592.54068450 -2.49672470e+01
6592.59628649 -4.60761261e+00
6592.65188848 -1.58491440e+01
6592.70749047 2.01783447e+01
6592.76309246 3.44220734e+00
6592.81869445 3.24946976e+01
6592.87429644 -3.15214081e+01
6592.92989843 -2.25688171e+01
6592.98550042 -2.08451080e+01
6593.04110241 -1.16206360e+00
6593.09670440 7.30555725e+00
6593.15230639 4.15341263e+01
6593.20790837 5.18848419e+00
6593.26351036 -2.12496185e+00
6593.31911235 2.13228912e+01
6593.37471434 1.09966278e+01
6593.43031633 9.14239502e+00
6593.48591832 4.18565369e+00
6593.54152031 1.35224838e+01
6593.59712230 -2.49240265e+01
6593.65272429 6.74566650e+00
6593.70832628 -9.72023773e+00
6593.76392827 -3.46928024e+01
6593.81953026 2.76512451e+01
6593.87513224 -2.68848190e+01
6593.93073423 2.92969437e+01
6593.98633622 5.67835236e+00
6594.04193821 1.14332809e+01
6594.09754020 1.92746582e+01
6594.15314219 -1.17025452e+01
6594.20874418 -6.41291809e+00
6594.26434617 1.15684662e+01
6594.31994816 3.31716766e+01
6594.37555015 -2.73492889e+01
6594.43115214 4.38785629e+01
6594.48675413 8.78108978e+00
6594.54235612 4.43216705e+00
6594.59795810 5.55846939e+01
6594.65356009 1.40768356e+01
6594.70916208 1.23391876e+01
6594.76476407 1.08300400e+01
6594.82036606 3.15557098e+00
6594.87596805 -2.34838905e+01
6594.93157004 -1.29023514e+01
6594.98717203 2.18741837e+01
6595.04277402 1.66170959e+01
6595.09837601 -3.97326660e+00
6595.15397800 -3.07355118e+01
6595.20957999 -2.74691238e+01
6595.26518197 -2.53462067e+01
6595.32078396 3.07948914e+01
6595.37638595 9.89743042e+00
6595.43198794 -2.53723297e+01
6595.48758993 -5.88626099e+00
6595.54319192 4.55574799e+01
6595.59879391 -3.52978516e+00
6595.65439590 3.66006622e+01
6595.70999789 2.03940811e+01
6595.76559988 -1.27107697e+01
6595.82120187 -4.73681641e+00
6595.87680386 1.18512726e+01
6595.93240585 -7.84597778e+00
6595.98800783 1.48236694e+01
6596.04360982 5.16590195e+01
6596.09921181 4.71960449e+01
6596.15481380 2.36066895e+01
6596.21041579 -1.31937408e+00
6596.26601778 2.71852341e+01
6596.32161977 3.66184235e+00
6596.37722176 -5.66559601e+00
6596.43282375 -9.10974121e+00
6596.48842574 5.34927139e+01
6596.54402773 -7.12832642e+00
6596.59962972 1.55235138e+01
6596.65523171 -3.33024445e+01
6596.71083369 7.11808777e+00
6596.76643568 2.35220490e+01
6596.82203767 2.37527542e+01
6596.87763966 -1.45860062e+01
6596.93324165 1.37670364e+01
6596.98884364 2.92999954e+01
6597.04444563 4.74509430e+00
6597.10004762 -2.95886688e+01
6597.15564961 -1.98323746e+01
6597.21125160 3.56463013e+01
6597.26685359 -3.32034607e+01
6597.32245558 -1.62191010e+00
6597.37805756 5.43686066e+01
6597.43365955 1.60021057e+01
6597.48926154 -1.34413300e+01
6597.54486353 -3.42118301e+01
6597.60046552 1.25691605e+01
6597.65606751 -2.28155518e+01
6597.71166950 -2.85401459e+01
6597.76727149 -1.68277664e+01
6597.82287348 1.51754684e+01
6597.87847547 -1.19058990e+00
6597.93407746 4.65326729e+01
6597.98967945 -2.23743515e+01
6598.04528144 8.64353180e+00
6598.10088342 -1.29597702e+01
6598.15648541 -2.49663048e+01
6598.21208740 1.09744492e+01
6598.26768939 3.57128220e+01
6598.32329138 8.59069824e+00
6598.37889337 -2.15083656e+01
6598.43449536 1.21128311e+01
6598.49009735 2.31866226e+01
6598.54569934 7.17145538e+01
6598.60130133 -1.24296494e+01
6598.65690332 3.61527252e+01
6598.71250531 1.26068268e+01
6598.76810729 -3.64234047e+01
6598.82370928 -2.86541786e+01
6598.87931127 -1.28120499e+01
6598.93491326 1.40598526e+01
6598.99051525 -2.29001923e+01
6599.04611724 -3.09919281e+01
6599.10171923 1.48566360e+01
6599.15732122 1.64775696e+01
6599.21292321 6.54399414e+01
6599.26852520 -1.10756912e+01
6599.32412719 1.98714676e+01
6599.37972918 1.97097473e+01
6599.43533117 -2.96196175e+01
6599.49093315 3.08364410e+01
6599.54653514 -8.12950897e+00
6599.60213713 1.80000839e+01
6599.65773912 3.31049957e+01
6599.71334111 9.03441620e+00
6599.76894310 3.08310471e+01
6599.82454509 -4.55394440e+01
6599.88014708 2.55400238e+01
6599.93574907 -3.73554764e+01
6599.99135106 1.78868027e+01
6600.04695305 1.78986893e+01
6600.10255504 -1.59415665e+01
6600.15815703 1.65890427e+01
6600.21375901 7.63401031e+00
6600.26936100 -4.11445541e+01
6600.32496299 2.77597046e+00
6600.38056498 1.39422760e+01
6600.43616697 -1.32013168e+01
6600.49176896 3.37400818e+00
6600.54737095 2.63880692e+01
6600.60297294 1.94862213e+01
6600.65857493 -1.73029213e+01
6600.71417692 -1.03078461e+01
6600.76977891 2.24504242e+01
6600.82538090 -2.40771332e+01
6600.88098288 4.78235931e+01
6600.93658487 4.24040909e+01
6600.99218686 2.74612045e+01
6601.04778885 8.89089966e+00
6601.10339084 -6.33881378e+00
6601.15899283 -2.04554367e+01
6601.21459482 4.56786346e+00
6601.27019681 9.49550629e+00
6601.32579880 3.35390930e+01
6601.38140079 -7.82449341e+00
6601.43700278 -4.70175323e+01
6601.49260477 2.02696571e+01
6601.54820676 -1.57000618e+01
