# Rest-frame spectrum generated from: M106C0003o_1d.fits
# lambda_Ha_obs = 6573.82100000 Angstrom
# lambda_Ha_rest = 6562.80000000 Angstrom
# z_Ha = 1.6793137076e-03
# v_Ha_relativistic = 503.022863 km/s
# v_Ha_classical = 503.445584 km/s
# columns: wavelength_rest[Angstrom] flux_or_counts

6545.19752492 6.65901413e+01
6545.25312402 6.65894318e+01
6545.30872313 6.65896606e+01
6545.36432223 6.65904388e+01
6545.41992133 6.65898285e+01
6545.47552044 6.65894470e+01
6545.53111954 6.65901947e+01
6545.58671864 6.66252365e+01
6545.64231775 6.66610718e+01
6545.69791685 6.66955719e+01
6545.75351595 5.79142914e+01
6545.80911506 5.24450378e+01
6545.86471416 5.79918175e+01
6545.92031326 5.82025108e+01
6545.97591237 5.09428520e+01
6546.03151147 3.66272202e+01
6546.08711057 1.68568382e+01
6546.14270968 -1.53293762e+01
6546.19830878 -1.08020935e+01
6546.25390788 2.16783943e+01
6546.30950699 3.00804596e+01
6546.36510609 1.08612671e+01
6546.42070519 5.72477455e+01
6546.47630430 1.04514694e+00
6546.53190340 4.41030083e+01
6546.58750250 -5.74426270e+00
6546.64310161 -6.82841492e+00
6546.69870071 3.82501297e+01
6546.75429981 3.37712898e+01
6546.80989892 1.65265579e+01
6546.86549802 7.94864655e+00
6546.92109712 3.06575317e+01
6546.97669622 3.80460358e+00
6547.03229533 1.82296448e+01
6547.08789443 3.74340820e+01
6547.14349353 3.08735733e+01
6547.19909264 2.94992142e+01
6547.25469174 -1.97095032e+01
6547.31029084 8.09323120e+00
6547.36588995 4.17815628e+01
6547.42148905 2.13093033e+01
6547.47708815 -1.10237122e-01
6547.53268726 3.07806435e+01
6547.58828636 3.75479202e+01
6547.64388546 4.17002945e+01
6547.69948457 5.12298431e+01
6547.75508367 6.52494736e+01
6547.81068277 1.09706253e+02
6547.86628188 2.74630127e+01
6547.92188098 6.32162704e+01
6547.97748008 3.68284225e+01
6548.03307919 2.91623497e+01
6548.08867829 3.90817642e+01
6548.14427739 6.36144714e+01
6548.19987650 4.45023918e+01
6548.25547560 6.73485184e+00
6548.31107470 1.71266251e+01
6548.36667381 9.25294495e+00
6548.42227291 3.92440338e+01
6548.47787201 4.04018440e+01
6548.53347112 4.36586227e+01
6548.58907022 1.96333389e+01
6548.64466932 3.86947632e+00
6548.70026842 -1.49568787e+01
6548.75586753 1.87761307e+00
6548.81146663 4.72497406e+01
6548.86706573 4.59136658e+01
6548.92266484 4.99767570e+01
6548.97826394 -7.03318787e+00
6549.03386304 6.81538391e+00
6549.08946215 2.16376953e+01
6549.14506125 1.34089699e+01
6549.20066035 2.61647491e+01
6549.25625946 -5.08413696e+00
6549.31185856 -3.15277252e+01
6549.36745766 -1.88897591e+01
6549.42305677 8.86302948e+00
6549.47865587 1.97717018e+01
6549.53425497 2.13946991e+01
6549.58985408 -1.77226791e+01
6549.64545318 1.58395081e+01
6549.70105228 2.33932419e+01
6549.75665139 -4.46455383e+00
6549.81225049 1.57466125e+01
6549.86784959 2.27448540e+01
6549.92344870 9.40760040e+00
6549.97904780 -1.16983871e+01
6550.03464690 1.48619576e+01
6550.09024601 -4.69011307e+01
6550.14584511 -3.27423401e+01
6550.20144421 -9.06619263e+00
6550.25704332 -5.16893005e+00
6550.31264242 4.18191338e+01
6550.36824152 5.79200363e+01
6550.42384062 2.08651390e+01
6550.47943973 2.00702820e+01
6550.53503883 1.29084549e+01
6550.59063793 -1.00503654e+01
6550.64623704 1.99188194e+01
6550.70183614 3.55860252e+01
6550.75743524 3.92180786e+01
6550.81303435 2.99740829e+01
6550.86863345 -4.06827545e+00
6550.92423255 1.64726639e+01
6550.97983166 2.62978592e+01
6551.03543076 2.49294968e+01
6551.09102986 -3.47222672e+01
6551.14662897 -2.37294006e+00
6551.20222807 3.40177002e+01
6551.25782717 -6.89762115e+00
6551.31342628 -3.25547791e+00
6551.36902538 1.68590317e+01
6551.42462448 -9.87478638e+00
6551.48022359 3.36561813e+01
6551.53582269 2.05784683e+01
6551.59142179 -1.94915390e+01
6551.64702090 2.62385025e+01
6551.70262000 -1.38620071e+01
6551.75821910 -2.50744019e+01
6551.81381821 -9.60336304e+00
6551.86941731 -2.75040894e+01
6551.92501641 -1.32126808e+01
6551.98061552 -2.02565079e+01
6552.03621462 -8.87652588e+00
6552.09181372 3.32456207e+00
6552.14741282 -1.98052597e+01
6552.20301193 1.14795914e+01
6552.25861103 4.67925224e+01
6552.31421013 4.33250504e+01
6552.36980924 7.37082672e+00
6552.42540834 2.71205330e+01
6552.48100744 8.55621338e+00
6552.53660655 7.72127533e+00
6552.59220565 1.27310791e+01
6552.64780475 2.17549820e+01
6552.70340386 -1.87725067e+01
6552.75900296 -1.88734589e+01
6552.81460206 3.74181709e+01
6552.87020117 -1.19559212e+01
6552.92580027 -2.01580658e+01
6552.98139937 1.43708839e+01
6553.03699848 1.32205582e+01
6553.09259758 -1.66641121e+01
6553.14819668 -2.54701462e+01
6553.20379579 1.80915833e+01
6553.25939489 1.24799042e+01
6553.31499399 -1.55195770e+01
6553.37059310 1.06671448e+01
6553.42619220 2.19645424e+01
6553.48179130 2.13070679e+00
6553.53739041 7.56675720e+00
6553.59298951 -8.45102310e+00
6553.64858861 -1.82649574e+01
6553.70418772 9.70506287e+00
6553.75978682 1.31129456e+00
6553.81538592 -5.50187683e+00
6553.87098502 4.26026154e+00
6553.92658413 1.22209358e+01
6553.98218323 2.12846603e+01
6554.03778233 2.93775444e+01
6554.09338144 -4.33959961e+00
6554.14898054 5.49961090e+00
6554.20457964 1.80150070e+01
6554.26017875 -3.14412155e+01
6554.31577785 -3.28734703e+01
6554.37137695 8.61377716e-01
6554.42697606 1.29023285e+01
6554.48257516 4.05338669e+00
6554.53817426 5.33855400e+01
6554.59377337 -1.23587341e+01
6554.64937247 -4.89617577e+01
6554.70497157 -2.92096481e+01
6554.76057068 2.75160828e+01
6554.81616978 7.73334503e+00
6554.87176888 4.36798935e+01
6554.92736799 -3.56337738e+00
6554.98296709 2.52105408e+01
6555.03856619 -5.47928619e+00
6555.09416530 1.89188538e+01
6555.14976440 9.18316650e+00
6555.20536350 -1.75438995e+01
6555.26096261 -1.83303642e+01
6555.31656171 -4.93476982e+01
6555.37216081 -5.31603241e+00
6555.42775992 -1.96921539e+00
6555.48335902 -2.47467728e+01
6555.53895812 -3.79988251e+01
6555.59455723 7.01055145e+00
6555.65015633 5.18696213e+00
6555.70575543 -1.34886971e+01
6555.76135453 -2.61874161e+01
6555.81695364 -2.29106789e+01
6555.87255274 5.42609329e+01
6555.92815184 1.55441971e+01
6555.98375095 -4.82123184e+01
6556.03935005 -1.37169838e+01
6556.09494915 -2.32296753e+00
6556.15054826 1.81877136e-01
6556.20614736 -2.60205612e+01
6556.26174646 2.00191574e+01
6556.31734557 7.42003632e+00
6556.37294467 3.45802765e+01
6556.42854377 5.88462181e+01
6556.48414288 1.73811340e+00
6556.53974198 5.12829590e+00
6556.59534108 -2.66022301e+01
6556.65094019 -3.40885735e+01
6556.70653929 1.21936798e+01
6556.76213839 2.91898575e+01
6556.81773750 9.81781769e+00
6556.87333660 -3.21759796e+00
6556.92893570 4.52735367e+01
6556.98453481 -1.51750145e+01
6557.04013391 1.00623398e+01
6557.09573301 -6.13999939e+00
6557.15133212 -1.30401306e+01
6557.20693122 2.58454590e+01
6557.26253032 6.27701569e+00
6557.31812943 6.17941284e+00
6557.37372853 2.81415749e+01
6557.42932763 -4.49014702e+01
6557.48492673 -1.17595291e+01
6557.54052584 3.96918488e+00
6557.59612494 1.35942078e+01
6557.65172404 8.75660706e+00
6557.70732315 -1.19326324e+01
6557.76292225 -2.02636795e+01
6557.81852135 2.81222153e+01
6557.87412046 3.13446732e+01
6557.92971956 4.43284302e+01
6557.98531866 1.55485382e+01
6558.04091777 2.39459991e+01
6558.09651687 1.56543922e+01
6558.15211597 1.17571640e+00
6558.20771508 1.58155670e+01
6558.26331418 1.98186188e+01
6558.31891328 2.96112823e+00
6558.37451239 1.17227516e+01
6558.43011149 -1.29119873e+00
6558.48571059 1.15286713e+01
6558.54130970 -1.73783875e+01
6558.59690880 -4.54842224e+01
6558.65250790 -9.40812683e+00
6558.70810701 -1.92437172e+01
6558.76370611 -1.41810455e+01
6558.81930521 1.00117722e+01
6558.87490432 3.09030914e+01
6558.93050342 4.43311691e+00
6558.98610252 -4.01112709e+01
6559.04170163 -2.72547531e+00
6559.09730073 -4.29227982e+01
6559.15289983 -2.29368134e+01
6559.20849893 3.08040199e+01
6559.26409804 -5.00604248e+00
6559.31969714 7.70258331e+00
6559.37529624 2.67686386e+01
6559.43089535 2.44744263e+01
6559.48649445 1.71055069e+01
6559.54209355 1.66328888e+01
6559.59769266 2.61121902e+01
6559.65329176 7.55030060e+00
6559.70889086 -3.83027878e+01
6559.76448997 -2.97094727e+00
6559.82008907 -1.14137077e+01
6559.87568817 3.32853851e+01
6559.93128728 -1.92440376e+01
6559.98688638 -2.99542236e+00
6560.04248548 8.46889496e+00
6560.09808459 3.04392738e+01
6560.15368369 3.80512276e+01
6560.20928279 3.85742645e+01
6560.26488190 -2.20105972e+01
6560.32048100 -2.72534218e+01
6560.37608010 1.01353912e+01
6560.43167921 3.16726608e+01
6560.48727831 4.22188034e+01
6560.54287741 -8.10292816e+00
6560.59847652 1.33338013e+01
6560.65407562 3.52406502e+01
6560.70967472 -1.28815041e+01
6560.76527383 2.40428925e+00
6560.82087293 3.55940704e+01
6560.87647203 -8.69190216e-01
6560.93207113 -4.67610550e+01
6560.98767024 -3.78505707e+00
6561.04326934 4.69084396e+01
6561.09886844 1.96788177e+01
6561.15446755 4.87405548e+01
6561.21006665 -1.15699158e+01
6561.26566575 -2.20243645e+01
6561.32126486 2.19738388e+01
6561.37686396 -1.40319595e+01
6561.43246306 -2.13754883e+01
6561.48806217 9.81420135e+00
6561.54366127 1.22788849e+01
6561.59926037 5.16615524e+01
6561.65485948 4.41918945e+00
6561.71045858 4.85381699e+01
6561.76605768 3.28979988e+01
6561.82165679 1.12262039e+01
6561.87725589 3.10167770e+01
6561.93285499 1.77243576e+01
6561.98845410 5.51948776e+01
6562.04405320 9.94984665e+01
6562.09965230 7.24905548e+01
6562.15525141 1.04872940e+02
6562.21085051 1.26035019e+02
6562.26644961 1.86404236e+02
6562.32204872 2.13575516e+02
6562.37764782 2.12607346e+02
6562.43324692 2.39059906e+02
6562.48884603 2.56822754e+02
6562.54444513 3.33795044e+02
6562.60004423 3.71348083e+02
6562.65564333 4.11372284e+02
6562.71124244 3.75893738e+02
6562.76684154 4.11048462e+02
6562.82244064 3.69986542e+02
6562.87803975 4.24533234e+02
6562.93363885 3.71699341e+02
6562.98923795 3.92047333e+02
6563.04483706 3.31187408e+02
6563.10043616 2.83428894e+02
6563.15603526 2.49951935e+02
6563.21163437 2.51403976e+02
6563.26723347 1.85956726e+02
6563.32283257 1.32227722e+02
6563.37843168 1.08332367e+02
6563.43403078 9.37643661e+01
6563.48962988 8.12954254e+01
6563.54522899 6.41016464e+01
6563.60082809 5.15010071e+01
6563.65642719 8.19972305e+01
6563.71202630 7.60785599e+01
6563.76762540 2.35256500e+01
6563.82322450 -2.10368652e+01
6563.87882361 7.35857391e+01
6563.93442271 2.99578629e+01
6563.99002181 2.58928299e+01
6564.04562092 3.85814133e+01
6564.10122002 2.56366043e+01
6564.15681912 3.58792038e+01
6564.21241823 -1.20957184e+01
6564.26801733 4.82270432e+01
6564.32361643 4.33032990e+00
6564.37921553 -2.84124451e+01
6564.43481464 3.44062500e+01
6564.49041374 9.22148895e+00
6564.54601284 6.05149307e+01
6564.60161195 2.09885406e+01
6564.65721105 -1.73446350e+01
6564.71281015 2.30257797e+01
6564.76840926 3.15238342e+01
6564.82400836 2.95417099e+01
6564.87960746 3.51899490e+01
6564.93520657 2.59220886e+00
6564.99080567 1.57512589e+01
6565.04640477 5.16258240e-01
6565.10200388 2.24523849e+01
6565.15760298 2.56643486e+01
6565.21320208 1.40135803e+01
6565.26880119 4.52493973e+01
6565.32440029 -7.55096436e+00
6565.37999939 4.09526138e+01
6565.43559850 -1.88697815e-01
6565.49119760 2.01014786e+01
6565.54679670 2.26962891e+01
6565.60239581 1.83272400e+01
6565.65799491 -3.48949814e+00
6565.71359401 -2.61406708e+00
6565.76919312 1.21822739e+01
6565.82479222 2.46074562e+01
6565.88039132 -1.24892044e+01
6565.93599043 -4.81092072e+00
6565.99158953 8.79044342e+00
6566.04718863 2.43695679e+01
6566.10278774 1.99772644e+01
6566.15838684 2.99510193e+01
6566.21398594 -1.84239197e+01
6566.26958504 -2.64062424e+01
6566.32518415 2.46858063e+01
6566.38078325 -4.05114365e+01
6566.43638235 4.41385880e+01
6566.49198146 -1.23987579e+01
6566.54758056 5.89602661e+00
6566.60317966 -2.92267418e+01
6566.65877877 -5.31800842e+00
6566.71437787 3.24275970e-01
6566.76997697 2.80937042e+01
6566.82557608 -1.00912857e+01
6566.88117518 -1.43867111e+01
6566.93677428 2.51084518e+01
6566.99237339 1.51189880e+01
6567.04797249 1.54847107e+01
6567.10357159 2.39481735e+01
6567.15917070 2.97134399e+00
6567.21476980 1.26926155e+01
6567.27036890 -2.02873116e+01
6567.32596801 2.95269127e+01
6567.38156711 -4.84645844e+00
6567.43716621 2.42802277e+01
6567.49276532 -2.16140862e+01
6567.54836442 -1.70071945e+01
6567.60396352 3.57256393e+01
6567.65956263 1.26862106e+01
6567.71516173 2.18090210e+01
6567.77076083 2.96599579e+00
6567.82635994 -4.91275482e+01
6567.88195904 3.73785782e+01
6567.93755814 2.68318176e-01
6567.99315724 -1.30355072e+00
6568.04875635 -1.15447235e+01
6568.10435545 -2.64293671e+01
6568.15995455 1.21232452e+01
6568.21555366 8.22342529e+01
6568.27115276 2.56710434e+01
6568.32675186 -2.58718224e+01
6568.38235097 -8.83068848e+00
6568.43795007 2.68907166e+00
6568.49354917 -5.95078659e+01
6568.54914828 1.26174164e+01
6568.60474738 3.32587891e+01
6568.66034648 1.30477295e+01
6568.71594559 1.58084221e+01
6568.77154469 -1.40322342e+01
6568.82714379 1.03633347e+01
6568.88274290 3.17148590e+00
6568.93834200 8.34661102e+00
6568.99394110 -6.80187988e+00
6569.04954021 2.89139481e+01
6569.10513931 2.59758835e+01
6569.16073841 -1.90364761e+01
6569.21633752 -9.99761963e+00
6569.27193662 3.43008118e+01
6569.32753572 -6.87699890e+00
6569.38313483 1.23069458e+01
6569.43873393 -4.40665436e+00
6569.49433303 -4.18817596e+01
6569.54993214 -9.68578339e-01
6569.60553124 3.20699615e+01
6569.66113034 -2.34707260e+01
6569.71672944 2.51999588e+01
6569.77232855 1.37332039e+01
6569.82792765 3.24361801e+00
6569.88352675 -1.63749390e+01
6569.93912586 2.09541321e-01
6569.99472496 -3.53576126e+01
6570.05032406 2.01165009e+01
6570.10592317 1.44988327e+01
6570.16152227 1.25171814e+01
6570.21712137 5.14222717e+00
6570.27272048 3.19781342e+01
6570.32831958 5.41063614e+01
6570.38391868 -2.80933380e+00
6570.43951779 3.06153183e+01
6570.49511689 2.69950180e+01
6570.55071599 2.64237976e+01
6570.60631510 -5.10652771e+01
6570.66191420 -2.35806618e+01
6570.71751330 2.30957031e+01
6570.77311241 -1.25699387e+01
6570.82871151 1.74501038e+00
6570.88431061 7.54625702e+00
6570.93990972 -1.72961235e+01
6570.99550882 -1.96770172e+01
6571.05110792 8.55426025e+00
6571.10670703 1.32341003e+00
6571.16230613 1.21066360e+01
6571.21790523 -3.79233017e+01
6571.27350434 -4.09746552e+01
6571.32910344 -4.25290756e+01
6571.38470254 8.11255646e+00
6571.44030164 2.26436996e+01
6571.49590075 -4.66528778e+01
6571.55149985 -3.11232605e+01
6571.60709895 6.74407959e+00
6571.66269806 -5.42614746e+00
6571.71829716 -4.27984695e+01
6571.77389626 -2.96262054e+01
6571.82949537 -3.15310669e+01
6571.88509447 9.17793274e-01
6571.94069357 1.89542236e+01
6571.99629268 2.26592255e+01
6572.05189178 1.50594940e+01
6572.10749088 1.24286957e+01
6572.16308999 3.69945984e+01
6572.21868909 1.44857330e+01
6572.27428819 -3.10705910e+01
6572.32988730 2.46204681e+01
6572.38548640 2.05961761e+01
6572.44108550 -3.29712868e+01
6572.49668461 -1.29127502e+01
6572.55228371 -2.51858902e+00
6572.60788281 2.80802650e+01
6572.66348192 -2.84422302e+00
6572.71908102 1.01289978e+01
6572.77468012 5.55320740e+00
6572.83027923 -4.53430557e+01
6572.88587833 3.82756424e+00
6572.94147743 1.25982361e+01
6572.99707654 -3.84709396e+01
6573.05267564 2.93807755e+01
6573.10827474 5.75614967e+01
6573.16387384 -1.56690826e+01
6573.21947295 5.83852081e+01
6573.27507205 1.14263573e+01
6573.33067115 -5.28308868e+00
6573.38627026 -1.04415131e+01
6573.44186936 -2.03838730e+01
6573.49746846 -2.63995132e+01
6573.55306757 -6.75500488e+00
6573.60866667 6.97459564e+01
6573.66426577 3.26455727e+01
6573.71986488 -5.89507675e+00
6573.77546398 -1.63102722e+00
6573.83106308 -2.47800560e+01
6573.88666219 1.01045876e+01
6573.94226129 8.54347229e-01
6573.99786039 1.87057495e+00
6574.05345950 2.82183685e+01
6574.10905860 9.64004517e-01
6574.16465770 -4.50578041e+01
6574.22025681 -7.42537308e+00
6574.27585591 -3.11302567e+01
6574.33145501 6.52836609e+00
6574.38705412 1.28908997e+01
6574.44265322 -2.18126678e+00
6574.49825232 5.50241089e+00
6574.55385143 -1.84844322e+01
6574.60945053 -5.60657501e+00
6574.66504963 1.12978668e+01
6574.72064874 3.69828720e+01
6574.77624784 1.31139069e+01
6574.83184694 6.92537689e+00
6574.88744604 9.11951447e+00
6574.94304515 1.46550446e+01
6574.99864425 -3.97083855e+01
6575.05424335 -1.20978546e+00
6575.10984246 2.35574341e+01
6575.16544156 1.55929527e+01
6575.22104066 -1.27291336e+01
6575.27663977 6.77108765e-01
6575.33223887 -1.69684334e+01
6575.38783797 2.85289993e+01
6575.44343708 -4.15759277e+00
6575.49903618 -3.82944450e+01
6575.55463528 -6.03567505e+00
6575.61023439 3.72119904e+00
6575.66583349 6.81249237e+00
6575.72143259 3.56628494e+01
6575.77703170 1.29552383e+01
6575.83263080 8.40875244e+00
6575.88822990 8.59201050e+00
6575.94382901 2.91799240e+01
6575.99942811 1.30226898e+01
6576.05502721 -3.57378654e+01
6576.11062632 -4.64351654e+00
6576.16622542 -6.57270050e+00
6576.22182452 3.81746674e+00
6576.27742363 1.83871727e+01
6576.33302273 -2.69557800e+01
6576.38862183 1.31826591e+01
6576.44422094 3.25197449e+01
6576.49982004 4.53942566e+01
6576.55541914 1.77677002e+01
6576.61101825 6.11183929e+00
6576.66661735 -7.46630859e+00
6576.72221645 6.86063385e+00
6576.77781555 3.01904755e+01
6576.83341466 2.16262245e+01
6576.88901376 -5.53645210e+01
6576.94461286 2.29060364e+00
6577.00021197 1.75513763e+01
6577.05581107 -6.97628784e+00
6577.11141017 4.74377899e+01
6577.16700928 -5.62433624e+00
6577.22260838 -5.08102417e+00
6577.27820748 -1.03261566e+00
6577.33380659 -6.61101837e+01
6577.38940569 3.88557701e+01
6577.44500479 4.19283981e+01
6577.50060390 3.41215134e+01
6577.55620300 -2.90740967e-01
6577.61180210 -3.75379715e+01
6577.66740121 3.10974197e+01
6577.72300031 1.17448654e+01
6577.77859941 2.47374573e+01
6577.83419852 1.26946259e+01
6577.88979762 -2.63380432e+00
6577.94539672 -2.83684998e+01
6578.00099583 -8.25135422e+00
6578.05659493 2.49797287e+01
6578.11219403 5.37210388e+01
6578.16779314 -1.70512314e+01
6578.22339224 7.02540588e+00
6578.27899134 -3.49278641e+00
6578.33459045 1.07241592e+01
6578.39018955 4.70195007e+00
6578.44578865 -2.63622284e+00
6578.50138775 -1.07088470e+00
6578.55698686 2.26515656e+01
6578.61258596 4.83062820e+01
6578.66818506 -1.01923599e+01
6578.72378417 1.10032043e+01
6578.77938327 -3.17155304e+01
6578.83498237 1.87970734e+01
6578.89058148 -1.67196503e+01
6578.94618058 -2.78026085e+01
6579.00177968 -4.31894341e+01
6579.05737879 1.25185089e+01
6579.11297789 6.96495056e-01
6579.16857699 1.57317123e+01
6579.22417610 -1.53135910e+01
6579.27977520 -6.45926666e+00
6579.33537430 -1.29887962e+01
6579.39097341 3.66292458e+01
6579.44657251 -1.07787781e+01
6579.50217161 -1.49514618e+01
6579.55777072 -1.59699631e+01
6579.61336982 -3.13607101e+01
6579.66896892 3.99934311e+01
6579.72456803 8.64551544e+00
6579.78016713 3.03959351e+01
6579.83576623 2.38767433e+01
6579.89136534 -4.20859528e+00
6579.94696444 2.63181000e+01
6580.00256354 1.32418823e+01
6580.05816265 -7.15396881e+00
6580.11376175 2.69599457e+01
6580.16936085 3.62887268e+01
6580.22495995 4.16467209e+01
6580.28055906 2.31170120e+01
6580.33615816 2.53049316e+01
6580.39175726 5.74905548e+01
6580.44735637 1.75042343e+01
6580.50295547 -2.54831161e+01
6580.55855457 2.42538223e+01
6580.61415368 1.87491760e+01
6580.66975278 1.24715347e+01
6580.72535188 1.80653458e+01
6580.78095099 -4.05722122e+01
6580.83655009 3.80641174e+01
6580.89214919 5.92522812e+01
6580.94774830 3.15851746e+01
6581.00334740 2.11200714e+00
6581.05894650 1.08263016e+01
6581.11454561 2.04562912e+01
6581.17014471 1.46770477e+01
6581.22574381 2.49160004e+00
6581.28134292 -1.57521057e+01
6581.33694202 1.10114365e+01
6581.39254112 -2.02780304e+01
6581.44814023 1.70120392e+01
6581.50373933 8.22102356e+00
6581.55933843 -2.85732994e+01
6581.61493754 -7.48870850e-01
6581.67053664 -3.19105873e+01
6581.72613574 -8.98048401e-01
6581.78173485 4.33348274e+01
6581.83733395 6.16526031e+00
6581.89293305 8.09286499e+00
6581.94853215 -4.56355858e+01
6582.00413126 2.78247070e+00
6582.05973036 2.68518372e+01
6582.11532946 -2.50380173e+01
6582.17092857 -7.88465118e+00
6582.22652767 2.54163742e+01
6582.28212677 2.73865356e+01
6582.33772588 3.24078369e+01
6582.39332498 -9.66725922e+00
6582.44892408 -9.44571686e+00
6582.50452319 2.45269852e+01
6582.56012229 4.71295319e+01
6582.61572139 3.16444702e+01
6582.67132050 4.78345490e+00
6582.72691960 -1.81518478e+01
6582.78251870 -4.83673859e+00
6582.83811781 -8.81741333e+00
6582.89371691 3.61212921e+00
6582.94931601 1.31814499e+01
6583.00491512 1.12427208e+02
6583.06051422 6.28730774e+01
6583.11611332 7.47049179e+01
6583.17171243 6.74481583e+01
6583.22731153 4.06126099e+01
6583.28291063 7.12629929e+01
6583.33850974 4.95508423e+01
6583.39410884 7.66313629e+01
6583.44970794 4.50821533e+01
6583.50530705 8.04135513e+01
6583.56090615 7.11350250e+01
6583.61650525 7.93965912e+01
6583.67210435 1.04187164e+02
6583.72770346 1.08363983e+02
6583.78330256 6.55071869e+01
6583.83890166 5.21093674e+01
6583.89450077 1.06645279e+01
6583.95009987 -3.99691010e+00
6584.00569897 6.17326736e+01
6584.06129808 2.27298965e+01
6584.11689718 -3.32308350e+01
6584.17249628 3.10825348e+00
6584.22809539 -1.43909378e+01
6584.28369449 -1.49097824e+01
6584.33929359 4.99599915e+01
6584.39489270 2.36111679e+01
6584.45049180 3.38225327e+01
6584.50609090 -2.77787857e+01
6584.56169001 -2.33487549e+01
6584.61728911 1.07174530e+01
6584.67288821 -5.18862152e+00
6584.72848732 -1.58147354e+01
6584.78408642 2.22965012e+01
6584.83968552 -6.54521942e+00
6584.89528463 1.47789536e+01
6584.95088373 4.50344086e+00
6585.00648283 1.37335052e+01
6585.06208194 3.69189529e+01
6585.11768104 1.26388855e+01
6585.17328014 -5.69049835e+00
6585.22887925 -1.16934090e+01
6585.28447835 3.03191299e+01
6585.34007745 8.11441803e+00
6585.39567656 3.83576355e+01
6585.45127566 2.76171951e+01
6585.50687476 3.39593506e+00
6585.56247386 5.05191269e+01
6585.61807297 -2.41117630e+01
6585.67367207 3.29235077e+01
6585.72927117 -1.05065613e+01
6585.78487028 -3.89196014e+00
6585.84046938 -6.84931183e+00
6585.89606848 2.87517853e+01
6585.95166759 -1.35986938e+01
6586.00726669 -1.59600830e+01
6586.06286579 1.75613937e+01
6586.11846490 -3.11116562e+01
6586.17406400 4.61108322e+01
6586.22966310 -3.55864716e+00
6586.28526221 4.13910675e+00
6586.34086131 -4.40594482e+00
6586.39646041 -3.08061600e+01
6586.45205952 -1.14513474e+01
6586.50765862 -1.30600052e+01
6586.56325772 5.82455444e+01
6586.61885683 2.21978760e+00
6586.67445593 -1.20220337e+01
6586.73005503 3.73681717e+01
6586.78565414 -6.06884766e+00
6586.84125324 4.05654907e+01
6586.89685234 4.35996742e+01
6586.95245145 1.80468674e+01
6587.00805055 -4.42253799e+01
6587.06364965 2.45515137e+01
6587.11924876 2.55716858e+01
6587.17484786 1.27857132e+01
6587.23044696 1.27985535e+01
6587.28604606 -9.26704407e+00
6587.34164517 1.47839966e+01
6587.39724427 3.39119644e+01
6587.45284337 1.58722382e+01
6587.50844248 -3.09231491e+01
6587.56404158 -1.15317459e+01
6587.61964068 3.81852264e+01
6587.67523979 3.55256653e+00
6587.73083889 7.10472107e+00
6587.78643799 -3.77781219e+01
6587.84203710 1.11541901e+01
6587.89763620 1.90472412e+00
6587.95323530 4.83339386e+01
6588.00883441 5.62512589e+01
6588.06443351 -4.20448990e+01
6588.12003261 7.67942810e+00
6588.17563172 -1.42206116e+01
6588.23123082 -2.19082718e+01
6588.28682992 9.69974518e+00
6588.34242903 -2.57506561e+01
6588.39802813 1.27076263e+01
6588.45362723 3.82013550e+01
6588.50922634 3.16394272e+01
6588.56482544 4.40598831e+01
6588.62042454 2.77891159e+01
6588.67602365 4.38375931e+01
6588.73162275 -1.34392624e+01
6588.78722185 7.36096954e+00
6588.84282096 1.15286942e+01
6588.89842006 -4.19226608e+01
6588.95401916 3.87026215e+00
6589.00961826 1.84228745e+01
6589.06521737 -1.18880157e+01
6589.12081647 -1.54464722e-01
6589.17641557 5.10932922e-01
6589.23201468 -5.39733887e-01
6589.28761378 2.50117111e+01
6589.34321288 7.05818939e+00
6589.39881199 3.30830002e+01
6589.45441109 -1.00628433e+01
6589.51001019 1.09669800e+01
6589.56560930 -1.87339172e+01
6589.62120840 1.38601685e+01
6589.67680750 8.52468872e+00
6589.73240661 1.52201080e+01
6589.78800571 -5.02825813e+01
6589.84360481 4.29152679e+00
6589.89920392 7.51889038e+00
6589.95480302 1.26694107e+01
6590.01040212 -4.03207550e+01
6590.06600123 -2.64708481e+01
6590.12160033 2.36402512e+01
6590.17719943 -6.96606445e+00
6590.23279854 -2.59329453e+01
6590.28839764 3.27625427e+01
6590.34399674 2.15616837e+01
6590.39959585 1.56406250e+01
6590.45519495 -3.08250427e-01
6590.51079405 1.49221573e+01
6590.56639316 3.07159424e+00
6590.62199226 -4.29499168e+01
6590.67759136 3.45405197e+01
6590.73319046 -1.70499878e+01
6590.78878957 -5.45854378e+01
6590.84438867 -3.91418533e+01
6590.89998777 -2.50742416e+01
6590.95558688 1.31911011e+01
6591.01118598 1.08673859e+01
6591.06678508 -3.15352478e+01
6591.12238419 1.34682770e+01
6591.17798329 -2.43921204e+01
6591.23358239 -1.02619476e+01
6591.28918150 3.30332184e+01
6591.34478060 7.02499847e+01
6591.40037970 4.72384033e+01
6591.45597881 -2.94231720e+01
6591.51157791 3.80375290e+01
6591.56717701 2.92640762e+01
6591.62277612 -7.94132996e+00
6591.67837522 2.12212219e+01
6591.73397432 3.50133438e+01
6591.78957343 4.15067291e+00
6591.84517253 9.10456085e+00
6591.90077163 -1.19121399e+01
6591.95637074 -1.81489487e+01
6592.01196984 -5.48997498e+00
6592.06756894 1.33587112e+01
6592.12316805 3.41862030e+01
6592.17876715 -1.04555054e+01
6592.23436625 9.86217499e+00
6592.28996536 1.89022522e+01
6592.34556446 -3.71848907e+01
6592.40116356 -1.75963058e+01
6592.45676266 1.80584183e+01
6592.51236177 -4.79624252e+01
6592.56796087 5.36864471e+00
6592.62355997 5.59748840e+00
6592.67915908 2.99689865e+01
6592.73475818 3.03208160e+00
6592.79035728 1.07828522e+00
6592.84595639 -7.12946930e+01
6592.90155549 5.52026367e+00
6592.95715459 3.71832199e+01
6593.01275370 -2.32522964e+01
6593.06835280 -2.19193954e+01
6593.12395190 1.92836838e+01
6593.17955101 2.51023178e+01
6593.23515011 -1.77861404e+01
6593.29074921 -1.08112640e+01
6593.34634832 -3.72452927e+01
6593.40194742 -1.27165985e+01
6593.45754652 1.42263489e+01
6593.51314563 -6.26521301e+00
6593.56874473 1.68755951e+01
6593.62434383 6.59660339e-01
6593.67994294 1.17541122e+01
6593.73554204 1.44380951e+00
6593.79114114 -8.59463501e+00
6593.84674025 1.21677856e+01
6593.90233935 -8.53757477e+00
6593.95793845 7.59094162e+01
6594.01353756 3.18172226e+01
6594.06913666 -3.78611755e+00
6594.12473576 2.13546066e+01
6594.18033486 -1.58797379e+01
6594.23593397 -1.14188385e+00
6594.29153307 -1.66301804e+01
6594.34713217 -2.28169250e+00
6594.40273128 2.72576904e+00
6594.45833038 -6.60223389e+00
6594.51392948 -1.38297272e+01
6594.56952859 9.71051788e+00
6594.62512769 4.54777260e+01
6594.68072679 -1.72607269e+01
6594.73632590 3.12052155e+00
6594.79192500 -4.93236237e+01
6594.84752410 -1.09016647e+01
6594.90312321 9.56214523e+00
6594.95872231 6.75941849e+01
6595.01432141 3.49381790e+01
6595.06992052 -4.16710129e+01
6595.12551962 3.13816833e+01
6595.18111872 6.16093445e+00
6595.23671783 2.80805969e+01
6595.29231693 6.36586761e+00
6595.34791603 -2.39065323e+01
6595.40351514 -6.94165955e+01
6595.45911424 4.17857018e+01
6595.51471334 2.50563583e+01
6595.57031245 3.66565475e+01
6595.62591155 -4.43638382e+01
6595.68151065 -1.29007721e+01
6595.73710976 -8.17979431e+00
6595.79270886 1.48537369e+01
6595.84830796 -7.10367584e+00
6595.90390707 7.47735596e+00
6595.95950617 2.66252670e+01
6596.01510527 1.24852371e+01
6596.07070437 -1.52663040e+01
6596.12630348 4.82643280e+01
6596.18190258 3.01100159e+00
6596.23750168 -1.68436737e+01
6596.29310079 -2.55924530e+01
6596.34869989 -2.07710800e+01
6596.40429899 -1.00550690e+01
6596.45989810 -5.15700531e+00
6596.51549720 -1.27602158e+01
6596.57109630 -5.95959473e+00
6596.62669541 -4.78902435e+00
6596.68229451 7.40332794e+00
6596.73789361 -5.57969856e+01
6596.79349272 -2.54933701e+01
6596.84909182 -3.00918045e+01
6596.90469092 -1.53352890e+01
6596.96029003 -1.04324341e-01
6597.01588913 -2.04777756e+01
6597.07148823 2.52604218e+01
6597.12708734 9.23874664e+00
6597.18268644 2.11306000e+00
6597.23828554 3.59108047e+01
6597.29388465 7.49665070e+00
6597.34948375 -1.48385315e+01
6597.40508285 1.93231659e+01
6597.46068196 1.21864319e-01
6597.51628106 2.59278259e+01
6597.57188016 1.42446480e+01
6597.62747927 8.60675812e+00
6597.68307837 1.42488480e+01
6597.73867747 -4.96367607e+01
6597.79427657 -3.04742203e+01
6597.84987568 3.34528961e+01
6597.90547478 2.10854874e+01
6597.96107388 2.17351685e+01
6598.01667299 5.04809494e+01
6598.07227209 1.60388947e+00
6598.12787119 7.83841705e+00
6598.18347030 -2.60653915e+01
6598.23906940 -5.22132874e+01
6598.29466850 -7.04702759e+00
6598.35026761 8.15919495e+00
6598.40586671 -1.89858589e+01
6598.46146581 -1.95263481e+01
6598.51706492 3.64542770e+01
6598.57266402 4.92816849e+01
6598.62826312 4.97664642e+00
6598.68386223 1.71495743e+01
6598.73946133 -3.93846207e+01
6598.79506043 1.30082626e+01
6598.85065954 -4.68422318e+00
6598.90625864 3.76737976e+00
6598.96185774 6.80313110e-01
6599.01745685 4.15617371e+00
6599.07305595 2.40730896e+01
6599.12865505 2.76769791e+01
6599.18425416 -1.05653381e+00
6599.23985326 4.56679535e+00
6599.29545236 2.42588272e+01
6599.35105147 4.99425278e+01
6599.40665057 4.34075012e+01
6599.46224967 5.60171509e+00
6599.51784877 -5.85178795e+01
6599.57344788 -3.05541229e+00
6599.62904698 -4.58321075e+01
6599.68464608 2.43663254e+01
6599.74024519 2.43027649e+01
6599.79584429 -3.27554245e+01
6599.85144339 -7.22550049e+01
6599.90704250 1.66657867e+01
6599.96264160 3.03529053e+01
6600.01824070 -1.11686478e+01
6600.07383981 -1.79069824e+01
6600.12943891 3.70603180e+00
6600.18503801 3.66421547e+01
6600.24063712 5.18806458e-01
6600.29623622 3.48721542e+01
6600.35183532 -3.39443054e+01
6600.40743443 5.19537964e+01
6600.46303353 -1.99162292e+00
6600.51863263 2.97815170e+01
6600.57423174 7.16284943e+00
6600.62983084 3.00842896e+01
6600.68542994 2.60887299e+01
6600.74102905 4.77404099e+01
6600.79662815 5.53854218e+01
6600.85222725 7.66819000e+00
6600.90782636 -4.02390442e+01
6600.96342546 2.38754349e+01
6601.01902456 3.74724884e+01
6601.07462367 -1.29951324e+01
6601.13022277 -8.84832001e+00
6601.18582187 -2.67778015e+00
6601.24142097 -1.37752533e+01
6601.29702008 -3.20265465e+01
6601.35261918 1.95945663e+01
6601.40821828 -2.01198578e+00
6601.46381739 -1.89109573e+01
6601.51941649 1.71471024e+01
6601.57501559 4.19066124e+01
