# Rest-frame spectrum generated from: N2500A0001o_1d.fits
# lambda_Ha_obs = 6574.11900000 Angstrom
# lambda_Ha_rest = 6562.80000000 Angstrom
# z_Ha = 1.7247211556e-03
# v_Ha_relativistic = 516.612504 km/s
# v_Ha_classical = 517.058395 km/s
# columns: wavelength_rest[Angstrom] flux_or_counts

6544.86427787 -1.20374365e+01
6544.91987013 -1.20301123e+01
6544.97546239 -1.20374308e+01
6545.03105464 -1.20444508e+01
6545.08664690 -1.20379238e+01
6545.14223916 -1.20374041e+01
6545.19783142 -1.20374231e+01
6545.25342367 -1.20376377e+01
6545.30901593 -1.20366621e+01
6545.36460819 -1.20445356e+01
6545.42020045 -1.20370770e+01
6545.47579271 -1.20378246e+01
6545.53138496 -1.20385075e+01
6545.58697722 -1.20389299e+01
6545.64256948 -1.01349888e+01
6545.69816174 -1.68543816e+01
6545.75375400 -3.62307129e+01
6545.80934625 -2.23540249e+01
6545.86493851 -1.86668777e+00
6545.92053077 -3.33959389e+00
6545.97612303 5.07799911e+00
6546.03171529 2.57776661e+01
6546.08730754 -1.07767029e+01
6546.14289980 6.37344742e+00
6546.19849206 2.35169334e+01
6546.25408432 5.76916504e+00
6546.30967658 5.00144958e-02
6546.36526883 3.94385910e+00
6546.42086109 1.46970921e+01
6546.47645335 9.57150269e+00
6546.53204561 4.35688782e+00
6546.58763786 5.52160263e+00
6546.64323012 -2.52144623e+00
6546.69882238 5.35175705e+01
6546.75441464 2.96757793e+01
6546.81000690 1.09795876e+01
6546.86559915 -1.41020966e+00
6546.92119141 7.81884766e+00
6546.97678367 2.45138550e+01
6547.03237593 -2.37172070e+01
6547.08796819 -6.65487099e+00
6547.14356044 2.32134953e+01
6547.19915270 1.28558884e+01
6547.25474496 7.91633606e+00
6547.31033722 8.23635483e+00
6547.36592948 2.97649078e+01
6547.42152173 1.50802422e+01
6547.47711399 4.30569153e+01
6547.53270625 -1.70684986e+01
6547.58829851 1.89947701e+00
6547.64389076 1.82818680e+01
6547.69948302 3.79388695e+01
6547.75507528 1.16040173e+01
6547.81066754 4.35744095e+01
6547.86625980 5.44954147e+01
6547.92185205 3.07313614e+01
6547.97744431 1.75263519e+01
6548.03303657 1.18395061e+01
6548.08862883 3.17748528e+01
6548.14422109 5.99183426e+01
6548.19981334 5.86997604e+01
6548.25540560 3.01637917e+01
6548.31099786 1.85736771e+01
6548.36659012 2.56532936e+01
6548.42218238 1.89859905e+01
6548.47777463 1.24015350e+01
6548.53336689 1.24600258e+01
6548.58895915 1.80701370e+01
6548.64455141 -2.79990368e+01
6548.70014367 2.46098003e+01
6548.75573592 1.94744663e+01
6548.81132818 -5.02958679e+00
6548.86692044 2.98313103e+01
6548.92251270 2.63443604e+01
6548.97810495 1.43570194e+01
6549.03369721 -7.33077621e+00
6549.08928947 -1.58583584e+01
6549.14488173 2.67118645e+00
6549.20047399 1.78276100e+01
6549.25606624 2.67030907e+00
6549.31165850 2.33299217e+01
6549.36725076 2.62084351e+01
6549.42284302 6.65737915e+00
6549.47843528 -3.30920029e+01
6549.53402753 -1.53539505e+01
6549.58961979 3.01964073e+01
6549.64521205 7.95313263e+00
6549.70080431 -1.94057846e+00
6549.75639657 8.72821617e+00
6549.81198882 1.02764778e+01
6549.86758108 4.93746185e+00
6549.92317334 -2.22944527e+01
6549.97876560 -1.46786118e+00
6550.03435785 -7.10951233e+00
6550.08995011 -1.60457916e+01
6550.14554237 -3.12418938e+00
6550.20113463 9.82182312e+00
6550.25672689 2.57300720e+01
6550.31231914 1.13580399e+01
6550.36791140 1.03502769e+01
6550.42350366 -1.55597935e+01
6550.47909592 1.58839531e+01
6550.53468818 1.44246674e+00
6550.59028043 2.03033829e+00
6550.64587269 5.14083176e+01
6550.70146495 2.20263157e+01
6550.75705721 -2.59029045e+01
6550.81264947 -9.00783730e+00
6550.86824172 -1.60196161e+00
6550.92383398 -1.97747116e+01
6550.97942624 2.05296135e+00
6551.03501850 1.08753242e+01
6551.09061076 2.40988731e+01
6551.14620301 -5.53301163e+01
6551.20179527 2.21211700e+01
6551.25738753 -1.85569763e+00
6551.31297979 -1.88433037e+01
6551.36857204 -2.00765991e+01
6551.42416430 1.11515350e+01
6551.47975656 -1.09051476e+01
6551.53534882 1.37410183e+01
6551.59094108 2.30518131e+01
6551.64653333 -1.40257912e+01
6551.70212559 -7.41350174e+00
6551.75771785 -2.88366890e+00
6551.81331011 9.44844627e+00
6551.86890237 2.73794823e+01
6551.92449462 -9.58550835e+00
6551.98008688 3.46946716e-02
6552.03567914 -3.16254425e+00
6552.09127140 8.66333771e+00
6552.14686366 8.22606087e+00
6552.20245591 3.47218628e+01
6552.25804817 -1.04910088e+01
6552.31364043 3.65549088e+00
6552.36923269 -1.95992641e+01
6552.42482494 1.56516647e+00
6552.48041720 2.67782841e+01
6552.53600946 1.72630711e+01
6552.59160172 9.82109833e+00
6552.64719398 2.70816422e+00
6552.70278623 4.63060760e+00
6552.75837849 3.04334488e+01
6552.81397075 1.41678677e+01
6552.86956301 -1.70470810e+01
6552.92515527 -1.94608955e+01
6552.98074752 3.37676697e+01
6553.03633978 3.46957245e+01
6553.09193204 1.58931103e+01
6553.14752430 7.25951385e+00
6553.20311656 -2.25616684e+01
6553.25870881 2.18348083e+01
6553.31430107 1.49132576e+01
6553.36989333 -1.67670059e+00
6553.42548559 2.25052090e+01
6553.48107785 9.25264359e+00
6553.53667010 2.95092201e+00
6553.59226236 -3.08093643e+00
6553.64785462 1.70957680e+01
6553.70344688 1.69663792e+01
6553.75903913 2.17089996e+01
6553.81463139 -2.51940746e+01
6553.87022365 4.72270012e+00
6553.92581591 2.00911827e+01
6553.98140817 -7.89671707e+00
6554.03700042 1.76657619e+01
6554.09259268 -3.56469955e+01
6554.14818494 4.55603981e+00
6554.20377720 1.24421387e+01
6554.25936946 -1.36474304e+01
6554.31496171 3.12950516e+00
6554.37055397 -3.43171692e+00
6554.42614623 3.68802643e+00
6554.48173849 -4.08012390e-01
6554.53733075 2.58789749e+01
6554.59292300 -1.22838058e+01
6554.64851526 2.11576023e+01
6554.70410752 -1.65456276e+01
6554.75969978 -1.52455273e+01
6554.81529203 1.52940903e+01
6554.87088429 3.92821198e+01
6554.92647655 1.07647133e+01
6554.98206881 -6.90743256e+00
6555.03766107 3.61922226e+01
6555.09325332 4.21199799e+00
6555.14884558 1.20765190e+01
6555.20443784 2.38630276e+01
6555.26003010 2.04929733e+00
6555.31562236 1.17297935e+01
6555.37121461 -8.38066292e+00
6555.42680687 5.38677216e+00
6555.48239913 2.67898788e+01
6555.53799139 1.62358284e+01
6555.59358365 -2.71022625e+01
6555.64917590 5.60138702e-01
6555.70476816 2.11660728e+01
6555.76036042 2.13814354e+00
6555.81595268 2.07560234e+01
6555.87154494 -2.15025959e+01
6555.92713719 -1.78668308e+01
6555.98272945 2.42664719e+00
6556.03832171 1.18630772e+01
6556.09391397 -1.51491070e+01
6556.14950622 3.29253387e+00
6556.20509848 -3.07861328e+00
6556.26069074 -7.69550323e-01
6556.31628300 -1.62275410e+01
6556.37187526 -1.17704773e+01
6556.42746751 1.61010323e+01
6556.48305977 8.77512932e+00
6556.53865203 5.89251995e+00
6556.59424429 9.03632736e+00
6556.64983655 -1.54103355e+01
6556.70542880 3.24440308e+01
6556.76102106 -1.76804695e+01
6556.81661332 2.79062977e+01
6556.87220558 -1.68179302e+01
6556.92779784 -1.17781639e+00
6556.98339009 4.50144958e+00
6557.03898235 5.36888504e+01
6557.09457461 1.05219727e+01
6557.15016687 6.93873596e+00
6557.20575912 1.22532501e+01
6557.26135138 -1.56993561e+01
6557.31694364 -2.72794151e+01
6557.37253590 4.25281906e+00
6557.42812816 2.91077538e+01
6557.48372041 1.21979141e+00
6557.53931267 -2.87989998e+01
6557.59490493 -1.90244160e+01
6557.65049719 1.44173431e+00
6557.70608945 5.49274063e+00
6557.76168170 4.39893570e+01
6557.81727396 2.58537750e+01
6557.87286622 -5.59610367e+00
6557.92845848 -3.25976257e+01
6557.98405074 -3.79899406e+00
6558.03964299 -5.53754997e+00
6558.09523525 1.68836269e+01
6558.15082751 1.30056419e+01
6558.20641977 1.44514446e+01
6558.26201203 1.21137619e+00
6558.31760428 -9.07828140e+00
6558.37319654 8.47559738e+00
6558.42878880 2.17985420e+01
6558.48438106 1.83145409e+01
6558.53997331 2.88224220e+00
6558.59556557 -2.89797401e+00
6558.65115783 -5.53165245e+00
6558.70675009 1.15940437e+01
6558.76234235 2.11517582e+01
6558.81793460 1.44001331e+01
6558.87352686 -1.77501678e-01
6558.92911912 -8.87390327e+00
6558.98471138 -1.06226807e+01
6559.04030364 3.73889160e+00
6559.09589589 2.53275795e+01
6559.15148815 -3.77412987e+00
6559.20708041 3.73593903e+00
6559.26267267 7.07612991e+00
6559.31826493 2.11319199e+01
6559.37385718 2.98888149e+01
6559.42944944 1.74231834e+01
6559.48504170 8.38299942e+00
6559.54063396 -1.60108128e+01
6559.59622621 4.70388603e+00
6559.65181847 1.15542984e+00
6559.70741073 2.31761932e-02
6559.76300299 -1.80179424e+01
6559.81859525 -1.29079971e+01
6559.87418750 -4.46398544e+00
6559.92977976 -3.06977081e+00
6559.98537202 8.86810303e+00
6560.04096428 1.02607365e+01
6560.09655654 1.43929615e+01
6560.15214879 1.49279060e+01
6560.20774105 -2.65178032e+01
6560.26333331 1.10574131e+01
6560.31892557 -8.12833786e+00
6560.37451783 1.12512589e-01
6560.43011008 1.50259209e+01
6560.48570234 8.23732567e+00
6560.54129460 -3.07487640e+01
6560.59688686 1.40560532e+00
6560.65247912 -3.65597534e+00
6560.70807137 2.25933075e+01
6560.76366363 1.05915260e+01
6560.81925589 -5.87557220e+00
6560.87484815 -2.40462875e+00
6560.93044040 2.15012093e+01
6560.98603266 9.08304596e+00
6561.04162492 2.51237850e+01
6561.09721718 6.01165581e+00
6561.15280944 1.28007927e+01
6561.20840169 1.46293659e+01
6561.26399395 -8.53527832e+00
6561.31958621 1.93200150e+01
6561.37517847 -1.73397408e+01
6561.43077073 3.58826599e+01
6561.48636298 5.38147011e+01
6561.54195524 2.41896477e+01
6561.59754750 4.73284645e+01
6561.65313976 2.40986481e+01
6561.70873202 2.56016197e+01
6561.76432427 1.09802132e+01
6561.81991653 6.50482407e+01
6561.87550879 6.10384674e+01
6561.93110105 1.03436401e+02
6561.98669331 1.30082199e+02
6562.04228556 1.22173370e+02
6562.09787782 1.18809540e+02
6562.15347008 1.62849594e+02
6562.20906234 1.88273499e+02
6562.26465459 1.82500519e+02
6562.32024685 2.65135437e+02
6562.37583911 2.99140686e+02
6562.43143137 3.38649323e+02
6562.48702363 3.61579559e+02
6562.54261588 4.04204285e+02
6562.59820814 4.84307343e+02
6562.65380040 5.08692780e+02
6562.70939266 5.21414490e+02
6562.76498492 5.18348450e+02
6562.82057717 5.38400024e+02
6562.87616943 5.19687378e+02
6562.93176169 4.72882965e+02
6562.98735395 4.53393677e+02
6563.04294621 4.19691895e+02
6563.09853846 3.73884033e+02
6563.15413072 3.44819000e+02
6563.20972298 3.59319153e+02
6563.26531524 2.62225891e+02
6563.32090749 2.11118942e+02
6563.37649975 2.33570404e+02
6563.43209201 1.80941833e+02
6563.48768427 1.27347763e+02
6563.54327653 1.05830200e+02
6563.59886878 1.07184738e+02
6563.65446104 7.84157562e+01
6563.71005330 5.55387039e+01
6563.76564556 5.12648354e+01
6563.82123782 2.51073112e+01
6563.87683007 4.03690338e+01
6563.93242233 2.12228622e+01
6563.98801459 3.30346603e+01
6564.04360685 3.14706402e+01
6564.09919911 1.44842205e+01
6564.15479136 4.35358047e+00
6564.21038362 -2.35687847e+01
6564.26597588 -4.33931541e+00
6564.32156814 1.41161041e+01
6564.37716040 -3.02895222e+01
6564.43275265 8.77120590e+00
6564.48834491 -2.77002716e+00
6564.54393717 -8.07351303e+00
6564.59952943 5.89701462e+00
6564.65512168 3.38024673e+01
6564.71071394 1.88808498e+01
6564.76630620 1.19319954e+01
6564.82189846 4.10704041e+00
6564.87749072 1.19815750e+01
6564.93308297 -1.41684418e+01
6564.98867523 -1.49832973e+01
6565.04426749 3.44002724e+00
6565.09985975 -5.72795486e+00
6565.15545201 1.19959259e+01
6565.21104426 2.45181789e+01
6565.26663652 -9.07582664e+00
6565.32222878 -1.65503044e+01
6565.37782104 1.84774971e+01
6565.43341330 -1.07293358e+01
6565.48900555 1.68006935e+01
6565.54459781 -1.66001015e+01
6565.60019007 1.56168289e+01
6565.65578233 2.89338398e+01
6565.71137458 -1.06585960e+01
6565.76696684 -2.72198486e+00
6565.82255910 2.88117294e+01
6565.87815136 1.94756699e+00
6565.93374362 6.72867584e+00
6565.98933587 3.15242958e+01
6566.04492813 -1.82191010e+01
6566.10052039 -2.22993507e+01
6566.15611265 4.84218597e+00
6566.21170491 -1.08442936e+01
6566.26729716 -2.77424011e+01
6566.32288942 2.93826485e+00
6566.37848168 -1.32743340e+01
6566.43407394 1.73332024e+01
6566.48966620 -3.64102554e+00
6566.54525845 2.21217308e+01
6566.60085071 -1.86414719e+00
6566.65644297 -3.15478897e+00
6566.71203523 1.22558212e+00
6566.76762749 1.43694763e+01
6566.82321974 -2.31262302e+01
6566.87881200 1.65891647e+00
6566.93440426 -6.57948112e+00
6566.98999652 -1.38432045e+01
6567.04558877 1.46470051e+01
6567.10118103 -3.92949295e+00
6567.15677329 2.23686562e+01
6567.21236555 -1.60892696e+01
6567.26795781 -1.25933466e+01
6567.32355006 4.04371948e+01
6567.37914232 3.16176167e+01
6567.43473458 2.31539440e+01
6567.49032684 3.62426987e+01
6567.54591910 1.20339661e+01
6567.60151135 -1.40159655e+01
6567.65710361 1.25707626e-01
6567.71269587 2.60368271e+01
6567.76828813 1.41442947e+01
6567.82388039 -1.24906693e+01
6567.87947264 1.22265663e+01
6567.93506490 1.44089146e+01
6567.99065716 5.10936356e+00
6568.04624942 -1.39496346e+01
6568.10184167 -5.52334213e+00
6568.15743393 1.44862747e+01
6568.21302619 1.56894932e+01
6568.26861845 -1.27764397e+01
6568.32421071 -2.43366833e+01
6568.37980296 -1.48752270e+01
6568.43539522 1.82647972e+01
6568.49098748 -6.89756012e+00
6568.54657974 -1.42953463e+01
6568.60217200 1.23089962e+01
6568.65776425 -3.00722847e+01
6568.71335651 -3.60157585e+01
6568.76894877 8.41176605e+00
6568.82454103 -1.95403576e+01
6568.88013329 5.49999237e-01
6568.93572554 -1.57694969e+01
6568.99131780 3.15040588e+00
6569.04691006 3.43977814e+01
6569.10250232 4.90164719e+01
6569.15809458 2.88213348e+01
6569.21368683 5.32285690e-01
6569.26927909 -9.12160492e+00
6569.32487135 1.21641483e+01
6569.38046361 5.28899956e+00
6569.43605586 -1.71835060e+01
6569.49164812 1.62790604e+01
6569.54724038 -9.81629562e+00
6569.60283264 1.62886639e+01
6569.65842490 4.08883286e+00
6569.71401715 5.11079407e+00
6569.76960941 -1.86487198e+00
6569.82520167 -2.98548241e+01
6569.88079393 -8.98053741e+00
6569.93638619 -4.68927193e+00
6569.99197844 -3.63637695e+01
6570.04757070 1.02589798e+01
6570.10316296 4.40617027e+01
6570.15875522 -1.61182919e+01
6570.21434748 -6.34187508e+00
6570.26993973 -6.56810188e+00
6570.32553199 -1.01038437e+01
6570.38112425 1.78190575e+01
6570.43671651 1.06185913e+00
6570.49230876 1.75624657e+01
6570.54790102 2.74621811e+01
6570.60349328 -7.67589569e-01
6570.65908554 1.26894016e+01
6570.71467780 2.59521255e+01
6570.77027005 3.07378578e+00
6570.82586231 6.16846848e+00
6570.88145457 -6.39891434e+00
6570.93704683 4.61916351e+00
6570.99263909 -1.48585148e+01
6571.04823134 -4.46873665e+00
6571.10382360 9.57547188e+00
6571.15941586 1.99077778e+01
6571.21500812 -1.09979801e+01
6571.27060038 4.77869606e+00
6571.32619263 -2.67755127e+00
6571.38178489 5.90011597e+00
6571.43737715 -3.40346527e+00
6571.49296941 2.77097435e+01
6571.54856167 5.84749031e+00
6571.60415392 -4.76129150e+00
6571.65974618 1.08003654e+01
6571.71533844 4.58164215e-02
6571.77093070 1.18577728e+01
6571.82652295 -2.19645920e+01
6571.88211521 -2.51222229e+00
6571.93770747 2.50274658e+00
6571.99329973 -1.43813114e+01
6572.04889199 -8.12072754e-01
6572.10448424 1.33053780e+01
6572.16007650 6.95094681e+00
6572.21566876 -1.70944519e+01
6572.27126102 4.05648804e+00
6572.32685328 3.49182129e+00
6572.38244553 2.09249115e+01
6572.43803779 1.34291344e+01
6572.49363005 1.53195877e+01
6572.54922231 1.34689941e+01
6572.60481457 -4.55756454e+01
6572.66040682 2.10785408e+01
6572.71599908 -6.87421417e+00
6572.77159134 -2.10882130e+01
6572.82718360 -1.83966446e+00
6572.88277585 -1.32900848e+01
6572.93836811 2.81347008e+01
6572.99396037 -1.05884819e+01
6573.04955263 1.58300438e+01
6573.10514489 2.03669109e+01
6573.16073714 8.58685684e+00
6573.21632940 4.01819992e+00
6573.27192166 9.57241058e+00
6573.32751392 6.94157791e+00
6573.38310618 4.26311493e-02
6573.43869843 -5.43842316e-01
6573.49429069 -1.90540485e+01
6573.54988295 -1.56428070e+01
6573.60547521 -8.88150024e+00
6573.66106747 -2.71487617e+01
6573.71665972 -1.20955791e+01
6573.77225198 -1.89206009e+01
6573.82784424 3.98312187e+00
6573.88343650 9.91475296e+00
6573.93902876 -2.15295696e+01
6573.99462101 -8.51483345e+00
6574.05021327 -9.81594849e+00
6574.10580553 2.77818680e+00
6574.16139779 3.23624649e+01
6574.21699004 2.60153198e+00
6574.27258230 -1.12621651e+01
6574.32817456 6.15759277e+00
6574.38376682 -5.70316315e-01
6574.43935908 5.37508202e+00
6574.49495133 -2.43918419e+00
6574.55054359 -6.12947998e+01
6574.60613585 -7.85579681e-01
6574.66172811 -5.22361107e+01
6574.71732037 1.89538136e+01
6574.77291262 1.93378525e+01
6574.82850488 -2.38162956e+01
6574.88409714 1.04180737e+01
6574.93968940 1.91219139e+01
6574.99528166 -8.11652374e+00
6575.05087391 2.50351868e+01
6575.10646617 -1.51555824e+00
6575.16205843 2.44607830e+01
6575.21765069 -7.34860611e+00
6575.27324295 3.42066841e+01
6575.32883520 -2.86458149e+01
6575.38442746 -1.90373631e+01
6575.44001972 3.36549606e+01
6575.49561198 1.52940502e+01
6575.55120423 8.83991623e+00
6575.60679649 -1.26449013e+00
6575.66238875 -2.15737000e+01
6575.71798101 -4.43605042e+00
6575.77357327 -4.36736488e+00
6575.82916552 3.25126419e+01
6575.88475778 2.03736267e+01
6575.94035004 3.10879822e+01
6575.99594230 -1.71519699e+01
6576.05153456 -1.92382565e+01
6576.10712681 7.04051590e+00
6576.16271907 -2.89337044e+01
6576.21831133 -9.75585175e+00
6576.27390359 -1.92117920e+01
6576.32949585 -7.47834778e+00
6576.38508810 2.03317223e+01
6576.44068036 4.94422913e-02
6576.49627262 -6.47633553e+00
6576.55186488 -1.37309837e+01
6576.60745713 -3.87460327e+00
6576.66304939 1.61486816e+01
6576.71864165 1.39519806e+01
6576.77423391 2.07146358e+01
6576.82982617 -1.37455826e+01
6576.88541842 -1.95801888e+01
6576.94101068 -1.37732430e+01
6576.99660294 -3.54628754e+00
6577.05219520 1.99316406e+01
6577.10778746 3.95900154e+00
6577.16337971 1.85172310e+01
6577.21897197 9.77097321e+00
6577.27456423 1.55213089e+01
6577.33015649 7.28710175e-01
6577.38574875 -5.54064369e+00
6577.44134100 1.64028435e+01
6577.49693326 1.71543388e+01
6577.55252552 -9.33358574e+00
6577.60811778 1.77735577e+01
6577.66371004 3.18682098e+00
6577.71930229 -4.82955933e+00
6577.77489455 -2.47233276e+01
6577.83048681 6.74035263e+00
6577.88607907 2.46485195e+01
6577.94167132 2.11472225e+01
6577.99726358 -1.99959602e+01
6578.05285584 4.26624298e-01
6578.10844810 1.28729210e+01
6578.16404036 -1.01117706e+00
6578.21963261 -2.30265045e+00
6578.27522487 1.15362930e+00
6578.33081713 2.60680771e+01
6578.38640939 2.90678616e+01
6578.44200165 -4.74876404e+00
6578.49759390 1.29941730e+01
6578.55318616 9.61107826e+00
6578.60877842 2.92343063e+01
6578.66437068 2.54759693e+01
6578.71996294 6.36251831e+00
6578.77555519 -1.69399261e-01
6578.83114745 1.51013107e+01
6578.88673971 6.15745926e+00
6578.94233197 7.02998734e+00
6578.99792422 2.49626884e+01
6579.05351648 -3.19267654e+00
6579.10910874 -1.37163925e+00
6579.16470100 -1.42755165e+01
6579.22029326 -4.17106361e+01
6579.27588551 1.74683952e+01
6579.33147777 -1.02856827e+01
6579.38707003 -6.91869354e+00
6579.44266229 -2.09672642e+01
6579.49825455 2.20136452e+00
6579.55384680 9.03484344e-01
6579.60943906 -2.17954445e+00
6579.66503132 1.45767365e+01
6579.72062358 -1.34815598e+00
6579.77621584 -9.84780502e+00
6579.83180809 1.37734833e+01
6579.88740035 9.25575256e-01
6579.94299261 -8.62709045e-01
6579.99858487 9.68256760e+00
6580.05417713 2.11630592e+01
6580.10976938 -2.52805710e+01
6580.16536164 6.22692871e+00
6580.22095390 5.99105835e+00
6580.27654616 5.23663712e+00
6580.33213841 8.24890137e-02
6580.38773067 3.66042442e+01
6580.44332293 -2.50428257e+01
6580.49891519 6.58160019e+00
6580.55450745 2.92783699e+01
6580.61009970 7.97312737e+00
6580.66569196 -9.99650955e-01
6580.72128422 -7.66370010e+00
6580.77687648 -3.54720612e+01
6580.83246874 -7.36425400e+00
6580.88806099 -2.04019508e+01
6580.94365325 -9.58293152e+00
6580.99924551 -2.18769341e+01
6581.05483777 -1.49879818e+01
6581.11043003 -7.16322708e+00
6581.16602228 -1.13066216e+01
6581.22161454 3.48457527e+01
6581.27720680 1.79503441e+01
6581.33279906 -2.69970703e+00
6581.38839131 -6.55639839e+00
6581.44398357 -1.40135155e+01
6581.49957583 9.85994339e+00
6581.55516809 2.48914719e-01
6581.61076035 2.35631180e+00
6581.66635260 -5.61153984e+00
6581.72194486 5.77737045e+00
6581.77753712 -8.43667984e+00
6581.83312938 8.28701019e+00
6581.88872164 8.24402237e+00
6581.94431389 2.03781300e+01
6581.99990615 1.08389816e+01
6582.05549841 -5.00508499e+00
6582.11109067 4.36422348e+00
6582.16668293 -1.37332535e+00
6582.22227518 -6.98200417e+00
6582.27786744 -1.41937332e+01
6582.33345970 -4.88717651e+00
6582.38905196 2.14207573e+01
6582.44464422 1.76919384e+01
6582.50023647 1.30614700e+01
6582.55582873 8.51240730e+00
6582.61142099 -8.00105286e+00
6582.66701325 4.09187698e+00
6582.72260550 2.33204136e+01
6582.77819776 -1.60827065e+00
6582.83379002 7.90109444e+00
6582.88938228 3.61663322e+01
6582.94497454 6.26519394e+00
6583.00056679 -8.46932602e+00
6583.05615905 3.82278748e+01
6583.11175131 3.23519211e+01
6583.16734357 6.91365891e+01
6583.22293583 5.60324478e+01
6583.27852808 2.99607277e+01
6583.33412034 6.92864075e+01
6583.38971260 7.38465576e+01
6583.44530486 6.48942261e+01
6583.50089712 8.11701431e+01
6583.55648937 8.87833710e+01
6583.61208163 5.25586433e+01
6583.66767389 4.68070335e+01
6583.72326615 1.90965004e+01
6583.77885840 3.60378609e+01
6583.83445066 4.31232071e+01
6583.89004292 2.02688637e+01
6583.94563518 1.84359055e+01
6584.00122744 1.82078018e+01
6584.05681969 4.02151375e+01
6584.11241195 1.94654846e+01
6584.16800421 -1.28199005e+00
6584.22359647 1.84956665e+01
6584.27918873 5.53994370e+00
6584.33478098 1.12848053e+01
6584.39037324 -7.12956810e+00
6584.44596550 -1.02986145e+01
6584.50155776 -2.27956543e+01
6584.55715002 1.84579582e+01
6584.61274227 1.50688553e+00
6584.66833453 -4.19686890e+00
6584.72392679 -3.41509247e+00
6584.77951905 7.74147034e+00
6584.83511131 1.08235321e+01
6584.89070356 2.11118851e+01
6584.94629582 1.93639812e+01
6585.00188808 -8.22473526e+00
6585.05748034 2.38613892e+00
6585.11307259 2.77484512e+00
6585.16866485 -6.16056061e+00
6585.22425711 8.22518158e+00
6585.27984937 2.12054214e+01
6585.33544163 1.58146896e+01
6585.39103388 3.64998779e+01
6585.44662614 -6.42816162e+00
6585.50221840 1.31406326e+01
6585.55781066 -3.10721970e+01
6585.61340292 -2.14349194e+01
6585.66899517 -7.42078018e+00
6585.72458743 -7.98772621e+00
6585.78017969 3.28969955e-01
6585.83577195 -2.05349579e+01
6585.89136421 5.31355476e+00
6585.94695646 8.49607849e+00
6586.00254872 -1.83050003e+01
6586.05814098 5.03843689e+00
6586.11373324 5.63144684e+00
6586.16932549 -5.81328201e+00
6586.22491775 -1.11267872e+01
6586.28051001 1.58424587e+01
6586.33610227 1.00003853e+01
6586.39169453 -1.95129356e+01
6586.44728678 5.33496857e+00
6586.50287904 1.59990349e+01
6586.55847130 -2.41565323e+00
6586.61406356 2.35500469e+01
6586.66965582 1.41224594e+01
6586.72524807 4.33513641e+00
6586.78084033 6.47769165e+00
6586.83643259 1.53407631e+01
6586.89202485 3.32432556e+00
6586.94761711 8.63626480e+00
6587.00320936 6.67264748e+00
6587.05880162 -2.03631554e+01
6587.11439388 1.89774857e+01
6587.16998614 1.49632607e+01
6587.22557840 -7.49752426e+00
6587.28117065 -7.16185570e+00
6587.33676291 1.67416897e+01
6587.39235517 5.75824165e+00
6587.44794743 2.01620445e+01
6587.50353968 -9.93070984e+00
6587.55913194 -1.65350876e+01
6587.61472420 5.33905792e+00
6587.67031646 -8.42100525e+00
6587.72590872 -9.09909439e+00
6587.78150097 -3.63539505e+01
6587.83709323 -4.20558167e+00
6587.89268549 1.56364632e+01
6587.94827775 3.20512009e+00
6588.00387001 -6.62108040e+00
6588.05946226 -4.25290070e+01
6588.11505452 -2.12858925e+01
6588.17064678 -2.64187469e+01
6588.22623904 2.11460304e+01
6588.28183130 1.63698463e+01
6588.33742355 -9.11192894e+00
6588.39301581 5.24734688e+00
6588.44860807 -2.99830704e+01
6588.50420033 -8.98683929e+00
6588.55979259 9.35502625e+00
6588.61538484 -3.26968346e+01
6588.67097710 -3.25516891e+00
6588.72656936 7.99263382e+00
6588.78216162 -1.40638542e+01
6588.83775387 3.13035202e+00
6588.89334613 2.90020199e+01
6588.94893839 -7.10564041e+00
6589.00453065 -1.20147648e+01
6589.06012291 2.22246075e+01
6589.11571516 -1.37257385e+00
6589.17130742 2.56581383e+01
6589.22689968 -1.78573208e+01
6589.28249194 6.87089539e+00
6589.33808420 -1.39857712e+01
6589.39367645 7.03531647e+00
6589.44926871 -1.52430725e+00
6589.50486097 7.69480896e+00
6589.56045323 6.55284882e+00
6589.61604549 4.02425766e+00
6589.67163774 1.42334080e+01
6589.72723000 -6.45159721e+00
6589.78282226 2.49464626e+01
6589.83841452 4.08830261e+00
6589.89400677 -1.38604794e+01
6589.94959903 2.96209888e+01
6590.00519129 1.06742058e+01
6590.06078355 2.79546566e+01
6590.11637581 2.09439411e+01
6590.17196806 -8.28119469e+00
6590.22756032 -3.21773529e-01
6590.28315258 1.57564697e+01
6590.33874484 1.44168339e+01
6590.39433710 1.71734943e+01
6590.44992935 -3.43847275e+00
6590.50552161 8.18255806e+00
6590.56111387 -3.22215652e+00
6590.61670613 6.42106438e+00
6590.67229839 -8.65832901e+00
6590.72789064 -2.38287811e+01
6590.78348290 4.66976547e+00
6590.83907516 3.05606766e+01
6590.89466742 -5.45300102e+00
6590.95025968 5.19963074e+00
6591.00585193 -4.09946823e+00
6591.06144419 8.60347366e+00
6591.11703645 4.17082596e+00
6591.17262871 -7.09397316e+00
6591.22822096 -1.63227253e+01
6591.28381322 -1.08295803e+01
6591.33940548 1.87215290e+01
6591.39499774 -8.01579285e+00
6591.45059000 1.93008194e+01
6591.50618225 -9.01239777e+00
6591.56177451 -1.95508194e+00
6591.61736677 2.10339432e+01
6591.67295903 -2.61746178e+01
6591.72855129 -2.32581520e+01
6591.78414354 2.10393257e+01
6591.83973580 2.61443806e+01
6591.89532806 -1.40529518e+01
6591.95092032 2.07855606e+00
6592.00651258 3.37356110e+01
6592.06210483 -1.92440910e+01
6592.11769709 1.15161057e+01
6592.17328935 -2.10134087e+01
6592.22888161 -2.12889042e+01
6592.28447386 -3.34164772e+01
6592.34006612 -8.12886810e+00
6592.39565838 -1.45795059e+01
6592.45125064 1.33918190e+01
6592.50684290 2.75317383e+01
6592.56243515 1.62025986e+01
6592.61802741 8.08318329e+00
6592.67361967 1.65962181e+01
6592.72921193 5.67539978e+00
6592.78480419 -5.05072784e+00
6592.84039644 1.18305283e+01
6592.89598870 2.00596008e+01
6592.95158096 -1.45733376e+01
6593.00717322 2.23558693e+01
6593.06276548 1.28582954e+00
6593.11835773 5.00501938e+01
6593.17394999 -5.88983917e+00
6593.22954225 -1.35212936e+01
6593.28513451 8.50501442e+00
6593.34072677 -1.88660240e+00
6593.39631902 3.29051208e+00
6593.45191128 1.95719719e+00
6593.50750354 -7.34971619e+00
6593.56309580 2.66373920e+01
6593.61868805 -2.11811447e+00
6593.67428031 1.63323059e+01
6593.72987257 1.19902420e+00
6593.78546483 1.70332317e+01
6593.84105709 6.78202438e+00
6593.89664934 3.36258545e+01
6593.95224160 -1.35776405e+01
6594.00783386 1.52301254e+01
6594.06342612 1.17044582e+01
6594.11901838 -6.66031265e+00
6594.17461063 -8.20325089e+00
6594.23020289 -9.10992432e+00
6594.28579515 2.67263470e+01
6594.34138741 -1.56864548e+00
6594.39697967 -3.10043373e+01
6594.45257192 1.48437958e+01
6594.50816418 1.95233440e+01
6594.56375644 -1.53095808e+01
6594.61934870 7.08269882e+00
6594.67494095 3.91723633e+00
6594.73053321 -6.81757736e+00
6594.78612547 -9.86963081e+00
6594.84171773 1.45017357e+01
6594.89730999 -4.20974350e+00
6594.95290224 2.55189056e+01
6595.00849450 -8.29681015e+00
6595.06408676 2.82623291e+00
6595.11967902 -1.05702782e+01
6595.17527128 -1.52869396e+01
6595.23086353 -3.91505241e+00
6595.28645579 -6.27462959e+00
6595.34204805 -8.05752563e+00
6595.39764031 2.21944141e+01
6595.45323257 2.04427910e+01
6595.50882482 2.44849548e+01
6595.56441708 7.41099167e+00
6595.62000934 -8.11870575e+00
6595.67560160 -3.07110043e+01
6595.73119386 -1.25613441e+01
6595.78678611 1.96681976e-01
6595.84237837 5.18784904e+00
6595.89797063 -2.17197418e-01
6595.95356289 -2.55207062e-01
6596.00915514 1.28555641e+01
6596.06474740 -1.47443161e+01
6596.12033966 -2.95100403e+00
6596.17593192 1.89874077e+01
6596.23152418 2.39696999e+01
6596.28711643 5.59633636e+00
6596.34270869 1.92038879e+01
6596.39830095 -2.94304771e+01
6596.45389321 2.19935608e+00
6596.50948547 -1.11225214e+01
6596.56507772 -1.88249226e+01
6596.62066998 -1.82133865e+00
6596.67626224 4.01493073e+00
6596.73185450 -1.96054783e+01
6596.78744676 2.32432709e+01
6596.84303901 1.42177048e+01
6596.89863127 4.41625977e+00
6596.95422353 -2.80960655e+00
6597.00981579 -4.26937103e-01
6597.06540804 2.34668331e+01
6597.12100030 4.22872162e+00
6597.17659256 8.13519669e+00
6597.23218482 1.19961948e+01
6597.28777708 1.67489052e+00
6597.34336933 3.25574036e+01
6597.39896159 1.50361404e+01
6597.45455385 8.95376396e+00
6597.51014611 -1.41272221e+01
6597.56573837 -4.03289604e+00
6597.62133062 3.10099983e+00
6597.67692288 8.37687874e+00
6597.73251514 1.09631157e+01
6597.78810740 5.86493874e+00
6597.84369966 1.16540718e+00
6597.89929191 7.86520767e+00
6597.95488417 -8.18041229e+00
6598.01047643 5.68303871e+00
6598.06606869 -1.57528906e+01
6598.12166095 4.56047058e+00
6598.17725320 -2.80299797e+01
6598.23284546 4.10707474e-01
6598.28843772 -1.99441662e+01
6598.34402998 -1.90605888e+01
6598.39962223 -1.13951492e+01
6598.45521449 3.57695503e+01
6598.51080675 -4.48409462e+00
6598.56639901 8.07633591e+00
6598.62199127 1.30579205e+01
6598.67758352 -1.39284115e+01
6598.73317578 3.27602348e+01
6598.78876804 9.78079605e+00
6598.84436030 1.47521744e+01
6598.89995256 3.91834068e+00
6598.95554481 3.30600357e+01
6599.01113707 4.78243713e+01
6599.06672933 -2.85729141e+01
6599.12232159 -1.53583221e+01
6599.17791385 -3.44785156e+01
6599.23350610 6.80694580e-02
6599.28909836 1.55805588e+01
6599.34469062 2.07302189e+01
6599.40028288 1.23071709e+01
6599.45587513 1.45320644e+01
6599.51146739 1.15000534e+00
6599.56705965 2.25511322e+01
6599.62265191 -5.28133392e-01
6599.67824417 -7.48523712e-01
6599.73383642 4.41698265e+00
6599.78942868 7.37096024e+00
6599.84502094 -2.63380642e+01
6599.90061320 1.48352470e+01
6599.95620546 -7.62172699e-01
6600.01179771 4.80403900e+00
6600.06738997 -1.12506104e+01
6600.12298223 -1.06323948e+01
6600.17857449 1.42681274e+01
6600.23416675 -1.97017403e+01
6600.28975900 -1.45429659e+01
6600.34535126 -3.77990532e+00
6600.40094352 2.19127274e+00
6600.45653578 3.29568863e+00
6600.51212804 -6.33242989e+00
6600.56772029 1.43458214e+01
6600.62331255 6.69911385e+00
6600.67890481 9.12586212e+00
6600.73449707 7.57213211e+00
6600.79008932 1.94564209e+01
6600.84568158 2.07982941e+01
6600.90127384 -1.46935997e+01
6600.95686610 3.56974602e+01
6601.01245836 1.71849918e+01
6601.06805061 1.00452576e+01
6601.12364287 -1.27834263e+01
6601.17923513 -1.26027641e+01
6601.23482739 1.33904076e+01
