# Rest-frame spectrum generated from: N2500B0001o_1d.fits
# lambda_Ha_obs = 6575.74500000 Angstrom
# lambda_Ha_rest = 6562.80000000 Angstrom
# z_Ha = 1.9724812580e-03
# v_Ha_relativistic = 590.751807 km/s
# v_Ha_classical = 591.335005 km/s
# columns: wavelength_rest[Angstrom] flux_or_counts

6543.31998646 7.15918732e+00
6543.37555728 7.15921021e+00
6543.43112811 7.15933609e+00
6543.48669893 7.15904617e+00
6543.54226975 7.15895462e+00
6543.59784058 7.15898514e+00
6543.65341140 7.15949249e+00
6543.70898222 7.15888977e+00
6543.76455304 7.15886307e+00
6543.82012387 7.15908051e+00
6543.87569469 7.15897369e+00
6543.93126551 7.16038513e+00
6543.98683633 7.15866852e+00
6544.04240716 7.15914536e+00
6544.09797798 7.15864563e+00
6544.15354880 3.49510193e-01
6544.20911963 5.08065033e+00
6544.26469045 1.11566582e+01
6544.32026127 -1.48299789e+01
6544.37583209 -2.74981689e+00
6544.43140292 1.29269028e+01
6544.48697374 9.47188187e+00
6544.54254456 3.30974884e+01
6544.59811538 -3.03910828e+00
6544.65368621 3.78773689e+00
6544.70925703 -2.14051933e+01
6544.76482785 8.85866547e+00
6544.82039868 3.20680008e+01
6544.87596950 2.75133514e+01
6544.93154032 -9.60293961e+00
6544.98711114 -1.67382908e+01
6545.04268197 8.33181953e+00
6545.09825279 -9.85017014e+00
6545.15382361 2.64804459e+00
6545.20939443 2.20648613e+01
6545.26496526 -3.81893539e+00
6545.32053608 -1.77583694e+00
6545.37610690 -2.07283325e+01
6545.43167773 1.27166748e-01
6545.48724855 3.55637169e+00
6545.54281937 5.35441208e+00
6545.59839019 -1.53564644e+01
6545.65396102 2.09663773e+00
6545.70953184 -6.65838623e+00
6545.76510266 2.95458412e+01
6545.82067349 -6.75452995e+00
6545.87624431 -2.40217972e+00
6545.93181513 1.57316895e+01
6545.98738595 6.87926483e+00
6546.04295678 2.77033653e+01
6546.09852760 -3.59208145e+01
6546.15409842 1.72501335e+01
6546.20966924 1.35991364e+01
6546.26524007 1.13604317e+01
6546.32081089 1.76697159e+00
6546.37638171 4.09918823e+01
6546.43195254 -1.42205925e+01
6546.48752336 -1.64980583e+01
6546.54309418 3.13295441e+01
6546.59866500 2.24226036e+01
6546.65423583 3.03868294e+01
6546.70980665 1.69201164e+01
6546.76537747 1.69995728e+01
6546.82094829 -1.61269379e+01
6546.87651912 -2.80994415e-01
6546.93208994 -8.53800583e+00
6546.98766076 2.32391891e+01
6547.04323159 2.45617619e+01
6547.09880241 -3.10866165e+00
6547.15437323 2.47113495e+01
6547.20994405 -2.21061230e+01
6547.26551488 2.05816765e+01
6547.32108570 -4.17534637e+00
6547.37665652 -3.23665161e+01
6547.43222734 2.31036491e+01
6547.48779817 2.93369141e+01
6547.54336899 1.64741974e+01
6547.59893981 2.84522629e+00
6547.65451064 -8.81720734e+00
6547.71008146 2.76258774e+01
6547.76565228 -4.07719040e+00
6547.82122310 3.42986679e+00
6547.87679393 1.29183617e+01
6547.93236475 2.40938606e+01
6547.98793557 2.86014023e+01
6548.04350639 4.87235870e+01
6548.09907722 -1.89590302e+01
6548.15464804 1.76230125e+01
6548.21021886 5.76340485e+00
6548.26578969 2.01775932e+01
6548.32136051 -1.50960922e+00
6548.37693133 3.95062561e+01
6548.43250215 2.75448189e+01
6548.48807298 4.47142334e+01
6548.54364380 3.38874550e+01
6548.59921462 4.04346466e+01
6548.65478545 2.70994453e+01
6548.71035627 1.63142357e+01
6548.76592709 2.76403732e+01
6548.82149791 -2.33602028e+01
6548.87706874 -3.76592102e+01
6548.93263956 1.29763222e+01
6548.98821038 8.77069092e+00
6549.04378120 1.80138397e+00
6549.09935203 4.33358765e+00
6549.15492285 4.99090195e+01
6549.21049367 9.95257568e+00
6549.26606450 -1.00007591e+01
6549.32163532 4.05354080e+01
6549.37720614 3.75383492e+01
6549.43277696 1.69059296e+01
6549.48834779 1.30924492e+01
6549.54391861 -8.00054169e+00
6549.59948943 -1.33983383e+01
6549.65506025 4.00746994e+01
6549.71063108 3.83499146e+00
6549.76620190 4.80870819e+00
6549.82177272 3.55783844e+01
6549.87734355 -2.38914490e+01
6549.93291437 3.96059036e+00
6549.98848519 1.33891258e+01
6550.04405601 3.07576523e+01
6550.09962684 2.97218666e+01
6550.15519766 2.18278790e+01
6550.21076848 6.19996643e+00
6550.26633930 6.58626556e-01
6550.32191013 -2.54047012e+00
6550.37748095 4.09110260e+00
6550.43305177 5.63012886e+01
6550.48862260 2.30040207e+01
6550.54419342 -6.82382202e+00
6550.59976424 -2.40513306e+01
6550.65533506 -1.16413403e+01
6550.71090589 -1.84819527e+01
6550.76647671 1.02267380e+01
6550.82204753 5.61330795e+00
6550.87761835 -5.19584656e+00
6550.93318918 1.66804352e+01
6550.98876000 2.16938381e+01
6551.04433082 1.21048374e+01
6551.09990165 3.09945717e+01
6551.15547247 2.53732147e+01
6551.21104329 -1.06471939e+01
6551.26661411 -7.62534332e+00
6551.32218494 -6.51350403e+00
6551.37775576 1.60500069e+01
6551.43332658 2.53590851e+01
6551.48889741 1.70847206e+01
6551.54446823 6.74049377e+00
6551.60003905 -2.11182137e+01
6551.65560987 1.36561699e+01
6551.71118070 1.57703133e+01
6551.76675152 3.04653549e+00
6551.82232234 -3.18567085e+00
6551.87789316 5.10529709e+00
6551.93346399 -1.29179688e+01
6551.98903481 -1.23779488e+01
6552.04460563 3.24306831e+01
6552.10017646 -1.15829506e+01
6552.15574728 5.83140182e+00
6552.21131810 1.30992165e+01
6552.26688892 4.54175110e+01
6552.32245975 6.62548065e-01
6552.37803057 2.52211494e+01
6552.43360139 -1.29514694e+00
6552.48917221 -4.26381302e+01
6552.54474304 1.07566109e+01
6552.60031386 -6.33015976e+01
6552.65588468 7.77152634e+00
6552.71145551 -5.15723419e+00
6552.76702633 -9.02148819e+00
6552.82259715 -1.75043716e+01
6552.87816797 -2.07554932e+01
6552.93373880 2.78898468e+01
6552.98930962 4.44690704e+00
6553.04488044 4.72531509e+00
6553.10045126 1.29955215e+01
6553.15602209 -1.08438339e+01
6553.21159291 -2.89773731e+01
6553.26716373 2.31646919e+00
6553.32273456 1.03967094e+01
6553.37830538 2.81802368e+00
6553.43387620 2.11283836e+01
6553.48944702 7.45621490e+00
6553.54501785 1.43885918e+01
6553.60058867 2.05762482e+00
6553.65615949 8.92416000e+00
6553.71173031 3.71177292e+00
6553.76730114 1.68565750e+00
6553.82287196 9.64020920e+00
6553.87844278 1.41528053e+01
6553.93401361 -4.63671875e+00
6553.98958443 -8.82977295e+00
6554.04515525 4.31026459e-01
6554.10072607 -1.93627625e+01
6554.15629690 2.64719467e+01
6554.21186772 -1.09507828e+01
6554.26743854 -5.62213135e+00
6554.32300937 -1.40730972e+01
6554.37858019 6.54954147e+00
6554.43415101 3.38432198e+01
6554.48972183 5.05485535e+00
6554.54529266 -5.41354752e+00
6554.60086348 8.79613113e+00
6554.65643430 -8.75675201e+00
6554.71200512 -9.74430847e+00
6554.76757595 -1.60844154e+01
6554.82314677 -2.78734932e+01
6554.87871759 -3.60816574e+00
6554.93428842 -1.47680397e+01
6554.98985924 1.92097740e+01
6555.04543006 3.20285225e+00
6555.10100088 -7.00612259e+00
6555.15657171 2.13404579e+01
6555.21214253 1.77702789e+01
6555.26771335 4.59938812e+00
6555.32328417 1.69615440e+01
6555.37885500 -1.01833878e+01
6555.43442582 6.40824509e+00
6555.48999664 -9.76894760e+00
6555.54556747 -2.79807758e+01
6555.60113829 3.34667130e+01
6555.65670911 3.29291687e+01
6555.71227993 1.45167007e+01
6555.76785076 -2.64496689e+01
6555.82342158 -3.67232628e+01
6555.87899240 1.87765999e+01
6555.93456322 8.04928970e+00
6555.99013405 3.45121002e+00
6556.04570487 -8.77437592e+00
6556.10127569 -7.21869659e+00
6556.15684652 -1.73241119e+01
6556.21241734 8.87419128e+00
6556.26798816 -1.71910858e+00
6556.32355898 -1.89155693e+01
6556.37912981 -6.11959763e+01
6556.43470063 1.11427879e+01
6556.49027145 2.31837540e+01
6556.54584227 1.04001961e+01
6556.60141310 -1.62200775e+01
6556.65698392 -1.21359634e+01
6556.71255474 3.80946999e+01
6556.76812557 8.65261078e+00
6556.82369639 -2.80651722e+01
6556.87926721 -7.59226799e+00
6556.93483803 -2.25747681e+00
6556.99040886 -3.98695374e+00
6557.04597968 5.08536530e+00
6557.10155050 -1.60051689e+01
6557.15712132 8.45108032e-02
6557.21269215 2.12698746e+01
6557.26826297 2.94953842e+01
6557.32383379 -5.55217743e+00
6557.37940462 2.34952316e+01
6557.43497544 3.07068176e+01
6557.49054626 -3.67799759e+00
6557.54611708 4.03333664e+00
6557.60168791 8.26269913e+00
6557.65725873 4.13078308e-01
6557.71282955 3.17365341e+01
6557.76840038 7.13729858e-03
6557.82397120 2.75185318e+01
6557.87954202 8.42763138e+00
6557.93511284 -7.90353394e+00
6557.99068367 1.60853500e+01
6558.04625449 1.55211601e+01
6558.10182531 8.08140945e+00
6558.15739613 1.25633125e+01
6558.21296696 -6.10130310e+00
6558.26853778 5.59035492e+00
6558.32410860 8.31338882e+00
6558.37967943 -1.17766914e+01
6558.43525025 -5.90884399e+00
6558.49082107 1.79720745e+01
6558.54639189 -6.28994370e+00
6558.60196272 3.30877304e+01
6558.65753354 3.07214355e+00
6558.71310436 5.15425491e+00
6558.76867518 -7.70296097e+00
6558.82424601 -2.70587158e+00
6558.87981683 2.57505074e+01
6558.93538765 4.29366302e+00
6558.99095848 1.30629311e+01
6559.04652930 7.34069824e+00
6559.10210012 1.56833076e+01
6559.15767094 1.64740105e+01
6559.21324177 3.61971169e+01
6559.26881259 -7.21381378e+00
6559.32438341 2.18528099e+01
6559.37995423 1.51177902e+01
6559.43552506 1.83600922e+01
6559.49109588 -3.88568192e+01
6559.54666670 1.25879860e+01
6559.60223753 -2.73677826e-01
6559.65780835 -1.02897873e+01
6559.71337917 -8.54876709e+00
6559.76894999 -1.80204773e+00
6559.82452082 2.71349983e+01
6559.88009164 -2.31370544e+00
6559.93566246 -1.06282806e+01
6559.99123328 5.62644958e-01
6560.04680411 2.40248184e+01
6560.10237493 2.52720566e+01
6560.15794575 -1.31184387e+01
6560.21351658 2.83238602e+00
6560.26908740 1.34045563e+01
6560.32465822 3.88494606e+01
6560.38022904 1.50141907e+00
6560.43579987 2.04539642e+01
6560.49137069 3.04750557e+01
6560.54694151 3.81634140e+00
6560.60251234 -2.22919617e+01
6560.65808316 -1.93026428e+01
6560.71365398 2.92378197e+01
6560.76922480 4.49541588e+01
6560.82479563 4.98781357e+01
6560.88036645 2.72339325e+01
6560.93593727 1.11017113e+01
6560.99150809 5.61732368e+01
6561.04707892 5.35396080e+01
6561.10264974 1.99966431e-02
6561.15822056 8.69271851e+00
6561.21379139 4.55931244e+01
6561.26936221 6.66829071e+01
6561.32493303 8.31415863e+01
6561.38050385 8.49096298e+01
6561.43607468 8.27396469e+01
6561.49164550 1.04620911e+02
6561.54721632 1.07990067e+02
6561.60278714 1.03012619e+02
6561.65835797 1.16434128e+02
6561.71392879 1.42630081e+02
6561.76949961 1.29392273e+02
6561.82507044 1.19078926e+02
6561.88064126 1.73699478e+02
6561.93621208 1.52060333e+02
6561.99178290 1.43874268e+02
6562.04735373 1.49823730e+02
6562.10292455 1.70423492e+02
6562.15849537 2.26136795e+02
6562.21406619 2.14900513e+02
6562.26963702 1.72619965e+02
6562.32520784 2.55812195e+02
6562.38077866 2.24341827e+02
6562.43634949 2.40360382e+02
6562.49192031 2.60408936e+02
6562.54749113 2.30668671e+02
6562.60306195 2.56463928e+02
6562.65863278 2.54004837e+02
6562.71420360 2.96764832e+02
6562.76977442 2.62085419e+02
6562.82534524 2.98316681e+02
6562.88091607 2.88730103e+02
6562.93648689 2.98519714e+02
6562.99205771 2.81253387e+02
6563.04762854 2.94606201e+02
6563.10319936 2.54130859e+02
6563.15877018 3.04186646e+02
6563.21434100 3.07044128e+02
6563.26991183 2.67612488e+02
6563.32548265 3.00437958e+02
6563.38105347 2.69867676e+02
6563.43662430 2.55164902e+02
6563.49219512 2.53199860e+02
6563.54776594 1.82899216e+02
6563.60333676 1.94356812e+02
6563.65890759 1.38750519e+02
6563.71447841 8.80702515e+01
6563.77004923 1.04990517e+02
6563.82562005 1.18030350e+02
6563.88119088 4.23568344e+01
6563.93676170 4.56148834e+01
6563.99233252 7.18534470e+01
6564.04790335 3.91252327e+01
6564.10347417 6.49786377e+01
6564.15904499 4.57979050e+01
6564.21461581 1.53650665e+01
6564.27018664 -2.34989243e+01
6564.32575746 -1.00799484e+01
6564.38132828 3.79086189e+01
6564.43689910 4.10678406e+01
6564.49246993 1.50985489e+01
6564.54804075 1.07689514e+01
6564.60361157 -9.22304916e+00
6564.65918240 1.25603981e+01
6564.71475322 4.06009674e-01
6564.77032404 4.02982063e+01
6564.82589486 2.08302269e+01
6564.88146569 -1.67988205e+00
6564.93703651 1.69101067e+01
6564.99260733 5.67524414e+01
6565.04817815 6.14417267e+00
6565.10374898 2.88879776e+00
6565.15931980 1.45904541e-01
6565.21489062 5.44967651e+00
6565.27046145 3.94946289e+01
6565.32603227 2.17183685e+00
6565.38160309 1.80791359e+01
6565.43717391 3.93414612e+01
6565.49274474 2.28068981e+01
6565.54831556 -5.30311584e-01
6565.60388638 1.43449974e+01
6565.65945720 -1.53156700e+01
6565.71502803 1.49597511e+01
6565.77059885 3.21804810e+00
6565.82616967 4.93981552e+00
6565.88174050 -2.69937763e+01
6565.93731132 -3.31268921e+01
6565.99288214 1.44995651e+01
6566.04845296 8.24839783e+00
6566.10402379 2.53213501e+00
6566.15959461 1.13346100e+00
6566.21516543 1.29689331e+01
6566.27073626 -9.03825188e+00
6566.32630708 -1.91481018e+00
6566.38187790 -2.03821907e+01
6566.43744872 -2.56467495e+01
6566.49301955 -7.60604858e-01
6566.54859037 5.39870262e+00
6566.60416119 2.75315666e+01
6566.65973201 4.82310104e+00
6566.71530284 -3.73076248e+00
6566.77087366 -3.14329834e+01
6566.82644448 -2.43463936e+01
6566.88201531 3.38913841e+01
6566.93758613 -6.85424805e-01
6566.99315695 -9.38296509e+00
6567.04872777 2.17084675e+01
6567.10429860 -7.21454620e-01
6567.15986942 -2.72872925e-01
6567.21544024 2.07884102e+01
6567.27101106 1.76725502e+01
6567.32658189 2.18403053e+01
6567.38215271 -1.77007160e+01
6567.43772353 -8.45985031e+00
6567.49329436 -1.35199738e+01
6567.54886518 -1.35335693e+01
6567.60443600 -4.89696884e+00
6567.66000682 5.21696892e+01
6567.71557765 4.60644531e+00
6567.77114847 1.14645233e+01
6567.82671929 5.54774094e+00
6567.88229011 1.47105942e+01
6567.93786094 3.18766613e+01
6567.99343176 -6.35917282e+00
6568.04900258 -2.98152046e+01
6568.10457341 -2.10089493e+00
6568.16014423 2.91236916e+01
6568.21571505 1.85744591e+01
6568.27128587 2.82819824e+01
6568.32685670 1.85270424e+01
6568.38242752 -7.05062866e-01
6568.43799834 1.34672642e+01
6568.49356916 1.61232185e+01
6568.54913999 6.19729233e+00
6568.60471081 1.34727898e+01
6568.66028163 -2.34754715e+01
6568.71585246 3.19148941e+01
6568.77142328 1.90890045e+01
6568.82699410 1.43471756e+01
6568.88256492 -2.14431763e-01
6568.93813575 1.36991005e+01
6568.99370657 8.15361786e+00
6569.04927739 3.27026367e-01
6569.10484822 1.86601639e+00
6569.16041904 1.02829285e+01
6569.21598986 -3.08790779e+00
6569.27156068 -1.89780922e+01
6569.32713151 1.97586441e+01
6569.38270233 3.55154037e+00
6569.43827315 -2.85671196e+01
6569.49384397 5.70935822e+00
6569.54941480 -3.42751694e+00
6569.60498562 -1.34871674e+00
6569.66055644 5.41404343e+00
6569.71612727 3.02820396e+00
6569.77169809 -1.18120499e+01
6569.82726891 -7.53044510e+00
6569.88283973 -1.79271069e+01
6569.93841056 1.45750580e+01
6569.99398138 -2.60502625e+00
6570.04955220 -3.09832211e+01
6570.10512302 6.21330643e+00
6570.16069385 -3.50728989e+00
6570.21626467 4.27528381e+00
6570.27183549 7.42610931e+00
6570.32740632 -2.49545593e+01
6570.38297714 -1.73638763e+01
6570.43854796 7.93769836e+00
6570.49411878 7.81031036e+00
6570.54968961 -4.75337982e+00
6570.60526043 -2.26176834e+00
6570.66083125 -3.83481216e+00
6570.71640207 3.04680061e+01
6570.77197290 9.56437302e+00
6570.82754372 3.31173477e+01
6570.88311454 7.70762634e+00
6570.93868537 3.22619057e+01
6570.99425619 8.23356628e-01
6571.04982701 4.54550171e+00
6571.10539783 -8.57783890e+00
6571.16096866 -5.25341034e+00
6571.21653948 3.17179070e+01
6571.27211030 -1.38039474e+01
6571.32768112 -3.81576462e+01
6571.38325195 1.34282494e+01
6571.43882277 -1.76286812e+01
6571.49439359 2.05052376e+01
6571.54996442 -2.46909332e+00
6571.60553524 1.02366791e+01
6571.66110606 6.92292404e+00
6571.71667688 4.28225479e+01
6571.77224771 3.02606468e+01
6571.82781853 3.83300743e+01
6571.88338935 1.14479980e+01
6571.93896018 1.53573570e+01
6571.99453100 -2.86375771e+01
6572.05010182 1.53332481e+01
6572.10567264 2.17098694e+01
6572.16124347 1.38507080e+01
6572.21681429 2.90806961e+00
6572.27238511 1.05092354e+01
6572.32795593 2.33018990e+01
6572.38352676 -3.01026115e+01
6572.43909758 5.58913574e+01
6572.49466840 -4.50377121e+01
6572.55023923 1.95647583e+01
6572.60581005 2.39193306e+01
6572.66138087 2.91865540e+00
6572.71695169 2.36290779e+01
6572.77252252 -3.60829163e+00
6572.82809334 -1.10628128e+00
6572.88366416 9.06212234e+00
6572.93923498 2.37144203e+01
6572.99480581 1.12286720e+01
6573.05037663 5.78122711e+00
6573.10594745 3.81579094e+01
6573.16151828 -3.91383362e+00
6573.21708910 1.19088249e+01
6573.27265992 6.17710495e+00
6573.32823074 -1.21975060e+01
6573.38380157 9.01367950e+00
6573.43937239 2.36397820e+01
6573.49494321 3.30958252e+01
6573.55051403 1.77711105e+01
6573.60608486 -1.40492363e+01
6573.66165568 -1.91290665e+00
6573.71722650 -6.35932922e+00
6573.77279733 -3.73968887e+00
6573.82836815 6.21404266e+00
6573.88393897 2.44996796e+01
6573.93950979 -1.81731415e+00
6573.99508062 -2.40059509e+01
6574.05065144 -4.75700378e+00
6574.10622226 1.05963058e+01
6574.16179308 3.42409515e+00
6574.21736391 -2.51487617e+01
6574.27293473 1.76738129e+01
6574.32850555 1.47267342e+00
6574.38407638 -1.01674805e+01
6574.43964720 1.20694504e+01
6574.49521802 -1.70188332e+01
6574.55078884 1.60767365e+00
6574.60635967 -8.20136261e+00
6574.66193049 -9.75379562e+00
6574.71750131 -4.41779289e+01
6574.77307214 1.85522900e+01
6574.82864296 -5.13373566e+01
6574.88421378 1.38698349e+01
6574.93978460 -5.72391891e+00
6574.99535543 -4.27945480e+01
6575.05092625 2.77582169e+00
6575.10649707 2.12934742e+01
6575.16206789 2.25982780e+01
6575.21763872 -5.01991272e+00
6575.27320954 8.41247940e+00
6575.32878036 4.49253731e+01
6575.38435119 -9.51054001e+00
6575.43992201 -1.35719681e+01
6575.49549283 -2.21844864e+00
6575.55106365 5.18316269e+00
6575.60663448 -3.73726273e+00
6575.66220530 -1.18803482e+01
6575.71777612 -1.38149872e+01
6575.77334694 3.35349655e+01
6575.82891777 4.38081627e+01
6575.88448859 -1.44559746e+01
6575.94005941 -1.74251366e+01
6575.99563024 -1.03785744e+01
6576.05120106 4.04478989e+01
6576.10677188 -3.93984604e+00
6576.16234270 -2.41182594e+01
6576.21791353 8.85203171e+00
6576.27348435 -8.42755127e+00
6576.32905517 -2.08232784e+01
6576.38462599 4.58594513e+00
6576.44019682 -2.85093861e+01
6576.49576764 -1.30534306e+01
6576.55133846 -1.35984268e+01
6576.60690929 -2.85928574e+01
6576.66248011 6.37268448e+00
6576.71805093 1.36247292e+01
6576.77362175 2.03418312e+01
6576.82919258 1.75466919e+00
6576.88476340 -1.13889885e+01
6576.94033422 -5.12364578e+00
6576.99590504 -1.30808773e+01
6577.05147587 -7.77992630e+00
6577.10704669 2.00694275e+00
6577.16261751 1.63845024e+01
6577.21818834 -2.48062840e+01
6577.27375916 -1.01052856e+00
6577.32932998 8.63916779e+00
6577.38490080 -1.45308800e+01
6577.44047163 5.53794861e-01
6577.49604245 -8.66821289e-01
6577.55161327 -4.57728577e+00
6577.60718409 4.10119247e+00
6577.66275492 -6.33660126e+00
6577.71832574 1.39143867e+01
6577.77389656 -1.71591301e+01
6577.82946739 -1.00021324e+01
6577.88503821 1.37481155e+01
6577.94060903 6.36515808e+00
6577.99617985 -7.09238052e+00
6578.05175068 1.58192253e+01
6578.10732150 2.04623184e+01
6578.16289232 -2.04944267e+01
6578.21846315 -3.02797585e+01
6578.27403397 2.61895676e+01
6578.32960479 2.45755310e+01
6578.38517561 1.18832817e+01
6578.44074644 8.60699844e+00
6578.49631726 -1.99042492e+01
6578.55188808 -1.38596306e+01
6578.60745890 1.58116379e+01
6578.66302973 2.34414749e+01
6578.71860055 1.73939857e+01
6578.77417137 -9.03956985e+00
6578.82974220 2.35321693e+01
6578.88531302 -1.39690132e+01
6578.94088384 4.17969513e+00
6578.99645466 -1.85379410e+01
6579.05202549 1.50765533e+01
6579.10759631 -4.17181396e+00
6579.16316713 -8.62006378e+00
6579.21873795 2.41935730e-01
6579.27430878 5.12656784e+00
6579.32987960 -2.28562641e+01
6579.38545042 2.71688271e+01
6579.44102125 -7.73609924e+00
6579.49659207 -1.64883499e+01
6579.55216289 -1.73851624e+01
6579.60773371 8.46200562e+00
6579.66330454 -1.60026817e+01
6579.71887536 1.85234528e+01
6579.77444618 2.01328354e+01
6579.83001700 -2.50970001e+01
6579.88558783 -4.08971786e+00
6579.94115865 2.69055557e+01
6579.99672947 -6.95140839e-01
6580.05230030 1.49757614e+01
6580.10787112 9.51782227e-01
6580.16344194 3.11142502e+01
6580.21901276 -3.47724800e+01
6580.27458359 1.95020523e+01
6580.33015441 -1.74584274e+01
6580.38572523 -5.54505539e+00
6580.44129605 2.50907402e+01
6580.49686688 -1.09887314e+01
6580.55243770 2.19764900e+01
6580.60800852 -8.98559952e+00
6580.66357935 3.70562744e+00
6580.71915017 3.61348724e+00
6580.77472099 -1.86352558e+01
6580.83029181 2.53720093e+00
6580.88586264 -2.34749985e+00
6580.94143346 2.34127731e+01
6580.99700428 3.64923019e+01
6581.05257511 -2.96933613e+01
6581.10814593 2.44307709e+00
6581.16371675 8.11568832e+00
6581.21928757 2.82957420e+01
6581.27485840 3.10045853e+01
6581.33042922 4.16124344e+00
6581.38600004 -1.50059013e+01
6581.44157086 8.80565643e-01
6581.49714169 1.76146812e+01
6581.55271251 1.03546906e+00
6581.60828333 3.11148071e+01
6581.66385416 -1.07066879e+01
6581.71942498 -3.61707764e+01
6581.77499580 -1.15551758e+00
6581.83056662 1.53601341e+01
6581.88613745 5.98061371e+00
6581.94170827 -1.38988876e+00
6581.99727909 4.13440170e+01
6582.05284991 8.95254135e+00
6582.10842074 -1.11440201e+01
6582.16399156 -1.42153702e+01
6582.21956238 2.01937504e+01
6582.27513321 2.10350113e+01
6582.33070403 1.50780411e+01
6582.38627485 1.12808571e+01
6582.44184567 7.00823212e+00
6582.49741650 3.35166550e+00
6582.55298732 -2.04171371e+00
6582.60855814 4.59297142e+01
6582.66412896 8.56815338e-01
6582.71969979 -1.43675232e+01
6582.77527061 1.09831352e+01
6582.83084143 1.52731247e+01
6582.88641226 2.25514603e+01
6582.94198308 3.10171013e+01
6582.99755390 -2.55815315e+01
6583.05312472 5.63822365e+01
6583.10869555 3.61309700e+01
6583.16426637 3.77330780e+00
6583.21983719 -1.25063171e+01
6583.27540801 5.01770973e+01
6583.33097884 2.52909203e+01
6583.38654966 3.33101273e+01
6583.44212048 4.34794121e+01
6583.49769131 6.23764801e+00
6583.55326213 -2.93704987e+00
6583.60883295 -4.98740768e+00
6583.66440377 3.29660606e+01
6583.71997460 1.40492287e+01
6583.77554542 1.68008232e+01
6583.83111624 4.20905685e+01
6583.88668707 6.89372406e+01
6583.94225789 1.23332062e+01
6583.99782871 -6.93205261e+00
6584.05339953 1.82836685e+01
6584.10897036 3.25406876e+01
6584.16454118 4.21279411e+01
6584.22011200 3.88759155e+01
6584.27568282 1.59468536e+01
6584.33125365 1.37611809e+01
6584.38682447 1.02538452e+01
6584.44239529 1.48537369e+01
6584.49796612 3.83353462e+01
6584.55353694 -2.35444794e+01
6584.60910776 -1.50815201e+00
6584.66467858 -2.27647781e+00
6584.72024941 5.73041916e+00
6584.77582023 -1.92377090e+00
6584.83139105 3.08063240e+01
6584.88696187 1.89251175e+01
6584.94253270 1.18334503e+01
6584.99810352 8.02381516e+00
6585.05367434 -3.01795082e+01
6585.10924517 1.82581940e+01
6585.16481599 -1.70593128e+01
6585.22038681 -9.37646484e+00
6585.27595763 -1.89859047e+01
6585.33152846 -1.61320076e+01
6585.38709928 -1.99551601e+01
6585.44267010 2.46721191e+01
6585.49824092 -2.98558311e+01
6585.55381175 3.93532448e+01
6585.60938257 2.57232933e+01
6585.66495339 1.28842621e+01
6585.72052422 -2.83450108e+01
6585.77609504 -7.09479904e+00
6585.83166586 -1.01165352e+01
6585.88723668 3.91333389e+01
6585.94280751 2.67394028e+01
6585.99837833 -1.33065796e+00
6586.05394915 1.42337265e+01
6586.10951997 -2.15680370e+01
6586.16509080 -5.99205780e+00
6586.22066162 -1.09317150e+01
6586.27623244 -6.88991547e-01
6586.33180327 -5.22271347e+01
6586.38737409 -3.84918594e+00
6586.44294491 -1.12059517e+01
6586.49851573 1.55739956e+01
6586.55408656 -2.16035957e+01
6586.60965738 1.19304657e+00
6586.66522820 1.14824295e+01
6586.72079903 2.07363625e+01
6586.77636985 -2.25229607e+01
6586.83194067 -3.57022591e+01
6586.88751149 -1.76875763e+01
6586.94308232 1.00017548e+00
6586.99865314 2.08964920e+01
6587.05422396 2.54523506e+01
6587.10979478 9.23445892e+00
6587.16536561 2.20204086e+01
6587.22093643 1.57509785e+01
6587.27650725 3.03211269e+01
6587.33207808 -4.71755981e+00
6587.38764890 -1.97425003e+01
6587.44321972 8.02949142e+00
6587.49879054 2.32878494e+00
6587.55436137 5.19577026e-01
6587.60993219 -6.28685570e+01
6587.66550301 -3.22730446e+00
6587.72107383 -2.84892006e+01
6587.77664466 -2.40695038e+01
6587.83221548 1.39217796e+01
6587.88778630 -1.58341236e+01
6587.94335713 -1.67028961e+01
6587.99892795 -1.38037739e+01
6588.05449877 1.52908096e+01
6588.11006959 2.34661026e+01
6588.16564042 -5.96996689e+00
6588.22121124 -1.88427792e+01
6588.27678206 1.31166801e+01
6588.33235288 -1.79699516e+01
6588.38792371 -1.90626450e+01
6588.44349453 1.64153862e+01
6588.49906535 3.64654160e+00
6588.55463618 -4.02359238e+01
6588.61020700 1.19770622e+01
6588.66577782 -1.21774864e+01
6588.72134864 -8.79267502e+00
6588.77691947 -8.17214966e-01
6588.83249029 6.72770309e+00
6588.88806111 -2.53789616e+01
6588.94363193 -1.63491096e+01
6588.99920276 5.02432518e+01
6589.05477358 2.67919121e+01
6589.11034440 -4.53246460e+01
6589.16591523 -2.52661228e+01
6589.22148605 1.74069519e+01
6589.27705687 -9.88818741e+00
6589.33262769 2.55970573e+01
6589.38819852 2.51976776e+00
6589.44376934 4.40495110e+00
6589.49934016 9.17617798e+00
6589.55491099 -9.70510101e+00
6589.61048181 4.58664322e+00
6589.66605263 3.64532547e+01
6589.72162345 1.39493713e+01
6589.77719428 -2.06714859e+01
6589.83276510 2.81281281e+00
6589.88833592 1.83733482e+01
6589.94390674 -3.86320496e+00
6589.99947757 -3.32486343e+01
6590.05504839 -6.28741455e+00
6590.11061921 4.58612823e+00
6590.16619004 1.57960243e+01
6590.22176086 5.82177467e+01
6590.27733168 2.38639050e+01
6590.33290250 7.88725281e+00
6590.38847333 9.10649872e+00
6590.44404415 4.54105759e+01
6590.49961497 -2.68615875e+01
6590.55518579 1.12056084e+01
6590.61075662 -1.70192719e+00
6590.66632744 -4.54372025e+01
6590.72189826 -1.35959053e+01
6590.77746909 -7.63959885e+00
6590.83303991 -5.43174362e+00
6590.88861073 9.06701660e+00
6590.94418155 2.12955017e+01
6590.99975238 -5.33863449e+00
6591.05532320 -5.07621765e-02
6591.11089402 2.05111084e+01
6591.16646484 2.66577034e+01
6591.22203567 -3.26385269e+01
6591.27760649 6.51067352e+00
6591.33317731 -1.30748367e+01
6591.38874814 1.60293961e+01
6591.44431896 -9.87969208e+00
6591.49988978 -5.39591599e+00
6591.55546060 5.25460052e+00
6591.61103143 -1.43805580e+01
6591.66660225 -1.27700844e+01
6591.72217307 8.31118774e+00
6591.77774389 -1.93421555e+00
6591.83331472 7.70331573e+00
6591.88888554 1.62687874e+01
6591.94445636 -8.88840675e+00
6592.00002719 3.07593594e+01
6592.05559801 -2.46630669e+01
6592.11116883 7.20759201e+00
6592.16673965 -1.83786240e+01
6592.22231048 1.29714813e+01
6592.27788130 7.23263550e+00
6592.33345212 -1.10072784e+01
6592.38902295 5.47054291e+00
6592.44459377 -5.09850311e+00
6592.50016459 2.72338867e+01
6592.55573541 -2.32046738e+01
6592.61130624 1.80977669e+01
6592.66687706 -2.35709286e+01
6592.72244788 -2.26183167e+01
6592.77801870 -1.91936073e+01
6592.83358953 -9.33551788e+00
6592.88916035 -2.01634789e+01
6592.94473117 -8.75982285e+00
6593.00030200 -1.42989349e+01
6593.05587282 -4.21373978e+01
6593.11144364 -2.84891586e+01
6593.16701446 -2.37598839e+01
6593.22258529 -3.38367844e+00
6593.27815611 2.78760262e+01
6593.33372693 1.00166397e+01
6593.38929775 3.78395195e+01
6593.44486858 -1.37220306e+01
6593.50043940 5.03812027e+00
6593.55601022 -3.46614838e-01
6593.61158105 8.32374191e+00
6593.66715187 2.17784119e+00
6593.72272269 3.98941803e+01
6593.77829351 7.90786743e+00
6593.83386434 1.48545837e+01
6593.88943516 3.09953766e+01
6593.94500598 -1.25578537e+01
6594.00057680 -6.16527176e+00
6594.05614763 1.60970421e+01
6594.11171845 1.43233452e+01
6594.16728927 -1.03483086e+01
6594.22286010 -3.20322495e+01
6594.27843092 1.15715294e+01
6594.33400174 -2.61735153e+00
6594.38957256 -3.39913559e+01
6594.44514339 -2.11329651e+00
6594.50071421 2.22982597e+01
6594.55628503 7.76031494e+00
6594.61185585 -2.03337860e+00
6594.66742668 -3.64467392e+01
6594.72299750 -1.71681099e+01
6594.77856832 2.46114731e+01
6594.83413915 1.41856575e+01
6594.88970997 1.40995064e+01
6594.94528079 -3.47681427e+00
6595.00085161 -8.16797638e+00
6595.05642244 -4.28044090e+01
6595.11199326 -2.10999718e+01
6595.16756408 8.58934784e+00
6595.22313490 9.22276306e+00
6595.27870573 -2.45552711e+01
6595.33427655 2.12636337e+01
6595.38984737 4.41519814e+01
6595.44541820 3.38806419e+01
6595.50098902 2.33128624e+01
6595.55655984 -9.36447906e+00
6595.61213066 -2.48654251e+01
6595.66770149 8.02899551e+00
6595.72327231 6.84937668e+00
6595.77884313 3.11755638e+01
6595.83441396 9.36923981e-01
6595.88998478 -2.71173096e+00
6595.94555560 1.89718132e+01
6596.00112642 1.61054268e+01
6596.05669725 1.96322823e+00
6596.11226807 1.11960602e+00
6596.16783889 1.19555969e+01
6596.22340971 -9.87280655e+00
6596.27898054 -1.90477657e+01
6596.33455136 -1.13301373e+01
6596.39012218 -2.41581669e+01
6596.44569301 -1.75100079e+01
6596.50126383 2.57295609e+00
6596.55683465 2.14333878e+01
6596.61240547 1.42481613e+01
6596.66797630 4.77172089e+00
6596.72354712 2.26620941e+01
6596.77911794 1.44399109e+01
6596.83468876 -1.80167961e+01
6596.89025959 -3.82491684e+00
6596.94583041 2.35783043e+01
6597.00140123 3.26114273e+00
6597.05697206 -1.00778427e+01
6597.11254288 2.87777328e+01
6597.16811370 1.43196106e+01
6597.22368452 -1.39624062e+01
6597.27925535 3.90918350e+00
6597.33482617 -1.28670578e+01
6597.39039699 2.48692551e+01
6597.44596781 -5.18748093e+00
6597.50153864 -3.13934898e+01
6597.55710946 -1.14898605e+01
6597.61268028 2.21878319e+01
6597.66825111 1.15896263e+01
6597.72382193 2.59437943e+00
6597.77939275 3.34894180e+00
6597.83496357 1.35849380e+01
6597.89053440 -8.75785828e-01
6597.94610522 1.28469086e+00
6598.00167604 2.02720909e+01
6598.05724686 -5.24553680e+00
6598.11281769 3.39944725e+01
6598.16838851 -2.55913162e+01
6598.22395933 -1.44595146e+01
6598.27953016 1.39455261e+01
6598.33510098 2.73891182e+01
6598.39067180 -1.16948624e+01
6598.44624262 -4.53248291e+01
6598.50181345 3.07614765e+01
6598.55738427 3.12439232e+01
6598.61295509 7.69879913e+00
6598.66852592 1.40869217e+01
6598.72409674 1.61234818e+01
6598.77966756 -8.13472366e+00
6598.83523838 -1.29910812e+01
6598.89080921 2.29915733e+01
6598.94638003 6.07369232e+00
6599.00195085 1.63464928e+01
6599.05752167 -3.46965790e-01
6599.11309250 2.70289669e+01
6599.16866332 6.22199631e+00
6599.22423414 9.06016541e+00
6599.27980497 1.50022278e+01
6599.33537579 -3.03604870e+01
6599.39094661 -2.98897171e+00
6599.44651743 1.53635559e+01
6599.50208826 1.19400215e+01
6599.55765908 -2.34506168e+01
6599.61322990 -2.13788605e+00
6599.66880072 -1.89457531e+01
