# Rest-frame spectrum generated from: N2500A0003o_1d.fits
# lambda_Ha_obs = 6574.11900000 Angstrom
# lambda_Ha_rest = 6562.80000000 Angstrom
# z_Ha = 1.7247211556e-03
# v_Ha_relativistic = 516.612504 km/s
# v_Ha_classical = 517.058395 km/s
# columns: wavelength_rest[Angstrom] flux_or_counts

6544.90668520 1.00306683e+01
6544.96227121 1.00311909e+01
6545.01785722 1.00303288e+01
6545.07344323 1.00279865e+01
6545.12902924 1.00308361e+01
6545.18461525 1.00297604e+01
6545.24020126 1.00296841e+01
6545.29578727 1.00296001e+01
6545.35137328 1.00298328e+01
6545.40695929 1.00311947e+01
6545.46254530 1.00292721e+01
6545.51813131 1.00312805e+01
6545.57371732 1.00305519e+01
6545.62930333 1.00303497e+01
6545.68488934 1.00291634e+01
6545.74047535 -3.99107742e+00
6545.79606136 1.14638519e+00
6545.85164737 -8.51278687e+00
6545.90723338 2.40251160e+00
6545.96281939 -6.67670441e+00
6546.01840540 1.64593811e+01
6546.07399141 1.07999535e+01
6546.12957742 -8.46805191e+00
6546.18516343 4.69857521e+01
6546.24074944 3.80170746e+01
6546.29633545 4.34425735e+01
6546.35192146 -6.98997498e+00
6546.40750747 -1.95457325e+01
6546.46309348 4.18766937e+01
6546.51867949 1.71408653e+01
6546.57426550 -1.44160690e+01
6546.62985151 -1.21114845e+01
6546.68543752 3.56354141e+00
6546.74102353 1.81558990e+01
6546.79660954 -8.25410843e-01
6546.85219555 -1.45143700e+01
6546.90778156 5.34431458e+00
6546.96336757 -9.10369110e+00
6547.01895358 -1.80826530e+01
6547.07453959 9.77822113e+00
6547.13012561 -2.57032642e+01
6547.18571162 1.75073242e+01
6547.24129763 3.12810097e+01
6547.29688364 1.86070557e+01
6547.35246965 1.88332176e+01
6547.40805566 -1.28219185e+01
6547.46364167 1.44468727e+01
6547.51922768 5.91131439e+01
6547.57481369 3.59338760e+01
6547.63039970 2.98297005e+01
6547.68598571 1.99564838e+01
6547.74157172 3.72237129e+01
6547.79715773 5.67390442e-01
6547.85274374 1.25329628e+01
6547.90832975 1.08529434e+01
6547.96391576 2.97018700e+01
6548.01950177 3.21686516e+01
6548.07508778 3.60727272e+01
6548.13067379 4.42142601e+01
6548.18625980 3.09207687e+01
6548.24184581 8.53974533e+00
6548.29743182 1.09076653e+01
6548.35301783 -3.23704147e+00
6548.40860384 -1.06351280e+01
6548.46418985 -3.13415909e+00
6548.51977586 1.28946877e+01
6548.57536187 1.42370720e+01
6548.63094788 -1.48256302e+00
6548.68653389 2.50038528e+00
6548.74211990 3.32472038e+01
6548.79770591 9.70989227e-01
6548.85329192 7.54021072e+00
6548.90887793 6.32968521e+00
6548.96446394 -6.45249176e+00
6549.02004995 2.78304977e+01
6549.07563596 2.00229645e+01
6549.13122197 1.30800514e+01
6549.18680798 3.13011169e+00
6549.24239399 6.00073814e+00
6549.29798000 1.61680641e+01
6549.35356601 -1.02406368e+01
6549.40915202 3.25059128e+00
6549.46473803 1.60885162e+01
6549.52032404 -2.21036949e+01
6549.57591005 1.44603615e+01
6549.63149606 2.41337509e+01
6549.68708207 8.27243423e+00
6549.74266808 1.81296921e+00
6549.79825409 6.36118889e+00
6549.85384010 -7.47428131e+00
6549.90942611 4.28492355e+00
6549.96501213 1.84196453e+01
6550.02059814 2.68307037e+01
6550.07618415 -1.89958324e+01
6550.13177016 3.60902214e+00
6550.18735617 1.67957764e+01
6550.24294218 -2.16221447e+01
6550.29852819 1.92018547e+01
6550.35411420 1.73993225e+01
6550.40970021 -1.05278740e+01
6550.46528622 3.07555389e+00
6550.52087223 2.51899338e+00
6550.57645824 2.64753494e+01
6550.63204425 5.15029831e+01
6550.68763026 3.66767311e+01
6550.74321627 3.71788406e+00
6550.79880228 2.60490608e+01
6550.85438829 -6.67034912e+00
6550.90997430 2.52513733e+01
6550.96556031 3.82854462e+00
6551.02114632 2.60826416e+01
6551.07673233 2.02735405e+01
6551.13231834 2.30484505e+01
6551.18790435 -2.58327560e+01
6551.24349036 1.00383873e+01
6551.29907637 -1.21261063e+01
6551.35466238 1.45519409e+01
6551.41024839 -2.91404381e+01
6551.46583440 -1.51919937e+01
6551.52142041 1.68168488e+01
6551.57700642 1.21891022e-01
6551.63259243 8.77989578e+00
6551.68817844 -1.81546631e+01
6551.74376445 7.62721634e+00
6551.79935046 5.42544937e+00
6551.85493647 -1.54892349e+00
6551.91052248 5.57214737e+00
6551.96610849 3.20857811e+01
6552.02169450 1.20902939e+01
6552.07728051 1.25544243e+01
6552.13286652 6.65273666e+00
6552.18845253 -9.21411133e+00
6552.24403854 -6.42514801e+00
6552.29962455 1.09691048e+01
6552.35521056 -1.20099430e+01
6552.41079657 1.71786346e+01
6552.46638258 3.58189697e+01
6552.52196859 2.88792419e+00
6552.57755460 5.16476440e+00
6552.63314061 2.64136734e+01
6552.68872662 -2.76057053e+00
6552.74431263 2.27676010e+01
6552.79989865 7.96054077e+00
6552.85548466 -2.06284924e+01
6552.91107067 -2.24623566e+01
6552.96665668 2.67229843e+00
6553.02224269 1.25329132e+01
6553.07782870 -1.29031296e+01
6553.13341471 2.65241165e+01
6553.18900072 2.52148933e+01
6553.24458673 4.29039917e+01
6553.30017274 3.30274429e+01
6553.35575875 -1.01030540e+01
6553.41134476 2.08312569e+01
6553.46693077 3.13039780e+00
6553.52251678 -4.21534500e+01
6553.57810279 3.08621674e+01
6553.63368880 9.92946625e+00
6553.68927481 2.71594620e+00
6553.74486082 6.91384506e+00
6553.80044683 -8.68534088e+00
6553.85603284 1.33586845e+01
6553.91161885 7.81368256e+00
6553.96720486 -1.64044952e+00
6554.02279087 9.20759773e+00
6554.07837688 5.74874878e-01
6554.13396289 1.90592308e+01
6554.18954890 -1.34532051e+01
6554.24513491 -1.27115135e+01
6554.30072092 -4.51763153e+00
6554.35630693 6.13309479e+00
6554.41189294 1.52589340e+01
6554.46747895 -2.61623459e+01
6554.52306496 -1.11651573e+01
6554.57865097 1.15902176e+01
6554.63423698 3.52679443e+00
6554.68982299 3.23069801e+01
6554.74540900 -1.00094337e+01
6554.80099501 -2.37719860e+01
6554.85658102 -2.12222672e+00
6554.91216703 -5.98272324e+00
6554.96775304 2.19416313e+01
6555.02333905 1.39168930e+01
6555.07892506 3.60382462e+00
6555.13451107 1.70087814e+01
6555.19009708 9.74167633e+00
6555.24568309 -3.39177513e+00
6555.30126910 3.24422722e+01
6555.35685511 -8.39719772e+00
6555.41244112 -5.03453827e+00
6555.46802713 -4.86744308e+00
6555.52361314 5.71953583e+00
6555.57919915 7.06282806e+00
6555.63478517 -2.47822952e+00
6555.69037118 5.79698563e+00
6555.74595719 1.66519260e+01
6555.80154320 -1.21079216e+01
6555.85712921 8.36179352e+00
6555.91271522 -7.05874252e+00
6555.96830123 -2.26128311e+01
6556.02388724 -1.33458061e+01
6556.07947325 -1.90662766e+00
6556.13505926 4.26049805e+00
6556.19064527 1.22823486e+01
6556.24623128 -6.26244736e+00
6556.30181729 8.93706894e+00
6556.35740330 -1.21369743e+01
6556.41298931 1.11999321e+00
6556.46857532 2.65685692e+01
6556.52416133 -1.86109791e+01
6556.57974734 2.01704445e+01
6556.63533335 2.28023033e+01
6556.69091936 3.47184753e+00
6556.74650537 1.83826065e+00
6556.80209138 1.77741356e+01
6556.85767739 4.64774323e+00
6556.91326340 2.40552692e+01
6556.96884941 -4.23994827e+00
6557.02443542 9.57936859e+00
6557.08002143 -1.25743809e+01
6557.13560744 4.12394714e+00
6557.19119345 1.80253258e+01
6557.24677946 -4.68529129e+00
6557.30236547 7.50728607e+00
6557.35795148 -2.88573418e+01
6557.41353749 -8.84339142e+00
6557.46912350 3.01633911e+01
6557.52470951 1.87332611e+01
6557.58029552 4.20105362e+00
6557.63588153 3.72005844e+00
6557.69146754 -2.61568832e+00
6557.74705355 2.96220417e+01
6557.80263956 9.58365631e+00
6557.85822557 1.06889038e+01
6557.91381158 1.82305679e+01
6557.96939759 -7.14649963e+00
6558.02498360 2.21232224e+00
6558.08056961 -8.51307106e+00
6558.13615562 -1.64918137e+00
6558.19174163 -9.58234406e+00
6558.24732764 -5.65743256e+00
6558.30291365 1.11926250e+01
6558.35849966 9.81217194e+00
6558.41408567 -2.30743408e-01
6558.46967169 -3.72777176e+00
6558.52525770 -1.09605255e+01
6558.58084371 1.77189255e+01
6558.63642972 1.39527130e+01
6558.69201573 2.05118942e+00
6558.74760174 1.13232861e+01
6558.80318775 -9.65041351e+00
6558.85877376 -3.35120087e+01
6558.91435977 -7.78112984e+00
6558.96994578 6.50267029e+00
6559.02553179 2.01411095e+01
6559.08111780 9.85000610e+00
6559.13670381 8.97561264e+00
6559.19228982 5.35054016e+00
6559.24787583 -9.86639786e+00
6559.30346184 3.91005058e+01
6559.35904785 -9.47036743e-01
6559.41463386 -1.32528877e+00
6559.47021987 3.51377869e+00
6559.52580588 -5.11137009e+00
6559.58139189 1.61478043e+00
6559.63697790 -1.13093758e+01
6559.69256391 1.83890915e+00
6559.74814992 4.56386185e+00
6559.80373593 3.24624100e+01
6559.85932194 1.93769379e+01
6559.91490795 2.53852234e+01
6559.97049396 1.15664330e+01
6560.02607997 1.07833595e+01
6560.08166598 1.29143906e+00
6560.13725199 -4.34958267e+00
6560.19283800 1.34176292e+01
6560.24842401 1.98390617e+01
6560.30401002 -3.90888977e+00
6560.35959603 2.09756699e+01
6560.41518204 1.52421494e+01
6560.47076805 2.57132282e+01
6560.52635406 -1.66838264e+01
6560.58194007 -1.03251877e+01
6560.63752608 3.37226868e-01
6560.69311209 1.54014435e+01
6560.74869810 7.94674301e+00
6560.80428411 -2.32422638e+00
6560.85987012 3.51166458e+01
6560.91545613 1.33080940e+01
6560.97104214 -2.25385094e+01
6561.02662815 4.27162628e+01
6561.08221416 3.08760452e+01
6561.13780017 8.14527130e+00
6561.19338618 2.69572678e+01
6561.24897219 2.20915947e+01
6561.30455821 4.01640892e+00
6561.36014422 1.11850281e+01
6561.41573023 2.79014244e+01
6561.47131624 2.06084442e+00
6561.52690225 4.47573662e+01
6561.58248826 5.83590164e+01
6561.63807427 4.34586868e+01
6561.69366028 1.52310257e+01
6561.74924629 3.46076965e+01
6561.80483230 5.55186653e+01
6561.86041831 9.04711227e+01
6561.91600432 7.52230225e+01
6561.97159033 2.84277878e+01
6562.02717634 1.04543045e+02
6562.08276235 8.91437531e+01
6562.13834836 1.22261429e+02
6562.19393437 1.52622513e+02
6562.24952038 1.64294525e+02
6562.30510639 1.60694336e+02
6562.36069240 2.39641693e+02
6562.41627841 2.42631714e+02
6562.47186442 2.59580688e+02
6562.52745043 3.19064514e+02
6562.58303644 3.37400757e+02
6562.63862245 4.35846313e+02
6562.69420846 4.54426147e+02
6562.74979447 4.36387970e+02
6562.80538048 4.40669891e+02
6562.86096649 4.30364655e+02
6562.91655250 4.16945343e+02
6562.97213851 4.03857910e+02
6563.02772452 3.35400787e+02
6563.08331053 2.86827209e+02
6563.13889654 2.52471191e+02
6563.19448255 1.88441940e+02
6563.25006856 1.93260712e+02
6563.30565457 1.63620270e+02
6563.36124058 1.33930374e+02
6563.41682659 1.23017349e+02
6563.47241260 7.89237289e+01
6563.52799861 7.39874268e+01
6563.58358462 7.86094742e+01
6563.63917063 6.80951843e+01
6563.69475664 4.44754944e+01
6563.75034265 3.43731842e+01
6563.80592866 3.42189522e+01
6563.86151467 1.33984108e+01
6563.91710068 2.87715950e+01
6563.97268669 4.57108269e+01
6564.02827270 1.48579140e+01
6564.08385871 -6.99191284e+00
6564.13944473 4.09079247e+01
6564.19503074 4.27935104e+01
6564.25061675 -7.22911072e+00
6564.30620276 2.78608551e+01
6564.36178877 1.07839928e+01
6564.41737478 3.91637840e+01
6564.47296079 1.31839561e+01
6564.52854680 -8.37188911e+00
6564.58413281 -1.07570038e+01
6564.63971882 8.70120621e+00
6564.69530483 3.63462067e+00
6564.75089084 1.22172203e+01
6564.80647685 -4.03053284e-01
6564.86206286 5.66393051e+01
6564.91764887 1.66732712e+01
6564.97323488 2.61317215e+01
6565.02882089 1.36155052e+01
6565.08440690 8.00448990e+00
6565.13999291 -5.99021912e-02
6565.19557892 2.53949852e+01
6565.25116493 -4.87092400e+00
6565.30675094 9.05852509e+00
6565.36233695 -5.84191513e+00
6565.41792296 2.44565315e+01
6565.47350897 -1.85936089e+01
6565.52909498 5.80593681e+00
6565.58468099 -5.35880280e+00
6565.64026700 -1.63860989e+01
6565.69585301 1.85424919e+01
6565.75143902 1.53671265e+00
6565.80702503 5.91195679e+00
6565.86261104 -3.77919044e+01
6565.91819705 3.36742401e+00
6565.97378306 2.29332886e+01
6566.02936907 2.99581528e+01
6566.08495508 2.00747528e+01
6566.14054109 -1.69335938e+00
6566.19612710 5.90039444e+00
6566.25171311 -7.42378235e-02
6566.30729912 -1.78796997e+01
6566.36288513 -1.56015205e+01
6566.41847114 -2.01804733e+01
6566.47405715 -2.68573189e+01
6566.52964316 2.11299515e+01
6566.58522917 9.55302429e+00
6566.64081518 -7.54106903e+00
6566.69640119 -1.10416641e+01
6566.75198720 -2.89461994e+01
6566.80757321 -3.76934891e+01
6566.86315922 -4.58669281e+00
6566.91874523 2.53553391e+01
6566.97433125 1.21062622e+01
6567.02991726 1.78449821e+01
6567.08550327 -1.54220276e+01
6567.14108928 -9.11478043e+00
6567.19667529 -7.76760864e+00
6567.25226130 -1.49929848e+01
6567.30784731 8.36240005e+00
6567.36343332 9.50804520e+00
6567.41901933 -3.93935776e+01
6567.47460534 -1.57692451e+01
6567.53019135 -1.85019321e+01
6567.58577736 2.73021431e+01
6567.64136337 2.22653313e+01
6567.69694938 1.74397316e+01
6567.75253539 2.47315826e+01
6567.80812140 -3.81767273e-01
6567.86370741 3.89430618e+00
6567.91929342 -1.41603508e+01
6567.97487943 -5.65974045e+00
6568.03046544 -2.02466583e+00
6568.08605145 1.00254173e+01
6568.14163746 -2.65933571e+01
6568.19722347 1.71819496e+01
6568.25280948 8.12015915e+00
6568.30839549 -9.83690262e+00
6568.36398150 1.28423615e+01
6568.41956751 1.21521072e+01
6568.47515352 1.07779694e+01
6568.53073953 3.86508636e+01
6568.58632554 2.52081680e+01
6568.64191155 -9.07147598e+00
6568.69749756 -9.15916061e+00
6568.75308357 -8.88654709e+00
6568.80866958 1.41105499e+01
6568.86425559 3.02783585e+00
6568.91984160 1.55241814e+01
6568.97542761 1.57241898e+01
6569.03101362 2.19496574e+01
6569.08659963 2.19008484e+01
6569.14218564 -1.23341141e+01
6569.19777165 -7.11129761e+00
6569.25335766 4.95812988e+00
6569.30894367 -5.14791489e+00
6569.36452968 -3.65266418e+01
6569.42011569 4.78125763e+00
6569.47570170 6.91193581e+00
6569.53128771 1.44036407e+01
6569.58687372 6.32566833e+00
6569.64245973 -1.03374481e-01
6569.69804574 -1.59917507e+01
6569.75363175 3.74165726e+00
6569.80921777 4.17521286e+00
6569.86480378 -2.54579296e+01
6569.92038979 -1.33726692e+01
6569.97597580 -2.10887527e+00
6570.03156181 5.63121414e+01
6570.08714782 -2.91297474e+01
6570.14273383 -2.53004322e+01
6570.19831984 1.53288441e+01
6570.25390585 -3.37213707e+01
6570.30949186 -1.73430519e+01
6570.36507787 -3.76202393e+00
6570.42066388 9.38662338e+00
6570.47624989 -7.33870888e+00
6570.53183590 1.96567039e+01
6570.58742191 2.57705421e+01
6570.64300792 1.41597443e+01
6570.69859393 5.62939453e+00
6570.75417994 6.47018433e+00
6570.80976595 6.00565720e+00
6570.86535196 5.99415588e+00
6570.92093797 4.18218956e+01
6570.97652398 1.52099304e+01
6571.03210999 -3.91169739e+00
6571.08769600 -7.42686462e+00
6571.14328201 -2.36173000e+01
6571.19886802 -1.63476181e+00
6571.25445403 8.50282288e+00
6571.31004004 -1.93855686e+01
6571.36562605 3.43872833e+00
6571.42121206 -1.37475204e+00
6571.47679807 1.91647873e+01
6571.53238408 3.52849274e+01
6571.58797009 -1.47815514e+01
6571.64355610 8.49981880e+00
6571.69914211 2.21737595e+01
6571.75472812 -4.30268517e+01
6571.81031413 -2.80716324e+00
6571.86590014 2.00013123e+01
6571.92148615 2.20447655e+01
6571.97707216 4.16241760e+01
6572.03265817 3.09223824e+01
6572.08824418 2.09694061e+01
6572.14383019 1.08178368e+01
6572.19941620 -4.04083405e+01
6572.25500221 -4.95037842e+00
6572.31058822 -2.54397964e+01
6572.36617423 1.14961700e+01
6572.42176024 1.28753433e+01
6572.47734625 -1.32221222e-01
6572.53293226 5.48286057e+00
6572.58851827 9.55835342e+00
6572.64410429 2.43649635e+01
6572.69969030 -9.55096054e+00
6572.75527631 9.21710968e-01
6572.81086232 -1.23250923e+01
6572.86644833 4.19656372e+00
6572.92203434 3.06777267e+01
6572.97762035 8.90712357e+00
6573.03320636 -2.77155304e+00
6573.08879237 6.35680771e+00
6573.14437838 5.82965469e+00
6573.19996439 1.15567169e+01
6573.25555040 1.90138474e+01
6573.31113641 2.08146591e+01
6573.36672242 5.90457916e-01
6573.42230843 1.58399086e+01
6573.47789444 -1.81234436e+01
6573.53348045 -1.17211113e+01
6573.58906646 9.29185867e+00
6573.64465247 1.95899601e+01
6573.70023848 1.83761215e+00
6573.75582449 -2.60393219e+01
6573.81141050 1.24307251e+00
6573.86699651 1.47845497e+01
6573.92258252 8.01945114e+00
6573.97816853 -2.86836853e+01
6574.03375454 6.41169739e+00
6574.08934055 1.98154106e+01
6574.14492656 1.28047333e+01
6574.20051257 -7.38940811e+00
6574.25609858 -4.42493820e+00
6574.31168459 -8.16474533e+00
6574.36727060 -3.46786766e+01
6574.42285661 3.83164330e+01
6574.47844262 1.63383636e+01
6574.53402863 -7.32854843e+00
6574.58961464 -6.84052658e+00
6574.64520065 2.20582581e+01
6574.70078666 -2.62839298e+01
6574.75637267 2.24011154e+01
6574.81195868 -8.68099976e+00
6574.86754469 7.49682999e+00
6574.92313070 1.20203133e+01
6574.97871671 -5.44383621e+00
6575.03430272 2.37782116e+01
6575.08988873 2.56434746e+01
6575.14547474 7.72440033e+01
6575.20106075 -4.04928741e+01
6575.25664676 -1.79103069e+01
6575.31223277 1.13906593e+01
6575.36781878 -1.25892334e+01
6575.42340479 4.99699783e+00
6575.47899081 2.00782738e+01
6575.53457682 -5.27768707e+00
6575.59016283 -3.06627274e+00
6575.64574884 1.18065643e+01
6575.70133485 -7.07321548e+00
6575.75692086 8.27809143e+00
6575.81250687 5.01214600e+00
6575.86809288 1.63444729e+01
6575.92367889 1.67838936e+01
6575.97926490 3.70976868e+01
6576.03485091 -2.45545387e+01
6576.09043692 1.10512924e+01
6576.14602293 1.01865311e+01
6576.20160894 2.33998260e+01
6576.25719495 4.43196945e+01
6576.31278096 -2.10987606e+01
6576.36836697 -1.33793488e+01
6576.42395298 -6.95236206e+00
6576.47953899 -2.36236420e+01
6576.53512500 5.38891602e+00
6576.59071101 -2.59307327e+01
6576.64629702 2.31109047e+01
6576.70188303 -2.32582417e+01
6576.75746904 2.53873901e+01
6576.81305505 -1.78167839e+01
6576.86864106 -1.57480907e+01
6576.92422707 -1.26330528e+01
6576.97981308 -1.01882935e+00
6577.03539909 1.14540253e+01
6577.09098510 2.13859940e+01
6577.14657111 5.35897827e+00
6577.20215712 -1.31502819e+01
6577.25774313 3.97645187e+00
6577.31332914 4.35913925e+01
6577.36891515 2.25919895e+01
6577.42450116 -1.18788834e+01
6577.48008717 5.73925781e+00
6577.53567318 -2.02542343e+01
6577.59125919 1.72772713e+01
6577.64684520 -3.69899750e+00
6577.70243121 8.15221786e+00
6577.75801722 1.36970139e+00
6577.81360323 -8.78396225e+00
6577.86918924 -1.11318207e+01
6577.92477525 2.03547421e+01
6577.98036126 1.81220741e+01
6578.03594727 -6.21208191e-01
6578.09153328 2.13030205e+01
6578.14711929 1.30446472e+01
6578.20270530 -3.06787491e+00
6578.25829131 -8.13516235e+00
6578.31387732 -1.53644524e+01
6578.36946334 -3.84951782e+00
6578.42504935 2.36012726e+01
6578.48063536 1.53639107e+01
6578.53622137 -1.73345947e+01
6578.59180738 -2.15836716e+01
6578.64739339 1.66912460e+01
6578.70297940 -8.74260712e+00
6578.75856541 -6.86465836e+00
6578.81415142 -7.86231995e+00
6578.86973743 -3.10415039e+01
6578.92532344 -1.25078850e+01
6578.98090945 7.66109848e+00
6579.03649546 8.78060913e+00
6579.09208147 9.36871338e+00
6579.14766748 -7.22382736e+00
6579.20325349 -2.16987514e+01
6579.25883950 -2.04144211e+01
6579.31442551 -2.95740795e+01
6579.37001152 -2.07429390e+01
6579.42559753 1.17140045e+01
6579.48118354 -2.23343468e+00
6579.53676955 1.76099052e+01
6579.59235556 2.44803925e+01
6579.64794157 1.72976990e+01
6579.70352758 1.55899582e+01
6579.75911359 8.94485664e+00
6579.81469960 8.87229919e-01
6579.87028561 -2.61734390e+00
6579.92587162 4.03734741e+01
6579.98145763 8.01599884e+00
6580.03704364 -2.52412567e+01
6580.09262965 -1.30172691e+01
6580.14821566 -1.52240562e+01
6580.20380167 -2.06496124e+01
6580.25938768 3.25630035e+01
6580.31497369 -7.95321655e+00
6580.37055970 -3.75320358e+01
6580.42614571 1.93054314e+01
6580.48173172 5.58513794e+01
6580.53731773 1.53946686e+00
6580.59290374 -1.53543205e+01
6580.64848975 2.43257217e+01
6580.70407576 -3.23905563e+01
6580.75966177 1.05661125e+01
6580.81524778 -5.22942352e+00
6580.87083379 1.19192200e+01
6580.92641980 3.86033134e+01
6580.98200581 2.20739365e+01
6581.03759182 1.25544205e+01
6581.09317783 -4.51112747e+00
6581.14876384 3.92805862e+00
6581.20434986 -3.57194099e+01
6581.25993587 1.02840805e+00
6581.31552188 -2.60885429e+01
6581.37110789 -2.47052994e+01
6581.42669390 1.84922409e+00
6581.48227991 -2.12556725e+01
6581.53786592 1.26965446e+01
6581.59345193 -2.18615894e+01
6581.64903794 4.82261658e+00
6581.70462395 2.77613220e+01
6581.76020996 3.44485474e+00
6581.81579597 8.24371338e+00
6581.87138198 2.98984642e+01
6581.92696799 -1.79029846e+00
6581.98255400 -1.90430012e+01
6582.03814001 3.57075500e+01
6582.09372602 2.93084488e+01
6582.14931203 -2.83082962e+00
6582.20489804 -1.50221558e+01
6582.26048405 2.53586082e+01
6582.31607006 -2.33702354e+01
6582.37165607 -2.04840107e+01
6582.42724208 1.45363655e+01
6582.48282809 2.99497223e+00
6582.53841410 2.80036926e+01
6582.59400011 4.81549911e+01
6582.64958612 -3.26898956e+00
6582.70517213 1.11661224e+01
6582.76075814 2.05134392e+01
6582.81634415 -3.07631302e+00
6582.87193016 6.07752991e+00
6582.92751617 5.33739433e+01
6582.98310218 2.15525055e+00
6583.03868819 3.11030197e+00
6583.09427420 2.38538132e+01
6583.14986021 3.79784508e+01
6583.20544622 2.33429375e+01
6583.26103223 1.72916260e+01
6583.31661824 6.32354164e+01
6583.37220425 4.21544228e+01
6583.42779026 3.44322357e+01
6583.48337627 7.37558594e+01
6583.53896228 3.08766975e+01
6583.59454829 7.62870789e+01
6583.65013430 7.18833694e+01
6583.70572031 3.79198074e+01
6583.76130632 -1.40157661e+01
6583.81689233 3.19236298e+01
6583.87247834 3.58782463e+01
6583.92806435 2.84141045e+01
6583.98365036 4.79631805e+00
6584.03923638 -3.34352875e+00
6584.09482239 2.68855629e+01
6584.15040840 1.59259415e+01
6584.20599441 9.30447006e+00
6584.26158042 -1.25291176e+01
6584.31716643 8.44029999e+00
6584.37275244 -5.13251877e+00
6584.42833845 -2.62716541e+01
6584.48392446 -3.22794342e+00
6584.53951047 8.95582581e+00
6584.59509648 2.08461075e+01
6584.65068249 5.09049377e+01
6584.70626850 -1.69983864e+01
6584.76185451 1.11300507e+01
6584.81744052 -2.37057915e+01
6584.87302653 6.21796455e+01
6584.92861254 8.34731674e+00
6584.98419855 3.14459801e+01
6585.03978456 -5.65233612e+00
6585.09537057 3.10927963e+00
6585.15095658 -1.61937714e+01
6585.20654259 -5.83303070e+00
6585.26212860 3.92234879e+01
6585.31771461 -3.30400314e+01
6585.37330062 -9.98810577e+00
6585.42888663 -8.02621841e+00
6585.48447264 -1.58326168e+01
6585.54005865 9.53778458e+00
6585.59564466 1.11409492e+01
6585.65123067 6.91801453e+00
6585.70681668 1.48308907e+01
6585.76240269 9.78249741e+00
6585.81798870 -1.77390594e+01
6585.87357471 -3.53704720e+01
6585.92916072 -4.93210220e+00
6585.98474673 -3.31610489e+00
6586.04033274 1.91777000e+01
6586.09591875 -1.92856598e+00
6586.15150476 3.71288490e+00
6586.20709077 1.13774757e+01
6586.26267678 -1.25260925e+00
6586.31826279 1.48681488e+01
6586.37384880 5.22986221e+00
6586.42943481 -3.02802277e+00
6586.48502082 1.50264702e+01
6586.54060683 -3.76228714e+00
6586.59619284 3.47099533e+01
6586.65177885 1.94556808e+00
6586.70736486 2.24241791e+01
6586.76295087 1.45794067e+01
6586.81853688 -9.52633381e+00
6586.87412290 -1.51187286e+01
6586.92970891 -5.91031647e+00
6586.98529492 -1.32306633e+01
6587.04088093 6.48627853e+00
6587.09646694 -3.17217140e+01
6587.15205295 -8.65717125e+00
6587.20763896 1.05272293e+01
6587.26322497 -1.07080669e+01
6587.31881098 8.42795944e+00
6587.37439699 -3.23248940e+01
6587.42998300 1.49884872e+01
6587.48556901 4.02038879e+01
6587.54115502 -2.49816284e+01
6587.59674103 1.73285446e+01
6587.65232704 4.56986313e+01
6587.70791305 -1.90753098e+01
6587.76349906 -2.20272808e+01
6587.81908507 1.96059723e+01
6587.87467108 -1.93149567e+00
6587.93025709 6.42280579e-02
6587.98584310 -1.12801170e+01
6588.04142911 -6.74713135e+00
6588.09701512 -2.59532928e+00
6588.15260113 -1.41917458e+01
6588.20818714 -6.12224579e-01
6588.26377315 1.01423702e+01
6588.31935916 2.40414810e+00
6588.37494517 2.57411461e+01
6588.43053118 -2.05835686e+01
6588.48611719 -4.74721909e-01
6588.54170320 2.36338501e+01
6588.59728921 8.93582153e+00
6588.65287522 1.95708275e+01
6588.70846123 -1.16041260e+01
6588.76404724 1.43800583e+01
6588.81963325 -2.71961555e+01
6588.87521926 2.64062233e+01
6588.93080527 1.27627945e+01
6588.98639128 -3.15960445e+01
6589.04197729 -9.59823799e+00
6589.09756330 4.06675148e+00
6589.15314931 1.31595955e+01
6589.20873532 7.14951324e+00
6589.26432133 4.26532745e-01
6589.31990734 -1.04957905e+01
6589.37549335 -2.47535706e-01
6589.43107936 1.61334267e+01
6589.48666537 4.75512695e+00
6589.54225138 -1.40470371e+01
6589.59783739 1.74959450e+01
6589.65342340 1.91738548e+01
6589.70900942 -1.42086220e+01
6589.76459543 -4.12857819e+00
6589.82018144 1.63252907e+01
6589.87576745 1.18989449e+01
6589.93135346 3.02128639e+01
6589.98693947 1.42402077e+01
6590.04252548 2.05843163e+01
6590.09811149 -1.32966938e+01
6590.15369750 2.82428703e+01
6590.20928351 -2.37800064e+01
6590.26486952 -6.62840271e+00
6590.32045553 -1.19921951e+01
6590.37604154 2.16752586e+01
6590.43162755 -8.80220032e+00
6590.48721356 -7.09754944e+00
6590.54279957 3.09550095e+00
6590.59838558 -1.19115219e+01
6590.65397159 2.63403664e+01
6590.70955760 -1.31322689e+01
6590.76514361 -2.56887589e+01
6590.82072962 -8.55059052e+00
6590.87631563 8.61574936e+00
6590.93190164 3.95486717e+01
6590.98748765 -3.41765594e+00
6591.04307366 -1.31421928e+01
6591.09865967 3.78741455e+00
6591.15424568 -9.18716049e+00
6591.20983169 -2.31050701e+01
6591.26541770 1.51318932e+01
6591.32100371 5.51652336e+00
6591.37658972 -3.52249527e+01
6591.43217573 1.30442162e+01
6591.48776174 6.14295959e-01
6591.54334775 -8.79497528e-01
6591.59893376 1.28321266e+01
6591.65451977 2.55788651e+01
6591.71010578 2.94393539e+01
6591.76569179 5.36233902e+00
6591.82127780 2.15281334e+01
6591.87686381 -4.72520065e+00
6591.93244982 1.92312050e+01
6591.98803583 1.70665741e-01
6592.04362184 9.19891357e-01
6592.09920785 5.85032272e+00
6592.15479386 -1.54822941e+01
6592.21037987 -1.06018887e+01
6592.26596588 -1.72042446e+01
6592.32155189 2.00149231e+01
6592.37713790 4.05567589e+01
6592.43272391 -3.10549507e+01
6592.48830992 7.43731308e+00
6592.54389594 -1.98771629e+01
6592.59948195 1.31673164e+01
6592.65506796 -6.18995667e+00
6592.71065397 2.33170090e+01
6592.76623998 1.68135910e+01
6592.82182599 -5.36154938e+00
6592.87741200 -2.37342949e+01
6592.93299801 -3.00242577e+01
6592.98858402 -2.91422272e+00
6593.04417003 3.25567894e+01
6593.09975604 -4.26530724e+01
6593.15534205 1.60265312e+01
6593.21092806 2.20811577e+01
6593.26651407 3.58060455e+00
6593.32210008 -1.34990463e+01
6593.37768609 -2.35200882e+00
6593.43327210 -1.70731544e+01
6593.48885811 1.05286140e+01
6593.54444412 1.78420029e+01
6593.60003013 9.89922333e+00
6593.65561614 -8.01732635e+00
6593.71120215 -1.66025620e+01
6593.76678816 2.09961700e+01
6593.82237417 -6.44413757e+00
6593.87796018 3.27329254e+00
6593.93354619 7.87678909e+00
6593.98913220 1.87984886e+01
6594.04471821 -3.42514610e+01
6594.10030422 7.73636627e+00
6594.15589023 -6.65258026e+00
6594.21147624 1.23892555e+01
6594.26706225 -3.37785149e+00
6594.32264826 -2.00801888e+01
6594.37823427 -9.48130417e+00
6594.43382028 7.53738022e+00
6594.48940629 5.77476883e+00
6594.54499230 -7.24617195e+00
6594.60057831 -6.42127228e+00
6594.65616432 1.44178162e+01
6594.71175033 2.18047485e+01
6594.76733634 -1.61668396e+01
6594.82292235 -1.30279465e+01
6594.87850836 2.61172886e+01
6594.93409437 2.18701172e+01
6594.98968038 1.68069992e+01
6595.04526639 2.14512806e+01
6595.10085240 -1.19785690e+01
6595.15643841 -3.34093933e+01
6595.21202442 -5.85407257e-01
6595.26761043 1.54329643e+01
6595.32319644 -7.59498215e+00
6595.37878246 -3.91746521e-01
6595.43436847 2.22275543e+01
6595.48995448 5.78617096e-01
6595.54554049 1.30699463e+01
6595.60112650 -1.22449570e+01
6595.65671251 -7.38819504e+00
6595.71229852 8.60900879e-01
6595.76788453 -1.99898148e+00
6595.82347054 -1.85570679e+01
6595.87905655 3.27465820e+00
6595.93464256 8.45554161e+00
6595.99022857 1.34828701e+01
6596.04581458 2.58765335e+01
6596.10140059 5.17177963e+00
6596.15698660 -4.05151558e+01
6596.21257261 -1.30602455e+01
6596.26815862 2.94714565e+01
6596.32374463 2.15152626e+01
6596.37933064 4.64535980e+01
6596.43491665 -6.42613983e+00
6596.49050266 -1.96099968e+01
6596.54608867 -7.45171356e+00
6596.60167468 3.35801773e+01
6596.65726069 1.47464314e+01
6596.71284670 -1.66086960e+01
6596.76843271 7.60617065e+00
6596.82401872 2.79588699e+00
6596.87960473 -2.91849899e+01
6596.93519074 1.90268784e+01
6596.99077675 3.11971054e+01
6597.04636276 3.29954338e+01
6597.10194877 2.54632950e+00
6597.15753478 -1.25260010e+01
6597.21312079 -4.64257812e+00
6597.26870680 2.47779541e+01
6597.32429281 9.23476982e+00
6597.37987882 1.70256424e+01
6597.43546483 -2.87291336e+00
6597.49105084 8.69792938e-01
6597.54663685 7.41934204e+00
6597.60222286 4.98163986e+00
6597.65780887 -9.34539795e-01
6597.71339488 -1.94292793e+01
6597.76898089 2.93372154e+00
6597.82456690 3.39305878e-01
6597.88015291 -6.67687607e+00
6597.93573892 1.99728470e+01
6597.99132493 1.34375381e+00
6598.04691094 1.15762043e+01
6598.10249695 -1.27147789e+01
6598.15808296 -7.53959465e+00
6598.21366898 -1.74865494e+01
6598.26925499 -1.23509598e+01
6598.32484100 -6.42131042e+00
6598.38042701 -1.70263538e+01
6598.43601302 -9.29690933e+00
6598.49159903 1.70470810e+00
6598.54718504 -3.65143280e+01
6598.60277105 4.40524292e+00
6598.65835706 2.40347023e+01
6598.71394307 -3.51769447e+01
6598.76952908 8.32103539e+00
6598.82511509 1.65683651e+01
6598.88070110 -6.56990051e-01
6598.93628711 1.41519241e+01
6598.99187312 1.75778503e+01
6599.04745913 -5.07506180e+00
6599.10304514 1.78106308e+00
6599.15863115 7.12727432e+01
6599.21421716 2.18033485e+01
6599.26980317 -1.97883530e+01
6599.32538918 -6.37981033e+00
6599.38097519 2.18149872e+01
6599.43656120 1.74568558e+00
6599.49214721 -1.31284523e+01
6599.54773322 1.39190750e+01
6599.60331923 -5.21770477e+00
6599.65890524 -2.65579643e+01
6599.71449125 3.56553192e+01
6599.77007726 -9.89751053e+00
6599.82566327 2.08466225e+01
6599.88124928 8.29152679e+00
6599.93683529 -1.36161156e+01
6599.99242130 2.91508732e+01
6600.04800731 -1.02581024e+01
6600.10359332 -1.96062393e+01
6600.15917933 -1.59058266e+01
6600.21476534 1.59097462e+01
6600.27035135 9.92359543e+00
6600.32593736 8.53643799e+00
6600.38152337 9.43060303e+00
6600.43710938 1.80078545e+01
6600.49269539 -1.04229507e+01
6600.54828140 1.46851349e+00
6600.60386741 -2.63703270e+01
6600.65945342 -5.74384575e+01
6600.71503943 -5.46375275e+00
6600.77062544 8.29364395e+00
6600.82621145 4.31260529e+01
6600.88179746 -1.20505123e+01
6600.93738347 -5.78547287e+00
6600.99296948 -5.16020203e+00
6601.04855550 -1.41577435e+01
6601.10414151 1.72167320e+01
6601.15972752 2.19308510e+01
6601.21531353 -1.88278866e+01
6601.27089954 2.87101364e+00
