# Rest-frame spectrum generated from: N5204A0004o_1d.fits
# lambda_Ha_obs = 6566.16400000 Angstrom
# lambda_Ha_rest = 6562.80000000 Angstrom
# z_Ha = 5.1258609130e-04
# v_Ha_relativistic = 153.630060 km/s
# v_Ha_classical = 153.669444 km/s
# columns: wavelength_rest[Angstrom] flux_or_counts

6552.94622669 -9.75538635e+00
6553.00183576 -9.75563812e+00
6553.05744484 -9.75498772e+00
6553.11305391 -9.75541687e+00
6553.16866299 -9.75399780e+00
6553.22427206 -9.75566673e+00
6553.27988114 -9.75317860e+00
6553.33549021 -9.70846558e+00
6553.39109929 -9.66071415e+00
6553.44670836 -9.61434746e+00
6553.50231744 -9.56430721e+00
6553.55792651 -7.91450500e+00
6553.61353559 -2.54575157e+00
6553.66914466 -2.49299049e+00
6553.72475374 4.24911499e-01
6553.78036281 6.85383224e+00
6553.83597189 6.08668709e+00
6553.89158096 1.08951988e+01
6553.94719004 -7.30017281e+00
6554.00279911 6.48964500e+00
6554.05840819 -3.77164555e+00
6554.11401726 2.17903194e+01
6554.16962634 1.53204002e+01
6554.22523541 -1.48814583e+00
6554.28084449 -2.22082844e+01
6554.33645356 1.64806499e+01
6554.39206264 3.50512238e+01
6554.44767171 -1.55667772e+01
6554.50328079 7.43188667e+00
6554.55888986 -1.26294851e+01
6554.61449894 -8.69609261e+00
6554.67010801 -1.03194923e+01
6554.72571709 1.45329514e+01
6554.78132616 1.61427822e+01
6554.83693524 1.36805744e+01
6554.89254431 1.26906586e+00
6554.94815339 2.23680229e+01
6555.00376246 7.02286530e+00
6555.05937154 -7.55582333e+00
6555.11498061 6.75117970e+00
6555.17058969 -8.94766617e+00
6555.22619876 -1.14014072e+01
6555.28180784 -1.39602060e+01
6555.33741691 -3.93923759e+00
6555.39302599 7.25889969e+00
6555.44863506 3.66242599e+00
6555.50424414 -1.99515915e+00
6555.55985321 1.71008778e+00
6555.61546229 2.83427181e+01
6555.67107136 8.10331726e+00
6555.72668044 6.31600761e+00
6555.78228951 1.93048992e+01
6555.83789859 1.30402851e+01
6555.89350766 6.78670883e-01
6555.94911674 1.46957741e+01
6556.00472581 -2.28988609e+01
6556.06033489 -7.98297691e+00
6556.11594396 9.54805374e-01
6556.17155304 1.86491032e+01
6556.22716211 -2.13556519e+01
6556.28277119 -2.44512405e+01
6556.33838026 1.61905880e+01
6556.39398934 -4.52303314e+00
6556.44959841 -3.07733498e+01
6556.50520749 -1.39404774e+00
6556.56081656 1.02203608e+01
6556.61642564 2.17743874e+00
6556.67203471 3.03089905e+00
6556.72764379 -9.04360580e+00
6556.78325286 -1.07270603e+01
6556.83886194 4.51347351e-01
6556.89447101 1.38644981e+00
6556.95008009 1.42874146e+00
6557.00568916 1.22710018e+01
6557.06129824 -3.29035416e+01
6557.11690731 -8.02892303e+00
6557.17251639 1.75321198e+00
6557.22812546 9.98312759e+00
6557.28373454 -8.61316681e-01
6557.33934361 -2.89271164e+00
6557.39495269 2.37866402e+01
6557.45056176 -6.95333576e+00
6557.50617084 -1.50824070e+01
6557.56177991 1.45608349e+01
6557.61738899 6.17054939e+00
6557.67299806 -1.94792175e+00
6557.72860714 -1.59271049e+00
6557.78421621 1.12483540e+01
6557.83982529 2.14618683e-01
6557.89543436 -6.12314129e+00
6557.95104344 2.13981380e+01
6558.00665251 -5.80480576e-01
6558.06226159 -2.21457062e+01
6558.11787066 -8.82064724e+00
6558.17347974 -7.94372749e+00
6558.22908881 2.53258209e+01
6558.28469789 -2.21049404e+01
6558.34030696 -1.49019108e+01
6558.39591604 9.74996758e+00
6558.45152511 2.05766716e+01
6558.50713419 8.31192589e+00
6558.56274326 -1.12382851e+01
6558.61835234 -1.46085577e+01
6558.67396141 1.27597237e+00
6558.72957049 -5.74570274e+00
6558.78517956 2.06830826e+01
6558.84078864 1.31336117e+01
6558.89639771 -1.45289040e+00
6558.95200679 -1.26143570e+01
6559.00761586 -1.45825443e+01
6559.06322494 2.64580612e+01
6559.11883401 7.76894379e+00
6559.17444309 2.55836525e+01
6559.23005216 1.15188408e+01
6559.28566124 6.75048065e+00
6559.34127031 2.14893265e+01
6559.39687939 2.16994286e+00
6559.45248846 1.95965405e+01
6559.50809754 5.97016335e+00
6559.56370661 -1.14561205e+01
6559.61931569 -4.55949783e+00
6559.67492476 4.46315575e+00
6559.73053384 -1.05722332e+01
6559.78614291 -1.24867802e+01
6559.84175199 9.07414436e+00
6559.89736106 -4.62034035e+00
6559.95297013 -8.67821884e+00
6560.00857921 1.27258263e+01
6560.06418828 1.35231895e+01
6560.11979736 3.55317764e+01
6560.17540643 1.97087574e+01
6560.23101551 -3.47535515e+00
6560.28662458 -2.82984734e+00
6560.34223366 1.90964546e+01
6560.39784273 2.13269882e+01
6560.45345181 2.89180756e+00
6560.50906088 4.87753868e+00
6560.56466996 1.80615196e+01
6560.62027903 -8.59032917e+00
6560.67588811 -2.38474655e+00
6560.73149718 -1.20158443e+01
6560.78710626 -2.11880417e+01
6560.84271533 2.02189865e+01
6560.89832441 3.31641006e+00
6560.95393348 -3.48860741e+00
6561.00954256 -1.78857689e+01
6561.06515163 3.94916916e+00
6561.12076071 -1.08483238e+01
6561.17636978 7.45306015e+00
6561.23197886 2.85555611e+01
6561.28758793 2.23002968e+01
6561.34319701 3.47514534e+00
6561.39880608 -1.11949730e+01
6561.45441516 -1.29043436e+01
6561.51002423 -1.81642914e+00
6561.56563331 -3.59221840e+00
6561.62124238 1.66568890e+01
6561.67685146 2.71730347e+01
6561.73246053 9.86063004e-01
6561.78806961 -9.39775658e+00
6561.84367868 1.75913525e+01
6561.89928776 2.23189487e+01
6561.95489683 2.99893837e+01
6562.01050591 4.71106796e+01
6562.06611498 6.42845154e+01
6562.12172406 6.71912231e+01
6562.17733313 8.05869980e+01
6562.23294221 7.64991913e+01
6562.28855128 8.89859467e+01
6562.34416036 1.50322891e+02
6562.39976943 1.77814453e+02
6562.45537851 1.79543625e+02
6562.51098758 2.32699127e+02
6562.56659666 2.67581390e+02
6562.62220573 2.67295197e+02
6562.67781481 2.84827606e+02
6562.73342388 3.12393768e+02
6562.78903296 2.72189789e+02
6562.84464203 2.72065613e+02
6562.90025111 2.37362534e+02
6562.95586018 2.00139786e+02
6563.01146926 1.97875305e+02
6563.06707833 1.77916229e+02
6563.12268741 1.33851089e+02
6563.17829648 1.32982513e+02
6563.23390556 7.88654785e+01
6563.28951463 6.41104584e+01
6563.34512371 2.83186226e+01
6563.40073278 1.12810707e+01
6563.45634186 -8.92515182e-01
6563.51195093 -7.74349022e+00
6563.56756001 -1.82295036e+00
6563.62316908 1.76584740e+01
6563.67877816 3.66058502e+01
6563.73438723 1.06381016e+01
6563.78999631 9.27787590e+00
6563.84560538 2.74585533e+00
6563.90121446 2.73848724e+00
6563.95682353 -4.78059387e+00
6564.01243261 1.85747337e+00
6564.06804168 -1.98375969e+01
6564.12365076 -1.56872425e+01
6564.17925983 4.17204762e+00
6564.23486891 8.91851807e+00
6564.29047798 -5.36664772e+00
6564.34608706 2.68014908e+01
6564.40169613 9.78504562e+00
6564.45730521 -8.19532394e+00
6564.51291428 2.12467651e+01
6564.56852336 3.05740643e+01
6564.62413243 1.09049740e+01
6564.67974151 4.79289627e+00
6564.73535058 -4.70705032e-01
6564.79095966 1.33327436e+01
6564.84656873 -2.95712852e+00
6564.90217781 1.50833626e+01
6564.95778688 2.48084679e+01
6565.01339596 4.59485054e+00
6565.06900503 -6.31500053e+00
6565.12461411 6.80553818e+00
6565.18022318 4.95355225e+00
6565.23583226 -2.38202801e+01
6565.29144133 -9.09375381e+00
6565.34705041 5.49873734e+00
6565.40265948 -1.34907799e+01
6565.45826856 1.10756454e+01
6565.51387763 3.31597900e+00
6565.56948671 6.14067459e+00
6565.62509578 -9.33618736e+00
6565.68070486 1.49907961e+01
6565.73631393 -5.80926895e-01
6565.79192301 -9.51724625e+00
6565.84753208 8.78191185e+00
6565.90314116 -4.39355087e+00
6565.95875023 2.52326126e+01
6566.01435931 1.27008076e+01
6566.06996838 -1.62487679e+01
6566.12557746 3.07694817e+00
6566.18118653 1.98101425e+00
6566.23679561 -2.81386566e+00
6566.29240468 -6.41013432e+00
6566.34801376 6.39650822e+00
6566.40362283 7.68935394e+00
6566.45923191 1.83964443e+00
6566.51484098 -4.42642975e+00
6566.57045006 -3.57392120e+00
6566.62605913 -1.03965292e+01
6566.68166821 -1.38532848e+01
6566.73727728 -8.40824699e+00
6566.79288636 1.50491486e+01
6566.84849543 -1.00040188e+01
6566.90410451 2.25841904e+00
6566.95971358 1.98863621e+01
6567.01532266 -1.18854933e+01
6567.07093173 9.81250763e-01
6567.12654081 1.38969612e+00
6567.18214988 2.07148399e+01
6567.23775896 1.20233250e+00
6567.29336803 -5.09029007e+00
6567.34897711 1.71141758e+01
6567.40458618 1.56336937e+01
6567.46019526 1.22093639e+01
6567.51580433 1.50214958e+00
6567.57141341 -8.77665329e+00
6567.62702248 2.27044659e+01
6567.68263156 7.32150459e+00
6567.73824063 -1.35838070e+01
6567.79384971 -9.83284569e+00
6567.84945878 -1.13364592e+01
6567.90506786 -1.76406803e+01
6567.96067693 4.77598763e+00
6568.01628601 1.71917820e+01
6568.07189508 -7.89916801e+00
6568.12750416 -1.82377510e+01
6568.18311323 8.04799557e+00
6568.23872231 6.44929314e+00
6568.29433138 -1.11276922e+01
6568.34994046 -8.25646400e+00
6568.40554953 2.29490318e+01
6568.46115861 2.22649422e+01
6568.51676768 8.67365837e+00
6568.57237676 1.34998379e+01
6568.62798583 -4.75746155e+00
6568.68359491 -1.50198088e+01
6568.73920398 -8.63960266e+00
6568.79481306 -5.28301620e+00
6568.85042213 -5.76543427e+00
6568.90603121 -1.34307280e+01
6568.96164028 -1.14782534e+01
6569.01724936 -3.66946793e+00
6569.07285843 2.66382027e+00
6569.12846751 -1.87403526e+01
6569.18407658 -1.24429073e+01
6569.23968566 2.33646946e+01
6569.29529473 1.42828560e+00
6569.35090381 1.69116974e-01
6569.40651288 8.05611229e+00
6569.46212196 -1.08995743e+01
6569.51773103 -1.44244480e+01
6569.57334011 5.87831497e-01
6569.62894918 -1.60604095e+01
6569.68455826 2.11206875e+01
6569.74016733 6.15020752e+00
6569.79577641 1.36682596e+01
6569.85138548 -6.83249378e+00
6569.90699456 -8.41858387e+00
6569.96260363 3.23269463e+00
6570.01821271 1.77830505e+01
6570.07382178 3.65503311e+00
6570.12943086 4.20270348e+00
6570.18503993 1.05114899e+01
6570.24064900 5.56788063e+00
6570.29625808 9.05757713e+00
6570.35186715 -1.00691986e+01
6570.40747623 -1.63195705e+01
6570.46308530 -1.25383949e+00
6570.51869438 2.92705345e+00
6570.57430345 6.59721375e-01
6570.62991253 -9.57822990e+00
6570.68552160 -9.06830978e+00
6570.74113068 6.56624413e+00
6570.79673975 -3.47436905e-01
6570.85234883 1.27553635e+01
6570.90795790 -1.37622318e+01
6570.96356698 4.66563225e+00
6571.01917605 -9.04496574e+00
6571.07478513 -2.43846226e+01
6571.13039420 -5.17623043e+00
6571.18600328 1.33795862e+01
6571.24161235 2.48641033e+01
6571.29722143 2.42376785e+01
6571.35283050 -6.22183228e+00
6571.40843958 -5.63943863e+00
6571.46404865 -8.73776531e+00
6571.51965773 -6.21417999e-01
6571.57526680 1.00887012e+01
6571.63087588 4.35037231e+00
6571.68648495 1.51402950e+01
6571.74209403 -2.05383186e+01
6571.79770310 1.58261738e+01
6571.85331218 1.10523148e+01
6571.90892125 -2.13371601e+01
6571.96453033 1.63951473e+01
6572.02013940 2.29444828e+01
6572.07574848 -1.73638458e+01
6572.13135755 1.78719788e+01
6572.18696663 3.96786880e+00
6572.24257570 1.28720856e+00
6572.29818478 2.90599747e+01
6572.35379385 -4.12158012e+00
6572.40940293 2.02116013e-01
6572.46501200 1.39771576e+01
6572.52062108 2.76908493e+01
6572.57623015 9.07648277e+00
6572.63183923 6.84045696e+00
6572.68744830 1.43270264e+01
6572.74305738 3.17887917e+01
6572.79866645 -2.35100555e+00
6572.85427553 1.75684967e+01
6572.90988460 1.84420776e+00
6572.96549368 -1.45439434e+01
6573.02110275 -1.18499451e+01
6573.07671183 5.93994331e+00
6573.13232090 3.44619751e-02
6573.18792998 5.80700302e+00
6573.24353905 1.27571011e+01
6573.29914813 7.57815742e+00
6573.35475720 -2.15846634e+00
6573.41036628 1.73579426e+01
6573.46597535 1.70430183e+01
6573.52158443 4.70231628e+00
6573.57719350 -1.11093903e+00
6573.63280258 -3.99918938e+00
6573.68841165 7.18916702e+00
6573.74402073 2.58781052e+00
6573.79962980 1.90374756e+01
6573.85523888 1.73809853e+01
6573.91084795 4.80870667e+01
6573.96645703 2.09116554e+01
6574.02206610 -2.05644779e+01
6574.07767518 1.59142857e+01
6574.13328425 -2.16051388e+00
6574.18889333 9.18439293e+00
6574.24450240 1.49509068e+01
6574.30011148 -1.23810349e+01
6574.35572055 -1.40007505e+01
6574.41132963 1.38577614e+01
6574.46693870 8.94540501e+00
6574.52254778 9.95594215e+00
6574.57815685 1.26273880e+01
6574.63376593 5.29167747e+00
6574.68937500 3.87786674e+00
6574.74498408 2.00584984e+00
6574.80059315 1.35608158e+01
6574.85620223 2.24350815e+01
6574.91181130 -2.25412846e+01
6574.96742038 -1.22154770e+01
6575.02302945 -1.51321983e+01
6575.07863853 -2.96163082e+00
6575.13424760 -3.88780785e+00
6575.18985668 -1.26095104e+00
6575.24546575 -1.59025764e+00
6575.30107483 -4.03046036e+00
6575.35668390 -4.82883453e-01
6575.41229298 3.66285133e+00
6575.46790205 9.58434200e+00
6575.52351113 -1.63979149e+00
6575.57912020 1.09180946e+01
6575.63472928 2.20467052e+01
6575.69033835 1.41453819e+01
6575.74594743 -1.36061668e+00
6575.80155650 2.01893120e+01
6575.85716558 1.45829277e+01
6575.91277465 -4.36210632e+00
6575.96838373 -1.61170006e+01
6576.02399280 -1.40891304e+01
6576.07960188 -1.77206745e+01
6576.13521095 -8.14224625e+00
6576.19082003 2.36925449e+01
6576.24642910 4.38349152e+00
6576.30203818 1.47789745e+01
6576.35764725 6.00170135e+00
6576.41325633 4.29916000e+00
6576.46886540 -1.18555899e+01
6576.52447448 -6.65557098e+00
6576.58008355 7.49768066e+00
6576.63569263 -1.36931133e+01
6576.69130170 3.63998222e+00
6576.74691078 5.45661545e+00
6576.80251985 7.75315857e+00
6576.85812893 -2.42389221e+01
6576.91373800 -2.75640564e+01
6576.96934708 2.13346939e+01
6577.02495615 -5.85134697e+00
6577.08056523 -2.74819241e+01
6577.13617430 3.56710052e+00
6577.19178338 9.00510216e+00
6577.24739245 -7.05915546e+00
6577.30300153 -9.00002480e+00
6577.35861060 8.17655563e-01
6577.41421968 -1.09252872e+01
6577.46982875 -7.51644897e+00
6577.52543783 2.48063717e+01
6577.58104690 8.07144737e+00
6577.63665598 -3.89088821e+00
6577.69226505 -1.60043468e+01
6577.74787413 -7.08650017e+00
6577.80348320 2.06978035e+00
6577.85909228 -9.56176758e-01
6577.91470135 -2.03885651e+00
6577.97031043 1.31669235e+01
6578.02591950 1.04318848e+01
6578.08152858 -3.48485184e+00
6578.13713765 -1.16645432e+01
6578.19274673 1.17051258e+01
6578.24835580 2.63566322e+01
6578.30396488 -3.49197006e+00
6578.35957395 3.04234505e+00
6578.41518303 2.54270096e+01
6578.47079210 -8.16192055e+00
6578.52640118 -3.94761925e+01
6578.58201025 1.30021896e+01
6578.63761933 1.82091484e+01
6578.69322840 -1.09157181e+00
6578.74883748 1.79120750e+01
6578.80444655 1.36766491e+01
6578.86005563 9.33243561e+00
6578.91566470 1.72849941e+00
6578.97127378 4.08913422e+00
6579.02688285 -6.33601570e+00
6579.08249193 1.04529190e+01
6579.13810100 -5.28143501e+00
6579.19371008 7.63005829e+00
6579.24931915 1.94562531e+01
6579.30492823 -2.94694138e+00
6579.36053730 -1.50637417e+01
6579.41614638 3.58161449e+00
6579.47175545 -1.31723766e+01
6579.52736453 2.01190548e+01
6579.58297360 1.53958092e+01
6579.63858268 1.12605286e+00
6579.69419175 1.40429096e+01
6579.74980083 -1.89398918e+01
6579.80540990 2.32421875e+00
6579.86101898 -1.24305344e+00
6579.91662805 7.13924408e-01
6579.97223713 1.79711609e+01
6580.02784620 1.21992722e+01
6580.08345528 2.26932755e+01
6580.13906435 1.28262711e+00
6580.19467343 -6.01475716e+00
6580.25028250 -5.21017075e+00
6580.30589158 -2.03719292e+01
6580.36150065 1.41174984e+01
6580.41710973 8.70919418e+00
6580.47271880 8.86631393e+00
6580.52832787 3.27035522e+00
6580.58393695 1.90181732e-01
6580.63954602 -1.85972538e+01
6580.69515510 -1.64288902e+00
6580.75076417 1.65284195e+01
6580.80637325 -5.11684799e+00
6580.86198232 -1.55015755e+00
6580.91759140 -1.91591015e+01
6580.97320047 4.00960922e+00
6581.02880955 -6.77488708e+00
6581.08441862 2.43288136e+01
6581.14002770 2.57059097e-01
6581.19563677 6.59351349e-02
6581.25124585 -2.15461292e+01
6581.30685492 4.21640968e+00
6581.36246400 -3.32248878e+00
6581.41807307 2.18308086e+01
6581.47368215 5.46389771e+00
6581.52929122 1.81745319e+01
6581.58490030 2.79540443e+00
6581.64050937 3.59210968e-02
6581.69611845 -3.19300652e+00
6581.75172752 -8.82399559e+00
6581.80733660 -5.69923401e-01
6581.86294567 6.73623657e+00
6581.91855475 1.22347088e+01
6581.97416382 -8.29143524e-01
6582.02977290 5.51061630e+00
6582.08538197 -3.44675064e+00
6582.14099105 -3.69185638e+00
6582.19660012 7.52909279e+00
6582.25220920 1.83525581e+01
6582.30781827 9.64882851e+00
6582.36342735 2.29666767e+01
6582.41903642 1.45782204e+01
6582.47464550 2.21162128e+01
6582.53025457 8.58533287e+00
6582.58586365 -2.69600868e+00
6582.64147272 -6.35998154e+00
6582.69708180 -2.19950867e+00
6582.75269087 7.10201263e-01
6582.80829995 4.72764282e+01
6582.86390902 -2.68055058e+00
6582.91951810 1.08520145e+01
6582.97512717 6.68293953e+00
6583.03073625 1.52282543e+01
6583.08634532 1.10460186e+00
6583.14195440 2.05577030e+01
6583.19756347 2.03317585e+01
6583.25317255 1.40004539e+01
6583.30878162 8.93961334e+00
6583.36439070 7.80471802e+00
6583.41999977 1.28102856e+01
6583.47560885 1.25319538e+01
6583.53121792 2.18107796e+00
6583.58682700 6.89809799e+00
6583.64243607 1.92139435e+00
6583.69804515 -8.17728806e+00
6583.75365422 2.19861794e+00
6583.80926330 5.42177200e+00
6583.86487237 2.06499825e+01
6583.92048145 2.48039227e+01
6583.97609052 1.18678761e+01
6584.03169960 -2.30731392e+00
6584.08730867 1.53255081e+00
6584.14291775 -1.13090048e+01
6584.19852682 -1.88995609e+01
6584.25413590 7.21297264e-01
6584.30974497 -2.59748993e+01
6584.36535405 -4.11802673e+00
6584.42096312 6.81632423e+00
6584.47657220 1.13246803e+01
6584.53218127 -7.96584988e+00
6584.58779035 -1.50302429e+01
6584.64339942 2.24067535e+01
6584.69900850 -7.51921749e+00
6584.75461757 1.36043034e+01
6584.81022665 8.13177299e+00
6584.86583572 -1.02225990e+01
6584.92144480 -1.05339689e+01
6584.97705387 8.24359703e+00
6585.03266295 -1.67887230e+01
6585.08827202 -1.14196701e+01
6585.14388110 -2.16340446e+00
6585.19949017 4.88503265e+00
6585.25509925 4.01478577e+00
6585.31070832 5.82696342e+00
6585.36631740 -1.91645870e+01
6585.42192647 -8.02335930e+00
6585.47753555 -1.42858505e+00
6585.53314462 5.93505573e+00
6585.58875370 -1.41843987e+00
6585.64436277 1.14410267e+01
6585.69997185 1.97654362e+01
6585.75558092 -1.29352570e+00
6585.81119000 -1.42692165e+01
6585.86679907 3.02975655e+00
6585.92240815 -2.21777096e+01
6585.97801722 -2.42454338e+00
6586.03362630 -7.40764332e+00
6586.08923537 3.23410416e+01
6586.14484445 2.52973976e+01
6586.20045352 -2.65293312e+00
6586.25606260 -4.82528496e+00
6586.31167167 -1.39692984e+01
6586.36728075 8.78338051e+00
6586.42288982 -1.90102959e+01
6586.47849890 -1.01565742e+00
6586.53410797 -3.75494003e-01
6586.58971705 1.51063452e+01
6586.64532612 -3.73329544e+00
6586.70093520 1.05155182e+01
6586.75654427 1.69395714e+01
6586.81215335 1.33556137e+01
6586.86776242 1.51689987e+01
6586.92337150 -3.33445740e+00
6586.97898057 8.04882812e+00
6587.03458965 -1.33155251e+01
6587.09019872 -1.38825693e+01
6587.14580780 -4.40809155e+00
6587.20141687 -1.48539238e+01
6587.25702595 8.27042389e+00
6587.31263502 1.31510582e+01
6587.36824410 -1.22988091e+01
6587.42385317 -1.37871265e+01
6587.47946225 -1.66549759e+01
6587.53507132 -1.93078880e+01
6587.59068040 -1.48194304e+01
6587.64628947 -1.57113285e+01
6587.70189855 1.57709274e+01
6587.75750762 6.13345528e+00
6587.81311670 -1.90961704e+01
6587.86872577 -2.76156235e+00
6587.92433485 -2.07494659e+01
6587.97994392 7.88523102e+00
6588.03555300 2.88882599e+01
6588.09116207 -1.97290611e+00
6588.14677115 -6.46522713e+00
6588.20238022 2.50222950e+01
6588.25798930 1.59222221e+00
6588.31359837 -1.10237427e+01
6588.36920745 8.23723984e+00
6588.42481652 -9.86656761e+00
6588.48042560 4.01304436e+01
6588.53603467 -1.45354271e+00
6588.59164375 -3.97805405e+00
6588.64725282 1.71500702e+01
6588.70286190 -5.50815582e+00
6588.75847097 -8.90873909e+00
6588.81408005 2.69869518e+01
6588.86968912 1.04924698e+01
6588.92529820 -2.75449924e+01
6588.98090727 4.01025009e+00
6589.03651635 6.10978889e+00
6589.09212542 -9.53025627e+00
6589.14773450 7.00759888e-03
6589.20334357 3.41516113e+00
6589.25895265 -2.75522041e+01
6589.31456172 1.32369995e-01
6589.37017080 -3.86947250e+00
6589.42577987 -8.99936676e-01
6589.48138895 1.05903225e+01
6589.53699802 -8.55320740e+00
6589.59260710 2.20628738e+00
6589.64821617 2.84765625e+00
6589.70382525 -2.17500725e+01
6589.75943432 -6.67871666e+00
6589.81504340 1.22073364e+01
6589.87065247 -7.32506371e+00
6589.92626155 6.12882423e+00
6589.98187062 1.28660564e+01
6590.03747970 4.34023476e+00
6590.09308877 2.02429771e+00
6590.14869785 -5.82684326e+00
6590.20430692 -4.97705460e+00
6590.25991600 1.92760468e-01
6590.31552507 -2.90287781e+00
6590.37113415 -5.74500656e+00
6590.42674322 -2.20640907e+01
6590.48235230 -1.42822342e+01
6590.53796137 5.05267811e+00
6590.59357045 1.49579735e+01
6590.64917952 1.00109539e+01
6590.70478859 -5.35961914e+00
6590.76039767 1.23856363e+01
6590.81600674 2.13849945e+01
6590.87161582 2.38533020e+00
6590.92722489 1.60175877e+01
6590.98283397 -9.49467659e+00
6591.03844304 -6.22966957e+00
6591.09405212 5.48283005e+00
6591.14966119 9.14870834e+00
6591.20527027 -9.51870155e+00
6591.26087934 7.28696251e+00
6591.31648842 -3.10386086e+00
6591.37209749 -4.04401436e+01
6591.42770657 9.30961800e+00
6591.48331564 1.50907574e+01
6591.53892472 -1.40650368e+01
6591.59453379 -7.48615360e+00
6591.65014287 -1.17478428e+01
6591.70575194 4.22892761e+00
6591.76136102 -8.61434460e+00
6591.81697009 -9.11571693e+00
6591.87257917 -1.25395012e+01
6591.92818824 -5.80799007e+00
6591.98379732 2.22413826e+00
6592.03940639 9.94318199e+00
6592.09501547 1.58369579e+01
6592.15062454 -9.84049797e+00
6592.20623362 -1.99736023e+00
6592.26184269 2.09635315e+01
6592.31745177 1.98123035e+01
6592.37306084 2.35647144e+01
6592.42866992 -7.30980682e+00
6592.48427899 -3.40926361e+00
6592.53988807 1.13654289e+01
6592.59549714 -4.45737648e+00
6592.65110622 1.72594624e+01
6592.70671529 1.15157261e+01
6592.76232437 2.24019299e+01
6592.81793344 8.91811371e-01
6592.87354252 1.05864887e+01
6592.92915159 -1.31518383e+01
6592.98476067 1.04450512e+01
6593.04036974 -5.14986610e+00
6593.09597882 -1.36676922e+01
6593.15158789 -5.39574432e+00
6593.20719697 1.30263691e+01
6593.26280604 1.76532669e+01
6593.31841512 -2.04729080e+00
6593.37402419 -2.12327690e+01
6593.42963327 4.75822067e+00
6593.48524234 -8.75163078e+00
6593.54085142 -3.00687408e+00
6593.59646049 1.78880501e+00
6593.65206957 -1.76768341e+01
6593.70767864 1.08745708e+01
6593.76328772 1.50624981e+01
6593.81889679 3.73105621e+00
6593.87450587 -1.04174519e+01
6593.93011494 2.03370094e+00
6593.98572402 -3.50530396e+01
6594.04133309 9.59913254e-01
6594.09694217 -1.08560123e+01
6594.15255124 2.83579063e+00
6594.20816032 -1.98175621e+00
6594.26376939 6.34744835e+00
6594.31937847 2.21414852e+01
6594.37498754 1.21303616e+01
6594.43059662 1.04715919e+00
6594.48620569 -1.86857243e+01
6594.54181477 -1.93505917e+01
6594.59742384 8.37515068e+00
6594.65303292 -2.10624504e+00
6594.70864199 -1.04308701e+01
6594.76425107 -1.42176952e+01
6594.81986014 -9.13243484e+00
6594.87546922 2.16106796e+00
6594.93107829 -8.70125008e+00
6594.98668737 -2.40951385e+01
6595.04229644 -1.14502831e+01
6595.09790552 -8.67920685e+00
6595.15351459 1.74920502e+01
6595.20912367 2.34386597e+01
6595.26473274 1.01276779e+01
6595.32034182 1.64002876e+01
6595.37595089 -1.24333954e+00
6595.43155997 -1.20737267e+00
6595.48716904 1.89696693e+00
6595.54277812 6.96868134e+00
6595.59838719 -2.19249840e+01
6595.65399627 1.32862682e+01
6595.70960534 -1.80344658e+01
6595.76521442 8.68327332e+00
6595.82082349 -1.57207909e+01
6595.87643257 -1.06452408e+01
6595.93204164 1.75299606e+01
6595.98765072 -5.82713985e+00
6596.04325979 2.34470634e+01
6596.09886887 -2.55202274e+01
6596.15447794 -9.12867355e+00
6596.21008702 1.67897415e+00
6596.26569609 -3.49981117e+00
6596.32130517 -4.44770050e+00
6596.37691424 -3.15009155e+01
6596.43252332 6.86550713e+00
6596.48813239 1.77365685e+00
6596.54374147 6.17534351e+00
6596.59935054 -1.80976257e+01
6596.65495962 6.61102295e+00
6596.71056869 1.09447670e+00
6596.76617777 9.91167450e+00
6596.82178684 1.46991482e+01
6596.87739592 1.33488865e+01
6596.93300499 3.58505249e-02
6596.98861407 1.80028172e+01
6597.04422314 -2.89799824e+01
6597.09983222 -7.83292770e+00
6597.15544129 1.79918499e+01
6597.21105037 -6.76528358e+00
6597.26665944 -1.92731667e+00
6597.32226852 -1.05858631e+01
6597.37787759 -1.49206190e+01
6597.43348667 3.72305794e+01
6597.48909574 -4.93931675e+00
6597.54470482 8.28776360e+00
6597.60031389 -7.51298714e+00
6597.65592297 5.08518219e+00
6597.71153204 3.25663948e+00
6597.76714112 -1.46867390e+01
6597.82275019 -2.08538055e-01
6597.87835927 3.98147392e+00
6597.93396834 -6.66387749e+00
6597.98957742 1.62350559e+01
6598.04518649 -1.67237930e+01
6598.10079557 -2.95202827e+00
6598.15640464 3.91304398e+00
6598.21201372 -2.20981178e+01
6598.26762279 -9.58045387e+00
6598.32323187 -2.14642677e+01
6598.37884094 1.34972973e+01
6598.43445002 7.84929657e+00
6598.49005909 -4.62904739e+00
6598.54566817 2.18215179e+00
6598.60127724 -2.08396530e+00
6598.65688632 -2.45653152e+00
6598.71249539 -5.55836868e+00
6598.76810447 -1.36079521e+01
6598.82371354 1.77937927e+01
6598.87932262 7.61547279e+00
6598.93493169 -1.32667751e+01
6598.99054077 -1.35956526e+01
6599.04614984 -9.61845875e+00
6599.10175892 -4.67912674e-01
6599.15736799 8.02306366e+00
6599.21297707 -2.68422165e+01
6599.26858614 1.44952431e+01
6599.32419522 1.90232964e+01
6599.37980429 -2.05128860e+01
6599.43541337 1.21078129e+01
6599.49102244 -1.29252625e+01
6599.54663152 -1.48113594e+01
6599.60224059 -3.94952202e+00
6599.65784967 8.49136734e+00
6599.71345874 7.11049271e+00
6599.76906782 -1.29269199e+01
6599.82467689 9.64361572e+00
6599.88028597 6.14933205e+00
6599.93589504 -8.04893494e+00
6599.99150412 2.35341339e+01
6600.04711319 1.19500160e+00
6600.10272227 -2.19440231e+01
6600.15833134 -5.68270874e+00
6600.21394042 1.02838173e+01
6600.26954949 2.86750793e-02
6600.32515857 1.84605789e+00
6600.38076764 7.10875320e+00
6600.43637672 -1.27183666e+01
6600.49198579 -1.63159275e+01
6600.54759487 -1.77229156e+01
6600.60320394 9.80274200e-01
6600.65881302 -5.26203537e+00
6600.71442209 -8.18671799e+00
6600.77003117 2.60735493e+01
6600.82564024 4.40346909e+00
6600.88124932 -6.30806351e+00
6600.93685839 -3.58294868e+00
6600.99246746 -2.00834465e+01
6601.04807654 -1.74494362e+01
6601.10368561 7.52737999e+00
6601.15929469 -2.42517700e+01
6601.21490376 5.03261757e+00
6601.27051284 -3.35473824e+00
6601.32612191 -1.23129177e+01
6601.38173099 -2.23264313e+00
6601.43734006 -3.20045853e+00
6601.49294914 -2.44729538e+01
6601.54855821 -7.99069786e+00
6601.60416729 -1.51949883e+01
6601.65977636 -7.97076607e+00
6601.71538544 -1.17826862e+01
6601.77099451 1.96564007e+01
6601.82660359 -2.01915836e+01
6601.88221266 -2.98268700e+01
6601.93782174 -1.83158016e+01
6601.99343081 -6.47709084e+00
6602.04903989 1.92569733e-01
6602.10464896 2.95800591e+00
6602.16025804 -3.78083611e+00
6602.21586711 1.70455265e+01
6602.27147619 -1.18276424e+01
6602.32708526 -2.35389919e+01
6602.38269434 5.55833817e+00
6602.43830341 -1.85770378e+01
6602.49391249 -3.11200905e+00
6602.54952156 -4.34906960e+00
6602.60513064 -1.92009354e+00
6602.66073971 -1.48673573e+01
6602.71634879 2.39267349e-01
6602.77195786 -2.72572269e+01
6602.82756694 1.46655064e+01
6602.88317601 4.42975616e+00
6602.93878509 -5.27442360e+00
6602.99439416 8.93477249e+00
6603.05000324 4.68299294e+00
6603.10561231 1.14984131e+01
6603.16122139 -1.23510399e+01
6603.21683046 -1.86389065e+01
6603.27243954 -5.01750565e+00
6603.32804861 -2.78246880e+00
6603.38365769 -2.77357483e+00
6603.43926676 -2.00522346e+01
6603.49487584 -2.10117226e+01
6603.55048491 -1.56922798e+01
6603.60609399 -1.77541161e+00
6603.66170306 -1.04900379e+01
6603.71731214 -8.78250694e+00
6603.77292121 6.34291077e+00
6603.82853029 -2.22801285e+01
6603.88413936 2.27135468e+00
6603.93974844 6.09981728e+00
6603.99535751 -8.80058670e+00
6604.05096659 7.97244835e+00
6604.10657566 -4.41850662e-01
6604.16218474 -3.25794411e+00
6604.21779381 3.15536499e+00
6604.27340289 3.70311928e+00
6604.32901196 2.52066231e+00
6604.38462104 -1.67110996e+01
6604.44023011 -1.76065083e+01
6604.49583919 5.19446182e+00
6604.55144826 2.91835175e+01
6604.60705734 -4.27442741e+00
6604.66266641 -6.08979607e+00
6604.71827549 -4.08289337e+00
6604.77388456 8.95007324e+00
6604.82949364 1.60346298e+01
6604.88510271 -1.03855839e+01
6604.94071179 9.50971794e+00
6604.99632086 2.13630486e+01
6605.05192994 -3.62126999e+01
6605.10753901 5.45839310e+00
6605.16314809 2.49753952e-01
6605.21875716 1.99473133e+01
6605.27436624 -2.90578079e+00
6605.32997531 1.47085762e+00
6605.38558439 -9.04137039e+00
6605.44119346 -8.29623795e+00
6605.49680254 4.67216110e+00
6605.55241161 9.41882324e+00
6605.60802069 -1.10034704e+01
6605.66362976 -5.98019600e+00
6605.71923884 -1.76311646e+01
6605.77484791 -1.42667274e+01
6605.83045699 -3.60089111e+00
6605.88606606 4.43735886e+00
6605.94167514 -5.73215485e-01
6605.99728421 -7.95930672e+00
6606.05289329 -2.60096378e+01
6606.10850236 -2.38636723e+01
6606.16411144 -1.10022507e+01
6606.21972051 4.68777084e+00
6606.27532959 -9.88396454e+00
6606.33093866 2.47059250e+00
6606.38654774 -7.93409920e+00
6606.44215681 -8.51470947e-01
6606.49776589 -5.73094273e+00
6606.55337496 6.96200371e+00
6606.60898404 -1.05607958e+01
6606.66459311 -1.72245522e+01
6606.72020219 2.89669189e+01
6606.77581126 5.46713066e+00
6606.83142034 -1.94238014e+01
6606.88702941 1.67407990e+00
6606.94263849 2.76389885e+00
6606.99824756 -1.10787468e+01
6607.05385664 4.82637405e-01
6607.10946571 3.89792824e+00
6607.16507479 2.44881058e+01
6607.22068386 -9.71892738e+00
6607.27629294 -2.73058891e+00
6607.33190201 8.22118378e+00
6607.38751109 -1.62668266e+01
6607.44312016 -1.77574444e+01
6607.49872924 1.00163269e+01
6607.55433831 -2.76000023e+00
6607.60994739 -1.88827324e+00
6607.66555646 -9.15787125e+00
6607.72116554 -5.59370232e+00
6607.77677461 1.77977371e+01
6607.83238369 1.48013763e+01
6607.88799276 1.63414612e+01
6607.94360184 -1.73325729e+01
6607.99921091 -1.66002731e+01
6608.05481999 5.29680634e+00
6608.11042906 -1.03554726e+00
6608.16603814 -9.23733807e+00
6608.22164721 2.52357960e+01
6608.27725629 3.19449425e+00
6608.33286536 -5.08833885e+00
6608.38847444 1.63337708e-01
6608.44408351 7.41377449e+00
6608.49969259 -1.45220356e+01
6608.55530166 2.17631149e+00
6608.61091074 -6.85102463e+00
6608.66651981 6.39379120e+00
6608.72212889 3.34450836e+01
6608.77773796 1.71705837e+01
6608.83334704 -7.52521324e+00
6608.88895611 2.39538383e+00
6608.94456519 1.31075935e+01
6609.00017426 -6.54585934e+00
6609.05578334 -1.68488064e+01
6609.11139241 8.31427956e+00
6609.16700149 1.39155865e+01
6609.22261056 -8.81003761e+00
6609.27821964 1.11944389e+00
6609.33382871 -8.96862221e+00
