# Rest-frame spectrum generated from: M66B0003o_1d.fits
# lambda_Ha_obs = 6579.71400000 Angstrom
# lambda_Ha_rest = 6562.80000000 Angstrom
# z_Ha = 2.5772536113e-03
# v_Ha_relativistic = 771.645552 km/s
# v_Ha_classical = 772.641195 km/s
# columns: wavelength_rest[Angstrom] flux_or_counts

6535.35935821 -4.11606216e+00
6535.41507034 -4.12491226e+00
6535.47078247 -4.11634064e+00
6535.52649460 -4.11555099e+00
6535.58220673 -4.11576843e+00
6535.63791886 -4.11631393e+00
6535.69363099 -4.11706161e+00
6535.74934312 -4.08745193e+00
6535.80505525 -4.06036377e+00
6535.86076738 -4.03322220e+00
6535.91647951 5.04716492e+00
6535.97219164 3.29654312e+00
6536.02790377 -3.46634293e+00
6536.08361590 1.47201920e+00
6536.13932802 1.69244041e+01
6536.19504015 9.36334610e+00
6536.25075228 -3.33564377e+00
6536.30646441 6.81833267e+00
6536.36217654 1.80820465e-01
6536.41788867 5.61794281e+00
6536.47360080 -8.04143143e+00
6536.52931293 -4.74014282e-01
6536.58502506 -1.82340164e+01
6536.64073719 4.82798004e+00
6536.69644932 8.88973999e+00
6536.75216145 -7.17821503e+00
6536.80787358 3.81398392e+00
6536.86358571 4.09098434e+00
6536.91929784 1.55148010e+01
6536.97500997 1.36454010e+01
6537.03072210 9.96487045e+00
6537.08643423 1.33123360e+01
6537.14214636 1.82819099e+01
6537.19785849 -6.78928375e+00
6537.25357061 4.03597488e+01
6537.30928274 2.22011566e-01
6537.36499487 8.75519562e+00
6537.42070700 -8.41880035e+00
6537.47641913 1.13014069e+01
6537.53213126 -1.24299049e+01
6537.58784339 1.52810364e+01
6537.64355552 2.44702969e+01
6537.69926765 1.38999481e+01
6537.75497978 3.71198807e+01
6537.81069191 -3.98046875e+00
6537.86640404 -1.80066681e+00
6537.92211617 -2.55778408e+01
6537.97782830 -3.06227112e+00
6538.03354043 4.54548073e+01
6538.08925256 -1.86666870e+00
6538.14496469 2.03515930e+01
6538.20067682 2.46346092e+01
6538.25638895 3.22873421e+01
6538.31210108 4.74362564e+00
6538.36781320 -4.85343933e+00
6538.42352533 4.08511353e+00
6538.47923746 -9.75429344e+00
6538.53494959 1.53067589e+01
6538.59066172 2.33175201e+01
6538.64637385 1.01283379e+01
6538.70208598 1.80456562e+01
6538.75779811 9.71872902e+00
6538.81351024 1.26905384e+01
6538.86922237 2.24366302e+01
6538.92493450 1.86249542e+01
6538.98064663 -1.62882156e+01
6539.03635876 -4.65714264e+00
6539.09207089 4.01608276e+00
6539.14778302 -7.31264496e+00
6539.20349515 2.42182350e+01
6539.25920728 2.17144775e+01
6539.31491941 1.54280968e+01
6539.37063154 -2.53717918e+01
6539.42634367 1.73906727e+01
6539.48205579 2.89070091e+01
6539.53776792 -3.88832092e-02
6539.59348005 -1.73582115e+01
6539.64919218 -5.04481888e+00
6539.70490431 -1.80841694e+01
6539.76061644 1.30264549e+01
6539.81632857 2.64461899e+00
6539.87204070 5.46417236e+00
6539.92775283 7.92607117e+00
6539.98346496 5.53312073e+01
6540.03917709 -5.19505310e+00
6540.09488922 -3.34454460e+01
6540.15060135 -1.35727119e+01
6540.20631348 -1.33146286e+00
6540.26202561 1.15535774e+01
6540.31773774 6.84354782e+00
6540.37344987 2.42662125e+01
6540.42916200 1.08846893e+01
6540.48487413 -8.47888947e+00
6540.54058626 5.99298859e+00
6540.59629838 -1.64514160e+00
6540.65201051 -2.05336838e+01
6540.70772264 6.25644684e+00
6540.76343477 5.35110474e+00
6540.81914690 -1.93355350e+01
6540.87485903 1.09043884e+00
6540.93057116 7.03990936e+00
6540.98628329 2.78071976e+00
6541.04199542 3.54862022e+01
6541.09770755 2.31410217e+00
6541.15341968 -1.44991875e+01
6541.20913181 -1.06093254e+01
6541.26484394 4.72472000e+00
6541.32055607 -1.90456963e+01
6541.37626820 -1.59019318e+01
6541.43198033 1.20138817e+01
6541.48769246 -9.06368256e-01
6541.54340459 3.20043793e+01
6541.59911672 7.82434464e+00
6541.65482885 -1.04977417e+00
6541.71054097 1.80610657e-01
6541.76625310 2.86997414e+01
6541.82196523 -1.34223976e+01
6541.87767736 -4.48581696e-01
6541.93338949 -1.40586548e+01
6541.98910162 6.96488190e+00
6542.04481375 3.27143860e+00
6542.10052588 -2.42266083e+00
6542.15623801 -3.78730011e+00
6542.21195014 1.62809296e+01
6542.26766227 1.88546219e+01
6542.32337440 9.69421768e+00
6542.37908653 -7.72483826e+00
6542.43479866 -3.15720367e+00
6542.49051079 1.03411064e+01
6542.54622292 2.78956680e+01
6542.60193505 -1.29449081e+00
6542.65764718 2.21857224e+01
6542.71335931 7.31473160e+00
6542.76907144 2.21817780e+01
6542.82478356 2.13917122e+01
6542.88049569 9.65276718e+00
6542.93620782 1.60049820e+00
6542.99191995 1.99291496e+01
6543.04763208 8.23125458e+00
6543.10334421 -5.58538818e+00
6543.15905634 -2.94732323e+01
6543.21476847 -4.89534760e+00
6543.27048060 3.58310699e-01
6543.32619273 7.93240356e+00
6543.38190486 1.12944183e+01
6543.43761699 3.75329208e+00
6543.49332912 -7.83406067e+00
6543.54904125 2.20522995e+01
6543.60475338 2.07675209e+01
6543.66046551 -9.31801987e+00
6543.71617764 4.27837372e-01
6543.77188977 1.92381058e+01
6543.82760190 -1.64068317e+01
6543.88331403 2.16655045e+01
6543.93902615 1.96440430e+01
6543.99473828 -2.44794083e+00
6544.05045041 1.90690613e+01
6544.10616254 2.91451721e+01
6544.16187467 2.61493683e+01
6544.21758680 1.02640533e+00
6544.27329893 -2.60004807e+00
6544.32901106 -1.61314678e+01
6544.38472319 -1.04231796e+01
6544.44043532 -5.99832153e+00
6544.49614745 1.65489120e+01
6544.55185958 9.66738129e+00
6544.60757171 1.75164986e+01
6544.66328384 2.23477554e+01
6544.71899597 1.51209984e+01
6544.77470810 -6.44049072e+00
6544.83042023 9.97127914e+00
6544.88613236 1.85996361e+01
6544.94184449 2.07175064e+01
6544.99755662 1.54128151e+01
6545.05326874 9.02711868e+00
6545.10898087 -3.58222198e+00
6545.16469300 -2.26456070e+00
6545.22040513 1.19925804e+01
6545.27611726 -9.01452637e+00
6545.33182939 1.29150238e+01
6545.38754152 -1.07385635e+00
6545.44325365 1.64385452e+01
6545.49896578 2.82691956e+00
6545.55467791 -1.20471420e+01
6545.61039004 8.08374023e+00
6545.66610217 1.00161324e+01
6545.72181430 -9.36775208e-01
6545.77752643 3.36333466e+00
6545.83323856 3.10969467e+01
6545.88895069 6.92348480e+00
6545.94466282 2.70323563e+00
6546.00037495 3.78337097e+01
6546.05608708 2.71483765e+01
6546.11179920 2.08758354e+01
6546.16751133 1.68320618e+01
6546.22322346 1.27043304e+01
6546.27893559 1.02705917e+01
6546.33464772 1.22586937e+01
6546.39035985 2.21397171e+01
6546.44607198 3.23719711e+01
6546.50178411 2.82331142e+01
6546.55749624 2.23871002e+01
6546.61320837 9.11254883e+00
6546.66892050 1.22835083e+01
6546.72463263 2.32639084e+01
6546.78034476 2.53866577e+01
6546.83605689 1.38372726e+01
6546.89176902 3.85675545e+01
6546.94748115 -5.60957718e+00
6547.00319328 3.11709747e+01
6547.05890541 1.85061150e+01
6547.11461754 3.81609726e+00
6547.17032967 6.25738907e+01
6547.22604179 2.68078423e+01
6547.28175392 1.53221664e+01
6547.33746605 2.25638237e+01
6547.39317818 -1.38194275e+00
6547.44889031 6.10091248e+01
6547.50460244 3.65929947e+01
6547.56031457 3.36802559e+01
6547.61602670 7.28901825e+01
6547.67173883 6.92551270e+01
6547.72745096 4.73021545e+01
6547.78316309 4.73850174e+01
6547.83887522 3.82899666e+01
6547.89458735 6.81509094e+01
6547.95029948 5.06335526e+01
6548.00601161 6.72629166e+01
6548.06172374 7.40397797e+01
6548.11743587 7.52121582e+01
6548.17314800 1.67041000e+02
6548.22886013 9.18991150e+02
6548.28457226 2.43123016e+02
6548.34028438 4.25925026e+01
6548.39599651 3.60898132e+01
6548.45170864 3.67435989e+01
6548.50742077 4.87283440e+01
6548.56313290 3.38396835e+01
6548.61884503 2.38585320e+01
6548.67455716 1.68930473e+01
6548.73026929 2.95003891e+01
6548.78598142 3.72449837e+01
6548.84169355 3.34878464e+01
6548.89740568 1.94783363e+01
6548.95311781 -8.76861572e-01
6549.00882994 -1.14480820e+01
6549.06454207 -2.68337250e-01
6549.12025420 -6.76413345e+00
6549.17596633 3.88424759e+01
6549.23167846 2.69858589e+01
6549.28739059 5.99984741e+00
6549.34310272 1.19172363e+01
6549.39881485 -1.37599030e+01
6549.45452697 -1.03151741e+01
6549.51023910 9.25629425e+00
6549.56595123 -4.34889984e+00
6549.62166336 2.13457260e+01
6549.67737549 -8.19225693e+00
6549.73308762 5.07522583e-01
6549.78879975 2.26077957e+01
6549.84451188 2.27457237e+01
6549.90022401 -2.49323273e+00
6549.95593614 -1.13578796e+00
6550.01164827 1.01327438e+01
6550.06736040 -4.90899658e+00
6550.12307253 9.49793625e+00
6550.17878466 2.31759720e+01
6550.23449679 6.31315613e+00
6550.29020892 -1.46523056e+01
6550.34592105 2.33385811e+01
6550.40163318 -8.58855247e+00
6550.45734531 -1.48391342e+00
6550.51305744 3.18791199e+01
6550.56876956 2.06609230e+01
6550.62448169 4.12290955e+00
6550.68019382 4.47546005e+00
6550.73590595 -1.12276268e+01
6550.79161808 1.13994179e+01
6550.84733021 3.10716057e+01
6550.90304234 -5.17307472e+00
6550.95875447 4.58871460e+00
6551.01446660 3.99837875e+00
6551.07017873 2.16525612e+01
6551.12589086 -3.09449463e+01
6551.18160299 -9.12323380e+00
6551.23731512 7.23007202e+00
6551.29302725 -1.35947742e+01
6551.34873938 6.79844284e+00
6551.40445151 -1.98328800e+01
6551.46016364 1.17721157e+01
6551.51587577 2.10131474e+01
6551.57158790 3.73477631e+01
6551.62730003 1.25595016e+01
6551.68301215 4.47565079e+00
6551.73872428 1.68817635e+01
6551.79443641 -1.69372559e-02
6551.85014854 7.41900635e+00
6551.90586067 1.94014091e+01
6551.96157280 -4.91979599e+00
6552.01728493 -9.88193893e+00
6552.07299706 1.67647095e+01
6552.12870919 8.04674530e+00
6552.18442132 -5.95987701e+00
6552.24013345 7.90434265e+00
6552.29584558 7.47505951e+00
6552.35155771 -3.31831551e+01
6552.40726984 8.48171234e-01
6552.46298197 -2.77348232e+01
6552.51869410 4.87506866e+00
6552.57440623 -1.19917564e+01
6552.63011836 -1.67985954e+01
6552.68583049 -3.96190262e+00
6552.74154262 8.07599640e+00
6552.79725474 1.28042412e+01
6552.85296687 -2.01017761e+01
6552.90867900 -2.93488770e+01
6552.96439113 -3.48078156e+00
6553.02010326 -2.16403885e+01
6553.07581539 -6.62666321e+00
6553.13152752 2.01328583e+01
6553.18723965 -2.28377018e+01
6553.24295178 1.04212875e+01
6553.29866391 9.90494537e+00
6553.35437604 1.93153496e+01
6553.41008817 -1.51296997e+01
6553.46580030 -4.30454636e+01
6553.52151243 -1.20623398e+01
6553.57722456 -4.13636780e+00
6553.63293669 2.08051643e+01
6553.68864882 -1.89406452e+01
6553.74436095 -2.84358425e+01
6553.80007308 -3.80889511e+00
6553.85578521 -5.39142609e-01
6553.91149733 -9.99561310e+00
6553.96720946 2.95862541e+01
6554.02292159 1.31393661e+01
6554.07863372 1.13744316e+01
6554.13434585 1.12188225e+01
6554.19005798 -3.16280746e+00
6554.24577011 2.18378906e+01
6554.30148224 8.59946823e+00
6554.35719437 -5.71685791e-01
6554.41290650 2.16158028e+01
6554.46861863 2.40523567e+01
6554.52433076 -1.70561447e+01
6554.58004289 6.23122406e+00
6554.63575502 1.09873009e+01
6554.69146715 -5.30607605e+00
6554.74717928 -5.84807587e+00
6554.80289141 -1.24900742e+01
6554.85860354 -1.59519272e+01
6554.91431567 2.46482239e+01
6554.97002780 2.54157257e+00
6555.02573992 8.81054306e+00
6555.08145205 1.43268394e+01
6555.13716418 -1.05838318e+01
6555.19287631 5.18153381e+00
6555.24858844 1.45449715e+01
6555.30430057 3.10441246e+01
6555.36001270 -4.43623352e+00
6555.41572483 4.15230484e+01
6555.47143696 -1.47144852e+01
6555.52714909 -1.53015900e+00
6555.58286122 -2.19691467e+01
6555.63857335 -1.00817528e+01
6555.69428548 8.25179672e+00
6555.74999761 2.00927887e+01
6555.80570974 1.00989685e+01
6555.86142187 4.88651047e+01
6555.91713400 5.36878967e+00
6555.97284613 -6.63871765e+00
6556.02855826 4.13829422e+00
6556.08427039 2.15793304e+01
6556.13998251 -2.64842606e+00
6556.19569464 -1.35185280e+01
6556.25140677 -2.27806854e+00
6556.30711890 4.19943924e+01
6556.36283103 -1.10286713e+01
6556.41854316 -2.08244362e+01
6556.47425529 1.01438789e+01
6556.52996742 -2.41671600e+01
6556.58567955 2.54100418e+00
6556.64139168 3.62880020e+01
6556.69710381 8.21849823e+00
6556.75281594 2.79217529e+00
6556.80852807 3.17876434e+00
6556.86424020 1.12036018e+01
6556.91995233 1.13431854e+01
6556.97566446 4.76149940e+00
6557.03137659 4.45362473e+00
6557.08708872 -1.60696793e+00
6557.14280085 1.57929344e+01
6557.19851298 -7.96024323e+00
6557.25422510 8.64615250e+00
6557.30993723 -3.53049240e+01
6557.36564936 7.36021042e+00
6557.42136149 1.48187485e+01
6557.47707362 1.23818932e+01
6557.53278575 3.22653122e+01
6557.58849788 -2.04052811e+01
6557.64421001 -1.64578018e+01
6557.69992214 3.55990067e+01
6557.75563427 -3.43657303e+00
6557.81134640 -5.76923752e+00
6557.86705853 8.32836151e-01
6557.92277066 -3.94132767e+01
6557.97848279 -6.10592270e+00
6558.03419492 7.94525909e+00
6558.08990705 1.51186409e+01
6558.14561918 -9.10266495e+00
6558.20133131 7.32077789e+00
6558.25704344 -6.63698578e+00
6558.31275556 5.99778519e+01
6558.36846769 1.75810490e+01
6558.42417982 -9.67596817e+00
6558.47989195 5.63196945e+00
6558.53560408 2.21771011e+01
6558.59131621 2.79609680e-01
6558.64702834 2.74429512e+00
6558.70274047 1.09211311e+01
6558.75845260 -1.87369537e+00
6558.81416473 7.56317139e-01
6558.86987686 1.04255028e+01
6558.92558899 1.50892258e+00
6558.98130112 -1.95543671e+00
6559.03701325 -1.09547424e+01
6559.09272538 -1.65325394e+01
6559.14843751 -3.06788673e+01
6559.20414964 -8.86413956e+00
6559.25986177 1.09019356e+01
6559.31557390 -1.10852432e+00
6559.37128603 1.09171982e+01
6559.42699815 1.93806877e+01
6559.48271028 6.71453476e+00
6559.53842241 2.33277893e+00
6559.59413454 1.30096321e+01
6559.64984667 3.88134499e+01
6559.70555880 -4.88222504e+00
6559.76127093 -9.69331551e+00
6559.81698306 1.00937653e+00
6559.87269519 5.58148575e+00
6559.92840732 2.55032043e+01
6559.98411945 -1.15528641e+01
6560.03983158 1.11128006e+01
6560.09554371 -1.29025345e+01
6560.15125584 6.35664368e+00
6560.20696797 1.80702896e+01
6560.26268010 -1.69859161e+01
6560.31839223 4.03324127e+00
6560.37410436 1.08746109e+01
6560.42981649 -5.43488312e+00
6560.48552862 -1.69365997e+01
6560.54124074 -5.76850128e+00
6560.59695287 1.12308769e+01
6560.65266500 2.35231438e+01
6560.70837713 3.62746162e+01
6560.76408926 5.24630203e+01
6560.81980139 -1.30974579e+00
6560.87551352 1.62806511e+01
6560.93122565 1.76143265e+01
6560.98693778 4.17551193e+01
6561.04264991 1.03444901e+01
6561.09836204 4.65401268e+01
6561.15407417 4.45298386e+01
6561.20978630 5.49824104e+01
6561.26549843 6.88309784e+01
6561.32121056 6.77313156e+01
6561.37692269 8.42998581e+01
6561.43263482 1.00743362e+02
6561.48834695 6.10008087e+01
6561.54405908 8.94699173e+01
6561.59977121 7.63072205e+01
6561.65548333 1.25207062e+02
6561.71119546 8.79213409e+01
6561.76690759 1.59210953e+02
6561.82261972 1.52132324e+02
6561.87833185 1.51786987e+02
6561.93404398 1.75347656e+02
6561.98975611 2.09212387e+02
6562.04546824 2.34774673e+02
6562.10118037 2.86484711e+02
6562.15689250 2.52026184e+02
6562.21260463 2.96713409e+02
6562.26831676 3.52015808e+02
6562.32402889 3.65069031e+02
6562.37974102 3.90570770e+02
6562.43545315 3.62566589e+02
6562.49116528 3.85631104e+02
6562.54687741 3.98981293e+02
6562.60258954 4.14842224e+02
6562.65830167 4.66503967e+02
6562.71401380 4.54400635e+02
6562.76972592 5.00204834e+02
6562.82543805 4.77989899e+02
6562.88115018 5.33501892e+02
6562.93686231 4.94095947e+02
6562.99257444 4.73232635e+02
6563.04828657 4.72576691e+02
6563.10399870 4.32422089e+02
6563.15971083 3.83212799e+02
6563.21542296 3.33969788e+02
6563.27113509 3.12603027e+02
6563.32684722 3.37822601e+02
6563.38255935 2.82246552e+02
6563.43827148 2.00155609e+02
6563.49398361 1.88831680e+02
6563.54969574 2.07221939e+02
6563.60540787 1.19294586e+02
6563.66112000 1.16377548e+02
6563.71683213 1.02941658e+02
6563.77254426 7.71510925e+01
6563.82825639 7.88293152e+01
6563.88396851 4.56372452e+01
6563.93968064 6.59029694e+01
6563.99539277 1.25048294e+01
6564.05110490 3.25743027e+01
6564.10681703 4.86951866e+01
6564.16252916 4.77024612e+01
6564.21824129 4.45204353e+01
6564.27395342 4.14363480e+01
6564.32966555 5.02417831e+01
6564.38537768 4.48449860e+01
6564.44108981 7.29542542e+00
6564.49680194 3.21960411e+01
6564.55251407 2.48124619e+01
6564.60822620 4.51023407e+01
6564.66393833 2.39830017e+00
6564.71965046 -3.39096069e+00
6564.77536259 9.50492477e+00
6564.83107472 3.00711021e+01
6564.88678685 3.51026611e+01
6564.94249898 2.32247925e+01
6564.99821110 -6.56679153e+00
6565.05392323 -1.45087814e+00
6565.10963536 3.30521049e+01
6565.16534749 2.90134506e+01
6565.22105962 1.54902878e+01
6565.27677175 -2.33667679e+01
6565.33248388 -8.35182571e+00
6565.38819601 2.34293518e+01
6565.44390814 2.41491966e+01
6565.49962027 2.53004608e+01
6565.55533240 5.37387848e+00
6565.61104453 4.77058411e+00
6565.66675666 1.70482712e+01
6565.72246879 1.75827560e+01
6565.77818092 1.58452606e+01
6565.83389305 8.17582321e+00
6565.88960518 -1.25803375e+00
6565.94531731 1.66452789e+01
6566.00102944 2.65791550e+01
6566.05674157 4.19910278e+01
6566.11245369 2.36448250e+01
6566.16816582 5.74440384e+00
6566.22387795 -5.63254929e+00
6566.27959008 3.35306053e+01
6566.33530221 1.90100479e+00
6566.39101434 5.80945969e+00
6566.44672647 2.96602669e+01
6566.50243860 7.63775253e+00
6566.55815073 4.01729355e+01
6566.61386286 6.43362808e+00
6566.66957499 1.18797379e+01
6566.72528712 1.80653839e+01
6566.78099925 1.50899963e+01
6566.83671138 -1.18873024e+01
6566.89242351 2.26675224e+01
6566.94813564 6.25804901e+00
6567.00384777 1.84059639e+01
6567.05955990 -5.50425339e+00
6567.11527203 1.49151669e+01
6567.17098416 5.39275742e+00
6567.22669628 -2.60750580e+00
6567.28240841 1.53178558e+01
6567.33812054 2.95948963e+01
6567.39383267 2.70475769e+00
6567.44954480 1.28422241e+01
6567.50525693 4.01396713e+01
6567.56096906 1.37251015e+01
6567.61668119 1.31253624e+01
6567.67239332 3.00671616e+01
6567.72810545 5.11886597e+00
6567.78381758 -8.52232742e+00
6567.83952971 9.77764130e-01
6567.89524184 6.70022583e+00
6567.95095397 1.26239700e+01
6568.00666610 -2.25222054e+01
6568.06237823 -3.45351410e+00
6568.11809036 1.40414543e+01
6568.17380249 1.92787380e+01
6568.22951462 2.83021927e+01
6568.28522675 4.24223480e+01
6568.34093887 2.52648945e+01
6568.39665100 -4.19282990e+01
6568.45236313 7.05295944e+00
6568.50807526 3.75614662e+01
6568.56378739 2.64399223e+01
6568.61949952 1.92394600e+01
6568.67521165 -5.84541702e+00
6568.73092378 -8.91456223e+00
6568.78663591 1.75070343e+01
6568.84234804 -1.19990749e+01
6568.89806017 5.05205154e-01
6568.95377230 3.50426865e+00
6569.00948443 2.17800064e+01
6569.06519656 2.70903854e+01
6569.12090869 -1.03763390e+01
6569.17662082 -1.17406807e+01
6569.23233295 3.16762276e+01
6569.28804508 -2.38206997e+01
6569.34375721 1.73831940e-01
6569.39946934 5.27020645e+00
6569.45518146 4.92934036e+00
6569.51089359 1.79115257e+01
6569.56660572 -1.03643417e+00
6569.62231785 -5.98455429e+00
6569.67802998 2.66812363e+01
6569.73374211 1.94423065e+01
6569.78945424 5.13230934e+01
6569.84516637 1.04756088e+01
6569.90087850 -3.70175934e+00
6569.95659063 1.04630585e+01
6570.01230276 -4.15142632e+01
6570.06801489 -7.64462280e+00
6570.12372702 6.83882904e+00
6570.17943915 -1.96915054e+00
6570.23515128 -1.08679218e+01
6570.29086341 3.64192390e+01
6570.34657554 -3.80780029e+00
6570.40228767 -5.30220413e+00
6570.45799980 -3.82995224e+00
6570.51371192 -1.20927429e+00
6570.56942405 7.61595917e+00
6570.62513618 1.73451653e+01
6570.68084831 2.95259323e+01
6570.73656044 7.85133362e-01
6570.79227257 -5.31247330e+00
6570.84798470 8.57650757e+00
6570.90369683 2.00628853e+01
6570.95940896 -1.69860115e+01
6571.01512109 2.58014946e+01
6571.07083322 3.83526611e+00
6571.12654535 2.94977951e+00
6571.18225748 1.10473099e+01
6571.23796961 7.44018555e-01
6571.29368174 3.33449554e+00
6571.34939387 2.26061344e+01
6571.40510600 2.51664734e+01
6571.46081813 5.48646545e+00
6571.51653026 6.28726959e+00
6571.57224239 -2.65560150e+00
6571.62795451 1.63086357e+01
6571.68366664 4.19875717e+00
6571.73937877 4.55599213e+00
6571.79509090 -2.82404175e+01
6571.85080303 2.44853973e-01
6571.90651516 3.33944206e+01
6571.96222729 -5.93307495e+00
6572.01793942 -6.00678635e+00
6572.07365155 3.06647606e+01
6572.12936368 7.60987473e+00
6572.18507581 -1.33743896e+01
6572.24078794 2.09521904e+01
6572.29650007 1.12871666e+01
6572.35221220 1.04475479e+01
6572.40792433 -1.55364914e+01
6572.46363646 5.72231674e+00
6572.51934859 -8.22730637e+00
6572.57506072 -2.05850506e+01
6572.63077285 6.64646149e+00
6572.68648498 1.70156975e+01
6572.74219710 1.78930244e+01
6572.79790923 -7.01874542e+00
6572.85362136 -1.69715424e+01
6572.90933349 1.26410713e+01
6572.96504562 1.20158844e+01
6573.02075775 -3.51752167e+01
6573.07646988 -7.64869499e+00
6573.13218201 4.52737122e+01
6573.18789414 7.30231094e+00
6573.24360627 -2.64739342e+01
6573.29931840 -3.70556641e+00
6573.35503053 1.68124771e+01
6573.41074266 2.50152855e+01
6573.46645479 6.65850449e+00
6573.52216692 6.69019699e+00
6573.57787905 1.18405304e+01
6573.63359118 1.96129761e+01
6573.68930331 7.28129578e+00
6573.74501544 -5.29102325e+00
6573.80072757 -1.14522552e+00
6573.85643969 1.66148643e+01
6573.91215182 1.35385208e+01
6573.96786395 1.94253387e+01
6574.02357608 2.99817009e+01
6574.07928821 4.59212112e+00
6574.13500034 -1.40181923e+01
6574.19071247 2.39996872e+01
6574.24642460 1.15529060e+01
6574.30213673 -5.39900970e+00
6574.35784886 -2.80999260e+01
6574.41356099 8.69340134e+00
6574.46927312 -5.85661507e+00
6574.52498525 2.71333618e+01
6574.58069738 -1.25913849e+01
6574.63640951 -1.36916733e+00
6574.69212164 -1.99838428e+01
6574.74783377 9.04216385e+00
6574.80354590 1.53871918e+00
6574.85925803 6.79665375e+00
6574.91497016 -3.59187698e+00
6574.97068228 9.40845490e-01
6575.02639441 9.63306046e+00
6575.08210654 3.70700836e+00
6575.13781867 1.20370216e+01
6575.19353080 8.83027649e+00
6575.24924293 -7.03090668e-01
6575.30495506 -7.80682755e+00
6575.36066719 1.82022476e+00
6575.41637932 -1.87375946e+01
6575.47209145 2.28495026e+00
6575.52780358 1.11676788e+00
6575.58351571 9.85637665e-01
6575.63922784 2.09175491e+00
6575.69493997 2.67087555e+00
6575.75065210 -5.68393326e+00
6575.80636423 -1.49657402e+01
6575.86207636 -3.18032036e+01
6575.91778849 -2.02724915e+01
6575.97350062 1.08909073e+01
6576.02921275 -3.63347626e+00
6576.08492487 1.16827126e+01
6576.14063700 4.09564590e+01
6576.19634913 1.76423607e+01
6576.25206126 2.49582367e+01
6576.30777339 8.18969727e+00
6576.36348552 1.21216278e+01
6576.41919765 -2.95762634e+00
6576.47490978 1.52085037e+01
6576.53062191 -6.83490372e+00
6576.58633404 -6.92345810e+00
6576.64204617 -3.60557175e+00
6576.69775830 6.07241058e+00
6576.75347043 -6.79381561e+00
6576.80918256 -1.27451172e+01
6576.86489469 7.16209412e-02
6576.92060682 -3.72261047e-01
6576.97631895 -1.42486305e+01
6577.03203108 -3.37004089e+00
6577.08774321 -3.87308502e+00
6577.14345534 -1.56292877e+01
6577.19916746 -3.88960648e+00
6577.25487959 1.34224434e+01
6577.31059172 2.00119953e+01
6577.36630385 -3.20663834e+00
6577.42201598 3.01361084e-03
6577.47772811 2.41649284e+01
6577.53344024 4.25588188e+01
6577.58915237 -2.38355637e+01
6577.64486450 -1.18700600e+01
6577.70057663 4.32337189e+00
6577.75628876 -1.01073952e+01
6577.81200089 1.59969368e+01
6577.86771302 1.47686806e+01
6577.92342515 8.16738129e+00
6577.97913728 1.30766487e+01
6578.03484941 3.93193817e+00
6578.09056154 2.04454155e+01
6578.14627367 -4.19964218e+00
6578.20198580 -1.69651127e+01
6578.25769793 4.36628723e+00
6578.31341005 -1.18992233e+00
6578.36912218 6.70493698e+00
6578.42483431 3.87155151e+00
6578.48054644 -1.25203056e+01
6578.53625857 9.96681213e+00
6578.59197070 -2.21908569e+00
6578.64768283 -6.94778061e+00
6578.70339496 -1.50682068e+00
6578.75910709 1.92902756e+01
6578.81481922 5.68141174e+00
6578.87053135 2.12871704e+01
6578.92624348 8.36279297e+00
6578.98195561 -4.32939148e+00
6579.03766774 1.53630848e+01
6579.09337987 2.95203781e+00
6579.14909200 -1.71755981e+00
6579.20480413 1.17752075e+01
6579.26051626 1.99772224e+01
6579.31622839 -1.43039017e+01
6579.37194052 1.07668228e+01
6579.42765264 -1.68641281e+00
6579.48336477 1.95868340e+01
6579.53907690 -1.70104485e+01
6579.59478903 6.16788864e+00
6579.65050116 4.95336151e+00
6579.70621329 -6.32366943e+00
6579.76192542 1.11687508e+01
6579.81763755 7.58882523e+00
6579.87334968 -5.10272980e-01
6579.92906181 -2.62568340e+01
6579.98477394 1.77824745e+01
6580.04048607 7.07960510e+00
6580.09619820 2.84186401e+01
6580.15191033 -3.96473312e+00
6580.20762246 -1.80174484e+01
6580.26333459 3.78528595e+00
6580.31904672 1.03623886e+01
6580.37475885 -1.11149292e+01
6580.43047098 -1.53070068e+00
6580.48618311 2.74129219e+01
6580.54189523 1.05614891e+01
6580.59760736 1.59909248e+01
6580.65331949 -6.10989761e+00
6580.70903162 1.56756592e+00
6580.76474375 -2.31774445e+01
6580.82045588 -9.76365280e+00
6580.87616801 1.95071373e+01
6580.93188014 -1.57901726e+01
6580.98759227 -2.79707565e+01
6581.04330440 -1.84949493e+00
6581.09901653 -1.05373383e-01
6581.15472866 8.95101547e+00
6581.21044079 3.41709900e+00
6581.26615292 1.91701508e+00
6581.32186505 1.09249458e+01
6581.37757718 -9.66128540e+00
6581.43328931 2.73387909e+00
6581.48900144 1.65060539e+01
6581.54471357 1.01814003e+01
6581.60042570 2.48774147e+01
6581.65613782 2.17334099e+01
6581.71184995 -1.31846352e+01
6581.76756208 1.15224075e+00
6581.82327421 4.55401993e+00
6581.87898634 3.86656075e+01
6581.93469847 1.64752731e+01
6581.99041060 3.94568100e+01
6582.04612273 3.41783829e+01
6582.10183486 5.24369049e+01
6582.15754699 5.19086876e+01
6582.21325912 -8.88617706e+00
6582.26897125 -7.11401367e+00
6582.32468338 5.20367050e+00
6582.38039551 2.25297165e+00
6582.43610764 7.66079712e+00
6582.49181977 1.76920700e+01
6582.54753190 1.37802811e+01
6582.60324403 3.05065651e+01
6582.65895616 6.33837280e+01
6582.71466828 3.68175507e+01
6582.77038041 2.85020294e+01
6582.82609254 3.69684868e+01
6582.88180467 8.26652985e+01
6582.93751680 4.72840385e+01
6582.99322893 6.31197090e+01
6583.04894106 7.42552338e+01
6583.10465319 3.79135132e+01
6583.16036532 1.12770699e+02
6583.21607745 7.85157852e+01
6583.27178958 1.35974823e+02
6583.32750171 9.75749817e+01
6583.38321384 7.08089828e+01
6583.43892597 1.34084015e+02
6583.49463810 1.15299026e+02
6583.55035023 1.00752724e+02
6583.60606236 1.02023972e+02
6583.66177449 1.09726830e+02
6583.71748662 1.17923698e+02
6583.77319875 6.50758057e+01
6583.82891087 1.25429184e+02
6583.88462300 5.84616127e+01
6583.94033513 7.00991745e+01
6583.99604726 6.14805565e+01
6584.05175939 2.43471565e+01
6584.10747152 5.16486549e+01
6584.16318365 1.03318977e+01
6584.21889578 1.59679108e+01
6584.27460791 2.78203926e+01
6584.33032004 1.25146980e+01
6584.38603217 -1.00858231e+01
6584.44174430 1.86286621e+01
6584.49745643 2.68321457e+01
6584.55316856 1.55554085e+01
6584.60888069 2.46904373e+00
6584.66459282 -3.01018524e+00
6584.72030495 5.22082901e+00
6584.77601708 1.64357948e+01
6584.83172921 -3.04260254e-01
6584.88744134 1.85502777e+01
6584.94315346 -2.95727158e+00
6584.99886559 -5.48957825e+00
6585.05457772 1.29767265e+01
6585.11028985 -2.09049187e+01
6585.16600198 2.02373505e+00
6585.22171411 -1.09032593e+01
6585.27742624 8.87546539e+00
6585.33313837 -4.76041031e+00
6585.38885050 -5.04777145e+00
6585.44456263 -7.40378952e+00
6585.50027476 8.17913055e-01
6585.55598689 -4.00227814e+01
6585.61169902 -3.00048542e+01
6585.66741115 -1.90813484e+01
6585.72312328 1.63795509e+01
6585.77883541 -6.03973389e+00
6585.83454754 8.85360718e+00
6585.89025967 2.14482040e+01
6585.94597180 6.75269318e+00
6586.00168393 -1.98811951e+01
6586.05739605 -1.09215851e+01
6586.11310818 -3.38010406e+00
6586.16882031 -1.03612137e+01
6586.22453244 -2.18824387e+00
6586.28024457 8.91407013e-01
6586.33595670 -4.87612152e+00
6586.39166883 2.80570450e+01
6586.44738096 3.79072189e+00
6586.50309309 -1.01942368e+01
6586.55880522 -7.25543976e+00
6586.61451735 -1.04551620e+01
6586.67022948 -2.58636856e+00
6586.72594161 1.28451881e+01
6586.78165374 2.76131935e+01
6586.83736587 2.99453354e+00
6586.89307800 2.47802811e+01
6586.94879013 9.63765335e+00
6587.00450226 2.38466530e+01
6587.06021439 -2.04640961e+00
6587.11592652 -7.94588852e+00
6587.17163864 -1.55419693e+01
6587.22735077 1.34288063e+01
6587.28306290 1.09081650e+01
6587.33877503 -7.97368622e+00
6587.39448716 -4.52558517e+00
6587.45019929 7.61075592e+00
6587.50591142 -2.30637741e+00
6587.56162355 -6.12551117e+00
6587.61733568 1.63935432e+01
6587.67304781 -7.75101852e+00
6587.72875994 -1.29464722e+00
6587.78447207 6.95288849e+00
6587.84018420 -3.70313263e+00
6587.89589633 -7.76473999e-01
6587.95160846 -2.59344482e+00
6588.00732059 -8.28919601e+00
6588.06303272 1.53226891e+01
6588.11874485 -7.57055664e+00
6588.17445698 2.46063995e+00
6588.23016911 3.68171654e+01
6588.28588123 -1.06580601e+01
6588.34159336 4.01249313e+00
6588.39730549 -1.47298050e+00
6588.45301762 6.16976929e+00
6588.50872975 1.79210892e+01
6588.56444188 -1.26298103e+01
6588.62015401 -2.85210419e+00
6588.67586614 2.01357498e+01
6588.73157827 1.29290009e+00
6588.78729040 1.28063240e+01
6588.84300253 9.61164474e+00
6588.89871466 7.63005829e+00
6588.95442679 -1.19967651e+01
6589.01013892 -9.61240768e+00
6589.06585105 3.94786682e+01
6589.12156318 -9.89832687e+00
6589.17727531 -7.08701706e+00
6589.23298744 -2.60771828e+01
6589.28869957 -2.42376328e+01
6589.34441170 -1.78775368e+01
6589.40012382 -1.36833801e+01
6589.45583595 1.54353905e+01
6589.51154808 -2.71917725e+01
6589.56726021 -2.00945358e+01
6589.62297234 6.41572571e+00
6589.67868447 -6.97994995e+00
6589.73439660 2.90690460e+01
6589.79010873 -2.15321560e+01
6589.84582086 2.30804482e+01
6589.90153299 6.10196495e+00
6589.95724512 -3.88492584e+00
6590.01295725 2.13598251e+01
6590.06866938 -5.00032806e+00
6590.12438151 4.39718628e+00
6590.18009364 4.90619659e-01
6590.23580577 -2.25298576e+01
6590.29151790 7.26750183e+00
6590.34723003 -8.54607010e+00
6590.40294216 -7.33804321e+00
6590.45865429 -2.02418289e+01
6590.51436641 -9.95742035e+00
6590.57007854 2.13287888e+01
6590.62579067 1.50993958e+01
6590.68150280 2.78278694e+01
6590.73721493 -4.65611267e+00
6590.79292706 -9.91925430e+00
6590.84863919 9.82049561e+00
6590.90435132 -1.16521568e+01
6590.96006345 3.30271263e+01
6591.01577558 -4.81040955e+00
6591.07148771 -2.29661255e+01
6591.12719984 1.46318130e+01
6591.18291197 -3.24744606e+01
6591.23862410 -2.35458412e+01
6591.29433623 9.45630264e+00
6591.35004836 -2.30756340e+01
6591.40576049 -6.58947372e+00
6591.46147262 1.91569862e+01
6591.51718475 -4.53660851e+01
6591.57289688 4.21492004e+00
6591.62860900 4.03740311e+01
6591.68432113 3.62129021e+01
6591.74003326 1.43309402e+01
6591.79574539 7.29346848e+00
6591.85145752 -8.53743172e+00
