# Rest-frame spectrum generated from: N5204B0002o_1d.fits
# lambda_Ha_obs = 6567.55200000 Angstrom
# lambda_Ha_rest = 6562.80000000 Angstrom
# z_Ha = 7.2408118486e-04
# v_Ha_relativistic = 216.995489 km/s
# v_Ha_classical = 217.074078 km/s
# columns: wavelength_rest[Angstrom] flux_or_counts

6547.41295007 1.38710289e+01
6547.46876344 1.38654289e+01
6547.52457682 1.38711224e+01
6547.58039019 1.38708420e+01
6547.63620356 1.38699284e+01
6547.69201694 1.38706245e+01
6547.74783031 1.38707962e+01
6547.80364369 1.38709240e+01
6547.85945706 1.38705559e+01
6547.91527044 1.38712482e+01
6547.97108381 1.38708744e+01
6548.02689719 1.38704357e+01
6548.08271056 1.38706131e+01
6548.13852393 1.38710976e+01
6548.19433731 1.38707390e+01
6548.25015068 1.37229862e+01
6548.30596406 1.12356567e+00
6548.36177743 -2.49015045e+00
6548.41759081 2.52149391e+01
6548.47340418 3.80480309e+01
6548.52921756 -1.98693790e+01
6548.58503093 1.54117012e+01
6548.64084430 6.05323792e+00
6548.69665768 -9.22178650e+00
6548.75247105 2.46793594e+01
6548.80828443 5.90863800e+01
6548.86409780 2.15319824e+00
6548.91991118 4.14621124e+01
6548.97572455 6.77764893e+00
6549.03153792 3.12865448e+00
6549.08735130 -6.94104004e+00
6549.14316467 3.16040039e-01
6549.19897805 5.73434601e+01
6549.25479142 -1.68017292e+01
6549.31060480 -4.33248901e+00
6549.36641817 3.73084717e+01
6549.42223155 -1.83074989e+01
6549.47804492 -2.17369843e+00
6549.53385829 4.47177124e+00
6549.58967167 -2.06414299e+01
6549.64548504 -3.87720108e+00
6549.70129842 8.12631035e+00
6549.75711179 2.22572098e+01
6549.81292517 -5.70789719e+00
6549.86873854 -4.12273788e+00
6549.92455191 7.64600372e+00
6549.98036529 9.38322449e+00
6550.03617866 1.08129940e+01
6550.09199204 9.26523972e+00
6550.14780541 5.58266678e+01
6550.20361879 -2.63425121e+01
6550.25943216 -1.52409039e+01
6550.31524554 3.14658699e+01
6550.37105891 -5.42259216e+00
6550.42687228 1.31791382e+01
6550.48268566 -1.86531830e+01
6550.53849903 1.50584278e+01
6550.59431241 1.22678757e+01
6550.65012578 -8.46741676e+00
6550.70593916 9.87783051e+00
6550.76175253 -2.07752571e+01
6550.81756591 -1.54178619e+00
6550.87337928 5.12386055e+01
6550.92919265 3.58102417e+01
6550.98500603 -2.67451954e+01
6551.04081940 -1.38656578e+01
6551.09663278 -2.15270004e+01
6551.15244615 -3.76657143e+01
6551.20825953 -7.06020355e+00
6551.26407290 1.35753517e+01
6551.31988627 7.86095810e+00
6551.37569965 -1.59264526e+01
6551.43151302 1.67712975e+01
6551.48732640 2.71538887e+01
6551.54313977 -5.30755997e+00
6551.59895315 2.03864212e+01
6551.65476652 1.34303741e+01
6551.71057990 3.46915817e+01
6551.76639327 4.43292618e+00
6551.82220664 -2.47238884e+01
6551.87802002 2.67095852e+01
6551.93383339 4.51181030e+01
6551.98964677 -1.70311317e+01
6552.04546014 1.41643448e+01
6552.10127352 -1.00196362e+01
6552.15708689 -3.45842743e+01
6552.21290027 3.80916252e+01
6552.26871364 2.88581543e+01
6552.32452701 8.21663284e+00
6552.38034039 -4.29058075e-01
6552.43615376 1.94932671e+01
6552.49196714 3.70943642e+01
6552.54778051 -3.22727203e+00
6552.60359389 2.83576946e+01
6552.65940726 1.37121754e+01
6552.71522063 7.62162399e+01
6552.77103401 1.60963974e+01
6552.82684738 2.31472855e+01
6552.88266076 -5.36652756e+00
6552.93847413 -1.37958279e+01
6552.99428751 1.02357273e+01
6553.05010088 1.38346901e+01
6553.10591426 -6.26210403e+00
6553.16172763 2.13735313e+01
6553.21754100 1.46680183e+01
6553.27335438 -2.10166931e-01
6553.32916775 -7.38841629e+00
6553.38498113 1.08079491e+01
6553.44079450 -2.49441719e+01
6553.49660788 2.87475586e-02
6553.55242125 -2.65147953e+01
6553.60823462 2.96542435e+01
6553.66404800 1.80075455e+01
6553.71986137 -2.02911816e+01
6553.77567475 -2.76032104e+01
6553.83148812 1.56307907e+01
6553.88730150 4.37868347e+01
6553.94311487 3.02770615e+00
6553.99892825 2.96552086e+00
6554.05474162 -1.39786720e+01
6554.11055499 1.30451164e+01
6554.16636837 -8.38124084e+00
6554.22218174 -3.48910522e+01
6554.27799512 -2.46730576e+01
6554.33380849 7.56399155e-01
6554.38962187 1.42365360e+01
6554.44543524 -1.00415878e+01
6554.50124862 -1.43942757e+01
6554.55706199 1.62618752e+01
6554.61287536 -2.33047485e+01
6554.66868874 -1.91680317e+01
6554.72450211 -1.27238045e+01
6554.78031549 1.14093666e+01
6554.83612886 -2.27175083e+01
6554.89194224 -8.60666656e+00
6554.94775561 2.36802406e+01
6555.00356898 1.32097740e+01
6555.05938236 2.46825294e+01
6555.11519573 1.61049957e+01
6555.17100911 -5.88784409e+00
6555.22682248 -5.32348442e+00
6555.28263586 2.42058945e+00
6555.33844923 4.55200119e+01
6555.39426261 -1.19299622e+01
6555.45007598 -2.75461216e+01
6555.50588935 1.07197685e+01
6555.56170273 3.58003578e+01
6555.61751610 -1.63154488e+01
6555.67332948 -1.63313637e+01
6555.72914285 2.71136971e+01
6555.78495623 8.16183853e+00
6555.84076960 2.28853493e+01
6555.89658298 3.86067810e+01
6555.95239635 -2.53882980e+00
6556.00820972 1.46226158e+01
6556.06402310 -2.12659683e+01
6556.11983647 7.22985077e+00
6556.17564985 -1.16231327e+01
6556.23146322 -8.91619873e+00
6556.28727660 3.30854988e+01
6556.34308997 -4.32698822e+00
6556.39890334 4.57749863e+01
6556.45471672 2.11281471e+01
6556.51053009 2.35566902e+01
6556.56634347 6.61047363e+00
6556.62215684 1.78514290e+01
6556.67797022 -3.20021667e+01
6556.73378359 3.75053787e+00
6556.78959697 -1.17326622e+01
6556.84541034 1.23046494e+00
6556.90122371 2.07464542e+01
6556.95703709 1.89548225e+01
6557.01285046 1.58313293e+01
6557.06866384 5.25271988e+01
6557.12447721 -1.39814720e+01
6557.18029059 1.29193115e+01
6557.23610396 -2.06332779e+00
6557.29191734 -7.66545486e+00
6557.34773071 -4.90407372e+00
6557.40354408 -1.07754517e+00
6557.45935746 -1.98760757e+01
6557.51517083 6.12902832e+00
6557.57098421 -4.37047958e-01
6557.62679758 -1.10530128e+01
6557.68261096 -5.68990707e+00
6557.73842433 -1.61589813e+00
6557.79423770 -2.33697777e+01
6557.85005108 7.58789062e-01
6557.90586445 1.42911224e+01
6557.96167783 -1.14194794e+01
6558.01749120 -1.22243195e+01
6558.07330458 2.72589035e+01
6558.12911795 -3.06644058e+00
6558.18493133 7.05929184e+00
6558.24074470 8.25187302e+00
6558.29655807 4.68868713e+01
6558.35237145 6.32828903e+00
6558.40818482 -1.00548973e+01
6558.46399820 2.55976124e+01
6558.51981157 2.34774399e+01
6558.57562495 1.03238811e+01
6558.63143832 2.06949272e+01
6558.68725169 -3.36289597e+00
6558.74306507 -2.85552216e+00
6558.79887844 8.48207855e+00
6558.85469182 1.29834747e+00
6558.91050519 -3.25327911e+01
6558.96631857 1.49028282e+01
6559.02213194 2.79625969e+01
6559.07794532 -1.64647903e+01
6559.13375869 -1.72519646e+01
6559.18957206 9.51516724e+00
6559.24538544 1.41064606e+01
6559.30119881 -7.80611038e+00
6559.35701219 -6.75201035e+00
6559.41282556 -2.95797081e+01
6559.46863894 9.41808510e+00
6559.52445231 -2.34868870e+01
6559.58026569 3.38982773e+00
6559.63607906 2.26819992e+00
6559.69189243 -9.09248734e+00
6559.74770581 -4.34421349e+00
6559.80351918 3.43440094e+01
6559.85933256 3.82963943e+00
6559.91514593 4.27951050e+00
6559.97095931 1.41477852e+01
6560.02677268 -2.45836716e+01
6560.08258605 -1.86290283e+01
6560.13839943 -3.26144600e+01
6560.19421280 1.56689835e+01
6560.25002618 1.49415054e+01
6560.30583955 7.77652359e+00
6560.36165293 2.60647812e+01
6560.41746630 1.10196304e+01
6560.47327968 -3.01659393e+00
6560.52909305 -3.13928223e+00
6560.58490642 -2.85173187e+01
6560.64071980 -6.41907501e+00
6560.69653317 1.11219597e+01
6560.75234655 2.31435928e+01
6560.80815992 4.44028473e+00
6560.86397330 -2.26361160e+01
6560.91978667 -6.99904633e+00
6560.97560005 -3.00737381e-01
6561.03141342 7.28788757e+00
6561.08722679 4.53572311e+01
6561.14304017 6.76777573e+01
6561.19885354 -1.42393990e+01
6561.25466692 -7.06546021e+00
6561.31048029 7.25663567e+00
6561.36629367 5.21768188e+00
6561.42210704 1.68756752e+01
6561.47792041 2.05029068e+01
6561.53373379 -8.15673828e+00
6561.58954716 -2.38488770e+00
6561.64536054 -8.59007263e+00
6561.70117391 2.54446144e+01
6561.75698729 3.72640266e+01
6561.81280066 2.90586243e+01
6561.86861404 2.35568047e+01
6561.92442741 -1.02509766e+01
6561.98024078 2.76027679e+01
6562.03605416 3.19318504e+01
6562.09186753 5.16308594e+01
6562.14768091 7.41948318e+01
6562.20349428 1.12882965e+02
6562.25930766 1.60292374e+02
6562.31512103 1.83686981e+02
6562.37093441 1.26610580e+02
6562.42674778 1.96232361e+02
6562.48256115 2.36068085e+02
6562.53837453 2.30074280e+02
6562.59418790 2.99079620e+02
6562.65000128 2.66676422e+02
6562.70581465 2.89055237e+02
6562.76162803 3.00994141e+02
6562.81744140 3.46314850e+02
6562.87325477 2.89340210e+02
6562.92906815 2.69362823e+02
6562.98488152 2.25914825e+02
6563.04069490 2.26570847e+02
6563.09650827 2.13934586e+02
6563.15232165 2.09528580e+02
6563.20813502 1.44755692e+02
6563.26394840 1.53277039e+02
6563.31976177 1.46434570e+02
6563.37557514 1.18457657e+02
6563.43138852 1.30263397e+02
6563.48720189 1.44490326e+02
6563.54301527 1.06773056e+02
6563.59882864 9.99640350e+01
6563.65464202 5.66949387e+01
6563.71045539 3.65954933e+01
6563.76626876 5.70452461e+01
6563.82208214 5.39075546e+01
6563.87789551 2.08522186e+01
6563.93370889 -9.69680786e-01
6563.98952226 4.46192589e+01
6564.04533564 1.17793884e+01
6564.10114901 3.52522736e+01
6564.15696239 2.92658234e+01
6564.21277576 -5.24990082e+00
6564.26858913 1.23097343e+01
6564.32440251 1.37148857e+01
6564.38021588 1.89176674e+01
6564.43602926 -2.64747505e+01
6564.49184263 -2.80458908e+01
6564.54765601 1.16518421e+01
6564.60346938 -5.23235703e+00
6564.65928276 3.00617599e+00
6564.71509613 3.69719353e+01
6564.77090950 8.22898674e+00
6564.82672288 -5.95595741e+00
6564.88253625 -1.92205048e+00
6564.93834963 1.06608315e+01
6564.99416300 1.71729813e+01
6565.04997638 -1.87520123e+01
6565.10578975 2.27479782e+01
6565.16160312 -1.86743164e+01
6565.21741650 -1.73332825e+01
6565.27322987 -2.16094093e+01
6565.32904325 -3.14955025e+01
6565.38485662 9.94117737e-01
6565.44067000 2.92057037e-01
6565.49648337 1.11018524e+01
6565.55229675 3.28214989e+01
6565.60811012 2.27844257e+01
6565.66392349 4.59785461e-02
6565.71973687 2.63936882e+01
6565.77555024 3.14463539e+01
6565.83136362 -1.88379211e+01
6565.88717699 -1.83778763e+01
6565.94299037 1.22135658e+01
6565.99880374 -2.35858498e+01
6566.05461712 7.79269028e+00
6566.11043049 2.37824669e+01
6566.16624386 2.34156876e+01
6566.22205724 1.05384159e+01
6566.27787061 -1.55619545e+01
6566.33368399 3.01676235e+01
6566.38949736 2.03894920e+01
6566.44531074 -1.76877518e+01
6566.50112411 -1.35165043e+01
6566.55693748 -1.14230061e+01
6566.61275086 -2.04986000e+01
6566.66856423 2.73221970e+00
6566.72437761 3.10254631e+01
6566.78019098 -1.55109634e+01
6566.83600436 -1.66767178e+01
6566.89181773 2.48531723e+01
6566.94763111 1.65567722e+01
6567.00344448 -2.21017227e+01
6567.05925785 -4.37980270e+00
6567.11507123 -3.51815720e+01
6567.17088460 -1.71108093e+01
6567.22669798 1.28497314e+00
6567.28251135 -1.14252281e+01
6567.33832473 2.56538773e+00
6567.39413810 -2.00636826e+01
6567.44995148 3.16415253e+01
6567.50576485 2.99255390e+01
6567.56157822 2.36396484e+01
6567.61739160 -2.47661209e+00
6567.67320497 3.29786797e+01
6567.72901835 3.16572113e+01
6567.78483172 -5.19191360e+00
6567.84064510 1.13942833e+01
6567.89645847 1.38964405e+01
6567.95227184 1.34222679e+01
6568.00808522 -4.10742683e+01
6568.06389859 -2.83107910e+01
6568.11971197 3.49715614e+01
6568.17552534 1.74677773e+01
6568.23133872 2.31190109e+01
6568.28715209 3.30277710e+01
6568.34296547 -1.26234093e+01
6568.39877884 1.73807602e+01
6568.45459221 9.61168289e+00
6568.51040559 6.20708542e+01
6568.56621896 2.88154602e+00
6568.62203234 4.04991913e+01
6568.67784571 -1.45306778e+00
6568.73365909 5.39485931e-01
6568.78947246 8.25461197e+00
6568.84528583 1.53706150e+01
6568.90109921 -3.00782356e+01
6568.95691258 3.41155434e+00
6569.01272596 3.35780602e+01
6569.06853933 -1.91493301e+01
6569.12435271 1.12897911e+01
6569.18016608 1.38728752e+01
6569.23597946 -2.47255325e+01
6569.29179283 -9.79435539e+00
6569.34760620 -3.40049744e-01
6569.40341958 1.94680824e+01
6569.45923295 -2.87558365e+00
6569.51504633 -3.52446747e+00
6569.57085970 1.21684189e+01
6569.62667308 2.33040009e+01
6569.68248645 8.68991470e+00
6569.73829983 -6.00057220e+00
6569.79411320 1.99509163e+01
6569.84992657 2.35267258e+00
6569.90573995 -1.58496666e+01
6569.96155332 2.78144875e+01
6570.01736670 -6.60239944e+01
6570.07318007 -1.21612873e+01
6570.12899345 1.51395454e+01
6570.18480682 3.46382065e+01
6570.24062019 1.78456535e+01
6570.29643357 1.76456795e+01
6570.35224694 1.54587021e+01
6570.40806032 1.90993938e+01
6570.46387369 3.20914841e+01
6570.51968707 -1.77898102e+01
6570.57550044 -4.41427002e+01
6570.63131382 4.20258484e+01
6570.68712719 -5.30464363e+00
6570.74294056 -2.73618488e+01
6570.79875394 -2.66424541e+01
6570.85456731 2.18765678e+01
6570.91038069 1.15052471e+01
6570.96619406 2.83000355e+01
6571.02200744 -2.97660255e+01
6571.07782081 -5.68603134e+00
6571.13363419 9.00839233e+00
6571.18944756 1.39173813e+01
6571.24526093 -2.61190414e-01
6571.30107431 2.11370773e+01
6571.35688768 1.23288803e+01
6571.41270106 3.61879768e+01
6571.46851443 3.01959991e+00
6571.52432781 1.37723694e+01
6571.58014118 1.51152420e+00
6571.63595455 -9.82221985e+00
6571.69176793 2.75335770e+01
6571.74758130 7.06959534e+00
6571.80339468 2.12228298e+01
6571.85920805 2.69867649e+01
6571.91502143 -1.96541786e+01
6571.97083480 -3.29251595e+01
6572.02664818 -8.51759148e+00
6572.08246155 -2.29325638e+01
6572.13827492 8.96040344e+00
6572.19408830 -2.32723656e+01
6572.24990167 5.72925568e+00
6572.30571505 -1.63528023e+01
6572.36152842 5.17546082e+00
6572.41734180 -8.85060120e+00
6572.47315517 1.77635193e+00
6572.52896855 1.82326813e+01
6572.58478192 4.96731567e+00
6572.64059529 1.71650543e+01
6572.69640867 -2.08172684e+01
6572.75222204 -1.40212097e+01
6572.80803542 -1.50472813e+01
6572.86384879 9.69007492e+00
6572.91966217 1.03529091e+01
6572.97547554 -7.51262665e+00
6573.03128891 1.95963554e+01
6573.08710229 1.60081348e+01
6573.14291566 2.05062180e+01
6573.19872904 1.56631241e+01
6573.25454241 -4.20462418e+00
6573.31035579 2.27964363e+01
6573.36616916 7.32101440e-01
6573.42198254 1.26783752e+00
6573.47779591 -4.11696625e+00
6573.53360928 -2.35535469e+01
6573.58942266 1.48663330e+00
6573.64523603 1.91469078e+01
6573.70104941 2.13893509e+01
6573.75686278 -2.93371010e+00
6573.81267616 5.45658875e+00
6573.86848953 5.44724579e+01
6573.92430290 -3.93505058e+01
6573.98011628 -5.27278137e+00
6574.03592965 2.98691158e+01
6574.09174303 -1.36735153e+00
6574.14755640 7.69200897e+00
6574.20336978 3.91102715e+01
6574.25918315 2.57924538e+01
6574.31499653 3.19013081e+01
6574.37080990 -4.92786407e-01
6574.42662327 9.59362411e+00
6574.48243665 -1.99977493e+00
6574.53825002 -2.87606316e+01
6574.59406340 1.22585449e+01
6574.64987677 7.21880341e+00
6574.70569015 1.75144653e+01
6574.76150352 -1.17330017e+01
6574.81731690 -4.37216873e+01
6574.87313027 9.77491379e+00
6574.92894364 1.61882401e+00
6574.98475702 -1.85197659e+01
6575.04057039 1.66121674e+00
6575.09638377 1.46494026e+01
6575.15219714 -5.06332397e-01
6575.20801052 2.41729145e+01
6575.26382389 3.22189560e+01
6575.31963726 -2.01892776e+01
6575.37545064 -1.02039776e+01
6575.43126401 -2.89006042e+00
6575.48707739 1.75491714e+01
6575.54289076 1.77196388e+01
6575.59870414 1.09990425e+01
6575.65451751 2.85792923e+00
6575.71033089 4.01298218e+01
6575.76614426 3.43216782e+01
6575.82195763 -1.32347488e+00
6575.87777101 -3.06838646e+01
6575.93358438 -3.23315773e+01
6575.98939776 1.22824211e+01
6576.04521113 1.70723495e+01
6576.10102451 -9.45530319e+00
6576.15683788 1.41339455e+01
6576.21265126 2.63203812e+00
6576.26846463 2.70831680e+00
6576.32427800 3.33651390e+01
6576.38009138 2.68704834e+01
6576.43590475 2.92389297e+01
6576.49171813 3.70765686e-01
6576.54753150 -7.02701569e+00
6576.60334488 -3.25214767e+00
6576.65915825 1.76980896e+01
6576.71497162 -4.10741577e+01
6576.77078500 -1.10621300e+01
6576.82659837 -1.70067825e+01
6576.88241175 2.58196182e+01
6576.93822512 1.52582893e+01
6576.99403850 4.61613846e+00
6577.04985187 -1.46189880e+00
6577.10566525 -2.90893669e+01
6577.16147862 9.26065445e+00
6577.21729199 -6.65306091e-01
6577.27310537 2.37265205e+01
6577.32891874 1.07312508e+01
6577.38473212 4.28017044e+00
6577.44054549 9.16895294e+00
6577.49635887 8.55873108e-01
6577.55217224 -3.03209686e+00
6577.60798561 3.34010658e+01
6577.66379899 3.61528893e+01
6577.71961236 1.21591187e+00
6577.77542574 2.89526024e+01
6577.83123911 -2.30952950e+01
6577.88705249 1.30793781e+01
6577.94286586 -9.54727173e+00
6577.99867924 5.98147583e+01
6578.05449261 -1.15745850e+01
6578.11030598 -3.81698608e+01
6578.16611936 -2.33517876e+01
6578.22193273 2.99052048e+00
6578.27774611 5.47434998e+00
6578.33355948 -9.50538254e+00
6578.38937286 1.00559158e+01
6578.44518623 1.80011482e+01
6578.50099961 1.20095444e+01
6578.55681298 2.26789532e+01
6578.61262635 -2.38803864e+01
6578.66843973 -2.57054901e+00
6578.72425310 3.02103844e+01
6578.78006648 3.75852356e+01
6578.83587985 -5.28907776e-01
6578.89169323 3.22863922e+01
6578.94750660 3.70194588e+01
6579.00331997 -8.48620224e+00
6579.05913335 2.16744614e+00
6579.11494672 9.63010025e+00
6579.17076010 1.39207191e+01
6579.22657347 -6.76482773e+00
6579.28238685 3.04116821e+00
6579.33820022 -1.11721039e-01
6579.39401360 2.74815140e+01
6579.44982697 2.09130478e+01
6579.50564034 1.70014801e+01
6579.56145372 8.56253815e+00
6579.61726709 -3.92579269e+00
6579.67308047 2.17950058e+01
6579.72889384 1.40432510e+01
6579.78470722 -3.69964523e+01
6579.84052059 -2.04874420e+01
6579.89633397 -1.28463383e+01
6579.95214734 -1.50674706e+01
6580.00796071 -1.22589073e+01
6580.06377409 1.62502594e+01
6580.11958746 2.47720509e+01
6580.17540084 -2.89277763e+01
6580.23121421 -4.97657204e+00
6580.28702759 4.25093079e+00
6580.34284096 -7.81605148e+00
6580.39865433 -6.70055389e+00
6580.45446771 -4.64574814e+00
6580.51028108 4.21778336e+01
6580.56609446 1.62862129e+01
6580.62190783 -2.58668308e+01
6580.67772121 1.43424759e+01
6580.73353458 -9.17914200e+00
6580.78934796 -2.14700584e+01
6580.84516133 -2.49134827e+00
6580.90097470 1.76950912e+01
6580.95678808 -2.31599102e+01
6581.01260145 -1.85859680e+00
6581.06841483 2.87584229e+01
6581.12422820 -1.26571045e+01
6581.18004158 -4.72842445e+01
6581.23585495 -1.36903076e+01
6581.29166833 4.34492950e+01
6581.34748170 5.10824966e+00
6581.40329507 1.25463791e+01
6581.45910845 1.38492069e+01
6581.51492182 -1.82865524e+01
6581.57073520 -1.96927872e+01
6581.62654857 1.17746544e+01
6581.68236195 4.15776825e+01
6581.73817532 4.93139648e+00
6581.79398869 2.77288055e+00
6581.84980207 -1.37739830e+01
6581.90561544 -3.30807953e+01
6581.96142882 2.75810509e+01
6582.01724219 2.13176804e+01
6582.07305557 -9.92241669e+00
6582.12886894 -5.54115295e+00
6582.18468232 -7.64131737e+00
6582.24049569 -4.33123932e+01
6582.29630906 2.92022114e+01
6582.35212244 1.28531418e+01
6582.40793581 1.15293045e+01
6582.46374919 -7.37409782e+00
6582.51956256 2.89858227e+01
6582.57537594 1.68375320e+01
6582.63118931 2.27628288e+01
6582.68700268 3.30146904e+01
6582.74281606 -1.97105026e+00
6582.79862943 1.39778290e+01
6582.85444281 -1.59307327e+01
6582.91025618 2.45118599e+01
6582.96606956 5.56625366e+00
6583.02188293 1.74019165e+01
6583.07769631 -4.03141022e-01
6583.13350968 3.13872833e+01
6583.18932305 1.88250351e+01
6583.24513643 1.10923958e+01
6583.30094980 3.53717499e+01
6583.35676318 3.20039253e+01
6583.41257655 6.98589325e+00
6583.46838993 3.38193855e+01
6583.52420330 3.12868958e+01
6583.58001668 2.80625839e+01
6583.63583005 -5.87317085e+00
6583.69164342 6.66582870e+00
6583.74745680 3.65563164e+01
6583.80327017 5.96894112e+01
6583.85908355 -6.84332657e+00
6583.91489692 1.09667664e+01
6583.97071030 -9.77278709e+00
6584.02652367 9.58250618e+00
6584.08233704 3.48888397e-01
6584.13815042 1.22752838e+01
6584.19396379 4.43871460e+01
6584.24977717 4.30419922e-01
6584.30559054 1.61792793e+01
6584.36140392 1.33008881e+01
6584.41721729 2.43558197e+01
6584.47303067 -1.31405640e+00
6584.52884404 -1.25756836e+00
6584.58465741 1.56488609e+01
6584.64047079 7.26505280e+00
6584.69628416 -1.28764915e+01
6584.75209754 2.10480537e+01
6584.80791091 2.49629211e+00
6584.86372429 3.39675140e+00
6584.91953766 3.41716805e+01
6584.97535104 -1.22443886e+01
6585.03116441 1.90346527e+00
6585.08697778 1.67912598e+01
6585.14279116 1.40269165e+01
6585.19860453 1.73040352e+01
6585.25441791 -2.17853546e+01
6585.31023128 3.37100601e+00
6585.36604466 1.87856464e+01
6585.42185803 1.46924706e+01
6585.47767140 1.81860428e+01
6585.53348478 2.00160522e+01
6585.58929815 3.28048325e+00
6585.64511153 1.77805786e+01
6585.70092490 -2.90210190e+01
6585.75673828 2.57031860e+01
6585.81255165 1.42683487e+01
6585.86836503 5.76918411e+00
6585.92417840 1.98358040e+01
6585.97999177 -8.46179581e+00
6586.03580515 4.57036972e+00
6586.09161852 8.98327637e+00
6586.14743190 -2.33830414e+01
6586.20324527 5.16402817e+00
6586.25905865 4.24920349e+01
6586.31487202 -2.92082939e+01
6586.37068540 -1.14145164e+01
6586.42649877 2.98014374e+01
6586.48231214 -9.65031433e+00
6586.53812552 2.40477219e+01
6586.59393889 -3.09104958e+01
6586.64975227 -2.14321671e+01
6586.70556564 2.00841713e+01
6586.76137902 -1.37823219e+01
6586.81719239 -1.93911743e+01
6586.87300576 1.64970779e+01
6586.92881914 3.81541061e+00
6586.98463251 -1.03253975e+01
6587.04044589 -6.99560928e+00
6587.09625926 3.08096008e+01
6587.15207264 2.82752533e+01
6587.20788601 -2.63483200e+01
6587.26369939 1.47190094e+00
6587.31951276 2.71338120e+01
6587.37532613 2.65128517e+01
6587.43113951 5.86719894e+00
6587.48695288 -8.15141296e+00
6587.54276626 3.90714111e+01
6587.59857963 2.08717232e+01
6587.65439301 9.86027145e+00
6587.71020638 5.77133179e+00
6587.76601975 -5.78512573e+00
6587.82183313 -1.63567886e+01
6587.87764650 -2.27985382e+00
6587.93345988 1.15771980e+01
6587.98927325 -1.02432785e+01
6588.04508663 9.21397018e+00
6588.10090000 1.56123333e+01
6588.15671338 5.17401505e+00
6588.21252675 7.08180237e+00
6588.26834012 2.32078323e+01
6588.32415350 1.65815811e+01
6588.37996687 -2.68889980e+01
6588.43578025 -1.04441833e+01
6588.49159362 1.09208679e+01
6588.54740700 1.52428665e+01
6588.60322037 1.41282539e+01
6588.65903375 1.86274910e+01
6588.71484712 7.09896851e+00
6588.77066049 5.01747131e+00
6588.82647387 -1.06073112e+01
6588.88228724 -7.40900040e+00
6588.93810062 -3.03408108e+01
6588.99391399 -1.29529305e+01
6589.04972737 4.22642136e+01
6589.10554074 4.71456909e+01
6589.16135411 4.46588135e+00
6589.21716749 1.68744659e+00
6589.27298086 1.27376995e+01
6589.32879424 3.64742470e+01
6589.38460761 -1.63384762e+01
6589.44042099 4.02822952e+01
6589.49623436 2.93967361e+01
6589.55204774 3.41689682e+00
6589.60786111 -2.67295990e+01
6589.66367448 2.34787674e+01
6589.71948786 1.44386101e+01
6589.77530123 3.21666718e-01
6589.83111461 -2.64494171e+01
6589.88692798 -1.85556030e+00
6589.94274136 -1.18468475e+00
6589.99855473 2.38853683e+01
6590.05436811 5.29391098e+00
6590.11018148 3.27095413e+00
6590.16599485 9.23542023e-01
6590.22180823 1.39631310e+01
6590.27762160 1.98663845e+01
6590.33343498 -2.37175827e+01
6590.38924835 -1.03577538e+01
6590.44506173 -2.89913368e+01
6590.50087510 8.55563736e+00
6590.55668847 1.78229675e+01
6590.61250185 -3.38027649e+01
6590.66831522 3.06414070e+01
6590.72412860 -8.36181641e-01
6590.77994197 3.79767990e+00
6590.83575535 -5.52083206e+00
6590.89156872 -1.69820709e+01
6590.94738210 -2.03895607e+01
6591.00319547 -6.86983490e+00
6591.05900884 -4.34718704e+00
6591.11482222 -3.00548649e+01
6591.17063559 -2.12623329e+01
6591.22644897 2.80941200e+01
6591.28226234 3.13888092e+01
6591.33807572 1.62596779e+01
6591.39388909 1.48989754e+01
6591.44970247 1.21635056e+01
6591.50551584 1.53386955e+01
6591.56132921 -2.48949890e+01
6591.61714259 2.12453499e+01
6591.67295596 5.85812759e+00
6591.72876934 3.85857010e+00
6591.78458271 3.22455978e+01
6591.84039609 4.18735504e+00
6591.89620946 -1.20633316e+00
6591.95202283 2.86260910e+01
6592.00783621 2.90231209e+01
6592.06364958 -1.75047150e+01
6592.11946296 -1.47976494e+01
6592.17527633 5.88009644e+00
6592.23108971 1.38427296e+01
6592.28690308 3.15966606e+01
6592.34271646 -2.95131111e+01
6592.39852983 -4.47335243e+01
6592.45434320 -1.00269356e+01
6592.51015658 2.73385086e+01
6592.56596995 4.24591599e+01
6592.62178333 -1.00949020e+01
6592.67759670 -2.22242966e+01
6592.73341008 -1.37950516e+00
6592.78922345 7.55842590e+00
6592.84503682 2.62552414e+01
6592.90085020 1.24290199e+01
6592.95666357 8.17509460e+00
6593.01247695 -1.51874733e+01
6593.06829032 4.97826767e+00
6593.12410370 1.52384071e+01
6593.17991707 -2.39598427e+01
6593.23573045 1.33784714e+01
6593.29154382 1.08237114e+01
6593.34735719 4.52094269e+00
6593.40317057 1.19873657e+01
6593.45898394 1.10235977e+00
6593.51479732 -1.12258072e+01
6593.57061069 2.82679138e+01
6593.62642407 -1.74139118e+01
6593.68223744 2.41470528e+01
6593.73805082 -2.43801308e+01
6593.79386419 -1.63195534e+01
6593.84967756 -3.27249756e+01
6593.90549094 -2.35584259e-01
6593.96130431 -6.26158524e+00
6594.01711769 1.64923744e+01
6594.07293106 2.77202187e+01
6594.12874444 2.56524696e+01
6594.18455781 -6.28528404e+00
6594.24037118 1.12679634e+01
6594.29618456 4.43270454e+01
6594.35199793 -1.33079720e+01
6594.40781131 2.09048042e+01
6594.46362468 -5.12059402e+00
6594.51943806 6.87621307e+00
6594.57525143 -2.07622910e+00
6594.63106481 2.91300850e+01
6594.68687818 -2.34255333e+01
6594.74269155 1.44179535e+00
6594.79850493 2.74392281e+01
6594.85431830 3.03354301e+01
6594.91013168 5.23095169e+01
6594.96594505 -2.87110748e+01
6595.02175843 -3.20251579e+01
6595.07757180 2.03517494e+01
6595.13338518 -1.78780823e+01
6595.18919855 -4.51450577e+01
6595.24501192 9.94548035e+00
6595.30082530 4.14607506e+01
6595.35663867 2.91735077e+00
6595.41245205 -8.83157730e+00
6595.46826542 1.18194695e+01
6595.52407880 -9.14920807e-01
6595.57989217 3.24994659e+00
6595.63570554 1.97269516e+01
6595.69151892 4.70800018e+00
6595.74733229 -7.33787918e+00
6595.80314567 -6.56125259e+00
6595.85895904 -7.65738297e+00
6595.91477242 4.54830704e+01
6595.97058579 -2.62747498e+01
6596.02639917 2.13557014e+01
6596.08221254 -4.91480827e+01
6596.13802591 1.04031715e+01
6596.19383929 4.65196609e+00
6596.24965266 1.30463676e+01
6596.30546604 -1.61881371e+01
6596.36127941 -8.30763245e+00
6596.41709279 1.89077339e+01
6596.47290616 -1.28837280e+01
6596.52871954 2.33997345e+00
6596.58453291 -4.11243820e+00
6596.64034628 1.20503731e+01
6596.69615966 -5.51096344e+00
6596.75197303 5.63128662e+00
6596.80778641 2.11742668e+01
6596.86359978 1.44577675e+01
6596.91941316 1.55819683e+01
6596.97522653 -2.23172073e+01
6597.03103990 1.83076477e+00
6597.08685328 2.34263611e+01
6597.14266665 9.81425476e+00
6597.19848003 -4.07470207e+01
6597.25429340 3.51595154e+01
6597.31010678 1.93790779e+01
6597.36592015 7.39879227e+00
6597.42173353 -1.57074718e+01
6597.47754690 3.47953415e+00
6597.53336027 2.68589878e+01
6597.58917365 -8.20003891e+00
6597.64498702 2.10420227e+00
6597.70080040 1.80801735e+01
6597.75661377 1.27118454e+01
6597.81242715 -3.48815536e+00
6597.86824052 2.54178600e+01
6597.92405389 2.33834839e+01
6597.97986727 1.20939255e+01
6598.03568064 -1.00886650e+01
6598.09149402 8.70519638e+00
6598.14730739 -8.72898102e-01
6598.20312077 4.48559837e+01
6598.25893414 6.59387207e+00
6598.31474752 -5.44174957e+00
6598.37056089 -1.20874214e+01
6598.42637426 -1.96357346e+01
6598.48218764 -2.18783569e+01
6598.53800101 -2.09093933e+01
6598.59381439 -1.84663200e+01
6598.64962776 1.19327602e+01
6598.70544114 1.88219013e+01
6598.76125451 -1.50239677e+01
6598.81706789 -1.91634483e+01
6598.87288126 2.77407036e+01
6598.92869463 -1.87456512e+00
6598.98450801 2.54691734e+01
6599.04032138 8.54094696e+00
6599.09613476 1.12917976e+01
6599.15194813 3.55092316e+01
6599.20776151 -8.34478760e+00
6599.26357488 -4.55396652e+00
6599.31938825 4.46751099e+01
6599.37520163 -2.15886078e+01
6599.43101500 2.02104321e+01
6599.48682838 -8.44084930e+00
6599.54264175 -4.39564133e+00
6599.59845513 -9.22375107e+00
6599.65426850 -6.07321167e+00
6599.71008188 -1.02327900e+01
6599.76589525 -1.53095284e+01
6599.82170862 -2.01293526e+01
6599.87752200 2.93389282e+01
6599.93333537 2.16149883e+01
6599.98914875 -3.64891434e+00
6600.04496212 2.25248375e+01
6600.10077550 2.20134048e+01
6600.15658887 2.65802612e+01
6600.21240225 8.98791504e+00
6600.26821562 4.11569977e+00
6600.32402899 1.98996105e+01
6600.37984237 -3.34442139e+00
6600.43565574 -4.66487808e+01
6600.49146912 1.79341774e+01
6600.54728249 2.09578400e+01
6600.60309587 2.27932873e+01
6600.65890924 4.13655281e+00
6600.71472261 4.16483002e+01
6600.77053599 1.03922386e+01
6600.82634936 -8.87995529e+00
6600.88216274 -1.72403336e+01
6600.93797611 -2.07633476e+01
6600.99378949 -1.42839565e+01
6601.04960286 7.78101349e+00
6601.10541624 2.56772804e+01
6601.16122961 6.87455750e+00
6601.21704298 -3.45270157e+01
6601.27285636 2.17215538e+01
6601.32866973 1.05686722e+01
6601.38448311 1.08172531e+01
6601.44029648 5.35253906e+00
6601.49610986 -1.30379333e+01
6601.55192323 8.03685379e+00
6601.60773660 2.43860779e+01
6601.66354998 -8.49266052e+00
6601.71936335 -7.63018417e+00
6601.77517673 -3.68171539e+01
6601.83099010 2.12275314e+00
6601.88680348 1.49701843e+01
6601.94261685 1.21213341e+01
6601.99843023 1.23287659e+01
6602.05424360 6.47577095e+00
6602.11005697 -9.96049118e+00
6602.16587035 1.33818989e+01
6602.22168372 1.44068336e+01
6602.27749710 2.63398209e+01
6602.33331047 7.72956467e+00
6602.38912385 -2.41233978e+01
6602.44493722 9.11122894e+00
6602.50075060 4.82215881e+01
6602.55656397 1.41580658e+01
6602.61237734 8.99147797e+00
6602.66819072 -2.02835045e+01
6602.72400409 -6.41234589e+00
6602.77981747 -1.10599365e+01
6602.83563084 3.96931343e+01
6602.89144422 -1.24085331e+01
6602.94725759 -2.19130325e+00
6603.00307096 2.83477459e+01
6603.05888434 -7.14366341e+00
6603.11469771 1.54657745e+00
6603.17051109 -8.64033508e+00
6603.22632446 3.93667412e+01
6603.28213784 1.93618317e+01
6603.33795121 -2.56955051e+01
6603.39376459 7.58645248e+00
6603.44957796 -1.27034874e+01
6603.50539133 1.40916786e+01
6603.56120471 -4.36286926e+00
6603.61701808 -2.95223122e+01
6603.67283146 1.20480690e+01
6603.72864483 -1.09206600e+01
6603.78445821 -2.47145023e+01
6603.84027158 2.78299789e+01
6603.89608496 -8.40154076e+00
6603.95189833 5.14990616e+01
6604.00771170 4.70405960e+00
