# Rest-frame spectrum generated from: N5204C0001o_1d_rest.fits
# lambda_Ha_obs = 6568.38100000 Angstrom
# lambda_Ha_rest = 6562.80000000 Angstrom
# z_Ha = 8.5039921985e-04
# v_Ha_relativistic = 254.834871 km/s
# v_Ha_classical = 254.943272 km/s
# columns: wavelength_rest[Angstrom] flux_or_counts

6540.84278257 9.79636574e+00
6540.89854485 9.79090309e+00
6540.95430713 9.79609871e+00
6541.01006941 9.79722404e+00
6541.06583168 9.79208565e+00
6541.12159396 9.79694939e+00
6541.17735624 9.79672050e+00
6541.23311852 9.79621315e+00
6541.28888080 9.79725456e+00
6541.34464308 9.79205513e+00
6541.40040536 9.79657555e+00
6541.45616763 9.79125214e+00
6541.51192991 1.58176804e+00
6541.56769219 8.65352631e-01
6541.62345447 9.83875847e+00
6541.67921675 2.34212875e+00
6541.73497903 4.52480316e+00
6541.79074130 9.85153580e+00
6541.84650358 -2.10875320e+00
6541.90226586 -2.94675636e+01
6541.95802814 5.39599419e+00
6542.01379042 4.01989746e+00
6542.06955270 -5.87642670e+00
6542.12531498 3.27000351e+01
6542.18107725 -1.89505005e+00
6542.23683953 -1.38755302e+01
6542.29260181 2.08167114e+01
6542.34836409 1.92031097e+01
6542.40412637 7.95124817e+00
6542.45988865 5.49641190e+01
6542.51565093 9.90964508e+00
6542.57141320 8.31525421e+00
6542.62717548 -1.15218353e+00
6542.68293776 3.05909691e+01
6542.73870004 1.70609779e+01
6542.79446232 -1.40405426e+01
6542.85022460 -1.22097492e+01
6542.90598687 -4.37447548e+00
6542.96174915 -2.99827099e+01
6543.01751143 -3.70772934e+00
6543.07327371 -1.46745472e+01
6543.12903599 5.64986038e+00
6543.18479827 -1.55001411e+01
6543.24056055 -1.43765202e+01
6543.29632282 2.77436066e+00
6543.35208510 1.17597771e+01
6543.40784738 -2.22061157e+00
6543.46360966 -1.94841194e+00
6543.51937194 -4.01134109e+00
6543.57513422 -1.21925545e+01
6543.63089649 -4.19024277e+00
6543.68665877 5.30111313e+00
6543.74242105 -3.06263313e+01
6543.79818333 -5.21532059e+00
6543.85394561 1.65151215e+00
6543.90970789 4.31978226e+00
6543.96547017 1.48739700e+01
6544.02123244 1.98317108e+01
6544.07699472 -1.27326965e-01
6544.13275700 7.46161079e+00
6544.18851928 -8.65421295e-01
6544.24428156 3.94264221e+00
6544.30004384 -2.17100143e-01
6544.35580611 3.11968403e+01
6544.41156839 -1.35562592e+01
6544.46733067 1.88385391e+00
6544.52309295 1.77846527e+00
6544.57885523 -3.74531937e+00
6544.63461751 2.63631592e+01
6544.69037979 -1.14840870e+01
6544.74614206 1.05840740e+01
6544.80190434 7.47927856e+00
6544.85766662 7.04893494e+00
6544.91342890 1.60620689e+01
6544.96919118 -1.13521824e+01
6545.02495346 -3.28782654e+00
6545.08071573 1.66039467e+01
6545.13647801 -9.32593155e+00
6545.19224029 2.39507008e+01
6545.24800257 1.31181602e+01
6545.30376485 8.49713135e+00
6545.35952713 -1.38082695e+01
6545.41528941 1.03944874e+01
6545.47105168 7.64877319e-01
6545.52681396 -2.07343426e+01
6545.58257624 4.98115540e+00
6545.63833852 1.68281937e+00
6545.69410080 -1.25184593e+01
6545.74986308 -5.28903961e-01
6545.80562536 1.06992455e+01
6545.86138763 -1.31663485e+01
6545.91714991 -1.91853142e+01
6545.97291219 -2.74099808e+01
6546.02867447 -1.85573578e-01
6546.08443675 -1.30587387e+00
6546.14019903 -1.43241234e+01
6546.19596130 7.80784607e-01
6546.25172358 1.55959721e+01
6546.30748586 -1.77882519e+01
6546.36324814 -3.53278427e+01
6546.41901042 -6.26762772e+00
6546.47477270 2.12349033e+01
6546.53053498 -2.76554871e+00
6546.58629725 1.37820473e+01
6546.64205953 3.99188423e+00
6546.69782181 9.18431091e+00
6546.75358409 -5.92870331e+00
6546.80934637 -1.87270927e+00
6546.86510865 1.32085037e+01
6546.92087092 1.91962471e+01
6546.97663320 -2.65742435e+01
6547.03239548 -4.31408081e+01
6547.08815776 -2.40760231e+01
6547.14392004 3.95078087e+00
6547.19968232 1.00431061e+01
6547.25544460 2.11978607e+01
6547.31120687 2.00317574e+01
6547.36696915 3.86760712e-01
6547.42273143 -2.93045807e+00
6547.47849371 -1.54829826e+01
6547.53425599 -2.13306770e+01
6547.59001827 1.29742832e+01
6547.64578054 -4.55726814e+00
6547.70154282 -9.24334526e+00
6547.75730510 1.81616211e+00
6547.81306738 1.34970894e+01
6547.86882966 2.42190990e+01
6547.92459194 3.03028641e+01
6547.98035422 -6.80405235e+00
6548.03611649 1.86287479e+01
6548.09187877 9.28223419e+00
6548.14764105 2.05494347e+01
6548.20340333 -1.49740639e+01
6548.25916561 -4.72188950e-01
6548.31492789 -6.55782700e+00
6548.37069016 -5.61377907e+00
6548.42645244 -1.20341034e+01
6548.48221472 1.42064857e+01
6548.53797700 -5.45364380e+00
6548.59373928 9.16470337e+00
6548.64950156 7.14986038e+00
6548.70526384 -1.26514950e+01
6548.76102611 -5.46862411e+00
6548.81678839 1.24829674e+01
6548.87255067 6.74728394e-01
6548.92831295 -1.43299294e+00
6548.98407523 1.23639946e+01
6549.03983751 2.33805237e+01
6549.09559979 2.08891010e+01
6549.15136206 2.23980141e+00
6549.20712434 4.38303757e+00
6549.26288662 -1.12403469e+01
6549.31864890 5.17217636e+00
6549.37441118 3.12675762e+01
6549.43017346 1.10791607e+01
6549.48593573 1.56943741e+01
6549.54169801 -1.82691383e+00
6549.59746029 -1.82084732e+01
6549.65322257 -8.13369370e+00
6549.70898485 -4.64012146e+00
6549.76474713 1.82518215e+01
6549.82050941 2.32596798e+01
6549.87627168 -5.44182587e+00
6549.93203396 -2.09922314e+01
6549.98779624 1.92807178e+01
6550.04355852 6.46322250e+00
6550.09932080 -7.49933624e+00
6550.15508308 1.32112274e+01
6550.21084535 3.24962616e+00
6550.26660763 -1.19462242e+01
6550.32236991 -7.02167511e-01
6550.37813219 9.21853256e+00
6550.43389447 1.37460785e+01
6550.48965675 -6.11993217e+00
6550.54541903 1.51091042e+01
6550.60118130 7.74656868e+00
6550.65694358 1.07257118e+01
6550.71270586 1.92529316e+01
6550.76846814 2.12840233e+01
6550.82423042 3.31363373e+01
6550.87999270 -3.78506279e+00
6550.93575497 -6.47861099e+00
6550.99151725 8.29681396e-01
6551.04727953 4.45882607e+00
6551.10304181 1.63959923e+01
6551.15880409 9.54025841e+00
6551.21456637 4.22187042e+00
6551.27032865 -4.73809814e+00
6551.32609092 -1.78109169e+01
6551.38185320 -8.20071411e+00
6551.43761548 2.24311981e+01
6551.49337776 5.32605400e+01
6551.54914004 3.90667343e+01
6551.60490232 1.85216179e+01
6551.66066459 1.74851189e+01
6551.71642687 1.18123550e+01
6551.77218915 4.29846878e+01
6551.82795143 -5.24235916e+00
6551.88371371 -1.24571028e+01
6551.93947599 1.65825443e+01
6551.99523827 -1.20349693e+01
6552.05100054 6.25790787e+00
6552.10676282 1.75702534e+01
6552.16252510 1.77210197e+01
6552.21828738 9.29648590e+00
6552.27404966 9.58765602e+00
6552.32981194 -6.91754150e+00
6552.38557422 3.46412659e-02
6552.44133649 -8.16482353e+00
6552.49709877 -2.45873165e+01
6552.55286105 2.46895447e+01
6552.60862333 2.14866695e+01
6552.66438561 -8.48715591e+00
6552.72014789 2.60109711e+00
6552.77591016 -1.48169212e+01
6552.83167244 -1.73348427e+00
6552.88743472 1.43867188e+01
6552.94319700 7.96311188e+00
6552.99895928 -3.09321766e+01
6553.05472156 9.11881256e+00
6553.11048384 -9.69709587e+00
6553.16624611 1.42876205e+01
6553.22200839 -1.78759899e+01
6553.27777067 -1.59642410e+01
6553.33353295 -3.12243710e+01
6553.38929523 4.35411453e+00
6553.44505751 1.36605453e+01
6553.50081978 -2.46162415e-02
6553.55658206 1.36742764e+01
6553.61234434 2.32715244e+01
6553.66810662 -1.48881912e-01
6553.72386890 -2.68646355e+01
6553.77963118 2.93576813e+00
6553.83539346 -1.28727551e+01
6553.89115573 -2.98591518e+00
6553.94691801 1.09998417e+01
6554.00268029 2.79161587e+01
6554.05844257 4.35995865e+00
6554.11420485 -1.05560532e+01
6554.16996713 -5.81870270e+00
6554.22572940 1.16331978e+01
6554.28149168 1.38167801e+01
6554.33725396 -2.95656967e+00
6554.39301624 2.14903030e+01
6554.44877852 -6.69753647e+00
6554.50454080 -2.70092869e+01
6554.56030308 3.43063469e+01
6554.61606535 3.89640656e+01
6554.67182763 3.26951599e+00
6554.72758991 -1.82636261e+00
6554.78335219 1.36615086e+01
6554.83911447 -4.79976273e+00
6554.89487675 3.07923698e+01
6554.95063903 -2.81114197e+00
6555.00640130 -1.38879566e+01
6555.06216358 5.51032104e+01
6555.11792586 7.28593063e+00
6555.17368814 -2.97347698e+01
6555.22945042 5.12661057e+01
6555.28521270 9.81849670e+00
6555.34097497 -1.49422455e+00
6555.39673725 3.80301437e+01
6555.45249953 2.43229790e+01
6555.50826181 2.00265522e+01
6555.56402409 3.48334427e+01
6555.61978637 4.29189682e+00
6555.67554865 2.12407494e+01
6555.73131092 -1.59657993e+01
6555.78707320 3.11419468e+01
6555.84283548 3.63757477e+01
6555.89859776 -1.87093773e+01
6555.95436004 3.40676346e+01
6556.01012232 6.32065582e+00
6556.06588459 8.27231979e+00
6556.12164687 8.97686768e+00
6556.17740915 4.49061966e+01
6556.23317143 3.72426796e+01
6556.28893371 2.12160759e+01
6556.34469599 1.69381676e+01
6556.40045827 1.13938217e+01
6556.45622054 6.15481834e+01
6556.51198282 5.24027023e+01
6556.56774510 6.13311119e+01
6556.62350738 7.53468018e+01
6556.67926966 1.28317062e+02
6556.73503194 1.72236572e+02
6556.79079421 2.36038055e+02
6556.84655649 2.81315552e+02
6556.90231877 3.16986725e+02
6556.95808105 3.37660248e+02
6557.01384333 4.51175995e+02
6557.06960561 3.90463867e+02
6557.12536789 4.83760925e+02
6557.18113016 5.16299805e+02
6557.23689244 4.20088715e+02
6557.29265472 4.77938293e+02
6557.34841700 4.70627106e+02
6557.40417928 4.29874512e+02
6557.45994156 4.05110107e+02
6557.51570383 3.24734131e+02
6557.57146611 3.35968353e+02
6557.62722839 2.11038055e+02
6557.68299067 1.74263916e+02
6557.73875295 1.70417450e+02
6557.79451523 9.58807449e+01
6557.85027751 7.23000031e+01
6557.90603978 8.60289536e+01
6557.96180206 2.30799980e+01
6558.01756434 5.10757256e+01
6558.07332662 3.50679626e+01
6558.12908890 3.30517960e+01
6558.18485118 -1.02806854e+00
6558.24061346 1.80866241e+00
6558.29637573 4.81309166e+01
6558.35213801 1.87504730e+01
6558.40790029 -2.05971909e+00
6558.46366257 1.86454792e+01
6558.51942485 2.99001694e+01
6558.57518713 2.81033287e+01
6558.63094940 2.39216347e+01
6558.68671168 1.12306213e+01
6558.74247396 1.68296547e+01
6558.79823624 3.02965565e+01
6558.85399852 1.32207756e+01
6558.90976080 6.43664551e+00
6558.96552308 -3.55681992e+00
6559.02128535 5.05712509e+00
6559.07704763 4.18241119e+00
6559.13280991 2.30628166e+01
6559.18857219 1.76683235e+01
6559.24433447 2.79710579e+00
6559.30009675 5.32778282e+01
6559.35585902 4.19617157e+01
6559.41162130 1.51669350e+01
6559.46738358 1.72742691e+01
6559.52314586 -4.02729988e+00
6559.57890814 2.29087009e+01
6559.63467042 2.80919628e+01
6559.69043270 -1.93675613e+00
6559.74619497 7.22824097e-01
6559.80195725 1.01932755e+01
6559.85771953 4.52613525e+01
6559.91348181 1.15233955e+01
6559.96924409 3.15494137e+01
6560.02500637 2.75446815e+01
6560.08076864 -2.05318832e+00
6560.13653092 -3.07131252e+01
6560.19229320 -6.51140404e+00
6560.24805548 1.05881691e+01
6560.30381776 -6.54726410e+00
6560.35958004 1.48027611e+01
6560.41534232 -9.16974640e+00
6560.47110459 -1.60416145e+01
6560.52686687 9.91269112e+00
6560.58262915 1.68463783e+01
6560.63839143 2.00156937e+01
6560.69415371 1.23730316e+01
6560.74991599 -8.05548096e+00
6560.80567826 -1.39420204e+01
6560.86144054 9.98275566e+00
6560.91720282 -4.27041054e+01
6560.97296510 -1.41808624e+01
6561.02872738 -1.04667130e+01
6561.08448966 -8.03321266e+00
6561.14025194 -7.36066818e-01
6561.19601421 2.20132065e+00
6561.25177649 3.45403671e+01
6561.30753877 3.59761887e+01
6561.36330105 -2.09802818e+01
6561.41906333 2.57350845e+01
6561.47482561 3.98059196e+01
6561.53058789 2.59977608e+01
6561.58635016 -1.08195114e+01
6561.64211244 1.58994179e+01
6561.69787472 -4.77183380e+01
6561.75363700 -1.85824490e+01
6561.80939928 2.56779594e+01
6561.86516156 -3.14997673e+00
6561.92092383 -2.70594635e+01
6561.97668611 -4.48910141e+00
6562.03244839 -9.07932663e+00
6562.08821067 2.39188747e+01
6562.14397295 -2.24768066e+00
6562.19973523 2.38227081e+00
6562.25549751 -2.22173920e+01
6562.31125978 5.73860931e+00
6562.36702206 5.56777191e+00
6562.42278434 -6.46989441e+00
6562.47854662 7.94219971e-03
6562.53430890 -2.07044525e+01
6562.59007118 9.78972626e+00
6562.64583345 4.30558395e+00
6562.70159573 -1.23942661e+01
6562.75735801 -1.38400993e+01
6562.81312029 3.48467255e+01
6562.86888257 3.96979713e+00
6562.92464485 1.06731834e+01
6562.98040713 4.32472229e-01
6563.03616940 -2.42525101e+00
6563.09193168 9.32951736e+00
6563.14769396 3.63067894e+01
6563.20345624 2.87218914e+01
6563.25921852 4.57070541e+00
6563.31498080 -1.98883877e+01
6563.37074307 -1.35219593e+01
6563.42650535 2.06320953e+00
6563.48226763 5.77527809e+00
6563.53802991 -9.47673798e-01
6563.59379219 -1.08873692e+01
6563.64955447 1.06563339e+01
6563.70531675 4.33929062e+00
6563.76107902 -1.64967384e+01
6563.81684130 -2.99816856e+01
6563.87260358 1.63903408e+01
6563.92836586 -1.36534081e+01
6563.98412814 1.21195316e+01
6564.03989042 1.22007523e+01
6564.09565269 -1.74785957e+01
6564.15141497 -1.03996468e+01
6564.20717725 1.34192333e+01
6564.26293953 2.70635452e+01
6564.31870181 5.01460075e+00
6564.37446409 -6.78151131e+00
6564.43022637 3.25239182e+01
6564.48598864 4.59013481e+01
6564.54175092 1.17579994e+01
6564.59751320 -1.62155018e+01
6564.65327548 2.22743359e+01
6564.70903776 -4.33821106e+00
6564.76480004 -1.45079536e+01
6564.82056232 3.92136459e+01
6564.87632459 -8.67245483e+00
6564.93208687 1.70395050e+01
6564.98784915 2.66871433e+01
6565.04361143 -3.41959763e+00
6565.09937371 -1.10788975e+01
6565.15513599 -1.13467436e+01
6565.21089826 1.48161163e+01
6565.26666054 8.18462753e+00
6565.32242282 1.41868629e+01
6565.37818510 -1.58109379e+01
6565.43394738 -9.77525520e+00
6565.48970966 -1.45754843e+01
6565.54547194 -1.99784832e+01
6565.60123421 -1.83107338e+01
6565.65699649 8.02141190e+00
6565.71275877 -2.83312035e+00
6565.76852105 -1.34747238e+01
6565.82428333 1.40133781e+01
6565.88004561 -7.31825256e+00
6565.93580788 -3.47750320e+01
6565.99157016 1.11495132e+01
6566.04733244 4.47485352e+00
6566.10309472 1.73004990e+01
6566.15885700 -1.32786942e+01
6566.21461928 1.64944496e+01
6566.27038156 7.15901566e+00
6566.32614383 1.89663277e+01
6566.38190611 -2.78657722e+00
6566.43766839 1.53693581e+01
6566.49343067 8.76792145e+00
6566.54919295 -2.89415054e+01
6566.60495523 -1.51016493e+01
6566.66071750 2.38205223e+01
6566.71647978 1.96285172e+01
6566.77224206 3.71310043e+00
6566.82800434 -1.66812248e+01
6566.88376662 -1.64468079e+01
6566.93952890 2.96314545e+01
6566.99529118 2.76464005e+01
6567.05105345 1.85187607e+01
6567.10681573 3.27101402e+01
6567.16257801 3.56099968e+01
6567.21834029 -1.46105118e+01
6567.27410257 -4.35642319e+01
6567.32986485 -2.32094116e+01
6567.38562712 -1.68507767e+01
6567.44138940 1.06906319e+01
6567.49715168 6.99504852e-01
6567.55291396 2.52600975e+01
6567.60867624 -2.02667694e+01
6567.66443852 -1.11531487e+01
6567.72020080 6.40092468e+00
6567.77596307 1.31786079e+01
6567.83172535 -3.25929718e+01
6567.88748763 2.04529228e+01
6567.94324991 5.27566147e+00
6567.99901219 1.57110825e+01
6568.05477447 2.14970398e+00
6568.11053675 2.40061665e+01
6568.16629902 9.25884247e+00
6568.22206130 1.86443520e+01
6568.27782358 6.49131393e+00
6568.33358586 -2.03424149e+01
6568.38934814 -1.18097401e+01
6568.44511042 4.96012306e+00
6568.50087269 2.37006817e+01
6568.55663497 2.89163017e+00
6568.61239725 7.97614670e+00
6568.66815953 3.00405121e+00
6568.72392181 6.46038437e+00
6568.77968409 -2.81247883e+01
6568.83544637 -1.65399933e+01
6568.89120864 -7.03053093e+00
6568.94697092 5.31384659e+00
6569.00273320 2.50169220e+01
6569.05849548 8.72461700e+00
6569.11425776 -2.40800076e+01
6569.17002004 5.34371185e+00
6569.22578231 -8.87458229e+00
6569.28154459 3.78312035e+01
6569.33730687 3.87692261e+00
6569.39306915 -3.85438232e+01
6569.44883143 -2.00226593e+00
6569.50459371 -5.30040169e+00
6569.56035599 -2.05497322e+01
6569.61611826 -7.56620598e+00
6569.67188054 -1.35844402e+01
6569.72764282 4.72424240e+01
6569.78340510 1.56201363e+01
6569.83916738 1.15811958e+01
6569.89492966 -1.78992252e+01
6569.95069193 4.90824127e+00
6570.00645421 -1.65196762e+01
6570.06221649 1.63815002e+01
6570.11797877 -1.44332333e+01
6570.17374105 4.56123734e+00
6570.22950333 1.99310303e-01
6570.28526561 5.49558258e+00
6570.34102788 3.33808517e+00
6570.39679016 9.90565491e+00
6570.45255244 2.85023766e+01
6570.50831472 7.42552185e+00
6570.56407700 -1.22944298e+01
6570.61983928 -3.81188812e+01
6570.67560155 1.95380096e+01
6570.73136383 -3.45474701e+01
6570.78712611 1.05025139e+01
6570.84288839 4.08147430e+00
6570.89865067 4.08232880e+00
6570.95441295 1.91212578e+01
6571.01017523 1.38290405e+01
6571.06593750 -6.65143585e+00
6571.12169978 2.51788712e+00
6571.17746206 4.58710098e+00
6571.23322434 8.73472595e+00
6571.28898662 8.12581825e+00
6571.34474890 2.54862213e+00
6571.40051118 -1.53249912e+01
6571.45627345 2.33533993e+01
6571.51203573 -3.89724731e+00
6571.56779801 1.99044781e+01
6571.62356029 8.58377075e+00
6571.67932257 -2.05194359e+01
6571.73508485 -2.28004189e+01
6571.79084712 -6.92403030e+00
6571.84660940 1.59070816e+01
6571.90237168 1.32809486e+01
6571.95813396 2.81958389e+01
6572.01389624 -6.33442307e+00
6572.06965852 8.96694183e-01
6572.12542080 1.10021286e+01
6572.18118307 3.64717331e+01
6572.23694535 -7.15080261e-01
6572.29270763 4.98394394e+00
6572.34846991 -3.46370697e-01
6572.40423219 -1.80872345e+00
6572.45999447 9.62415695e+00
6572.51575674 -3.37598724e+01
6572.57151902 -1.86989212e+00
6572.62728130 -1.29740734e+01
6572.68304358 -1.23343487e+01
6572.73880586 3.12400169e+01
6572.79456814 1.06809998e+01
6572.85033042 8.96453476e+00
6572.90609269 -3.67644501e+00
6572.96185497 3.98608398e+01
6573.01761725 2.24969215e+01
6573.07337953 -2.00272388e+01
6573.12914181 3.21274338e+01
6573.18490409 1.44615631e+01
6573.24066636 -3.56886673e+01
6573.29642864 5.37701225e+00
6573.35219092 -1.22271347e+00
6573.40795320 4.15679169e+00
6573.46371548 -1.05914345e+01
6573.51947776 3.01451855e+01
6573.57524004 2.28221397e+01
6573.63100231 1.26210728e+01
6573.68676459 5.56238556e+00
6573.74252687 -2.17917938e+01
6573.79828915 -9.24451447e+00
6573.85405143 4.52991486e-01
6573.90981371 -1.28353882e+01
6573.96557598 -8.19495010e+00
6574.02133826 -3.78925705e+00
6574.07710054 2.88830338e+01
6574.13286282 1.04393959e+01
6574.18862510 -2.92696190e+01
6574.24438738 -5.10082245e+00
6574.30014966 -2.85693703e+01
6574.35591193 -3.93544388e+00
6574.41167421 -1.68512001e+01
6574.46743649 -5.07593155e+00
6574.52319877 1.71396790e+01
6574.57896105 -7.86440659e+00
6574.63472333 -3.98583221e+00
6574.69048561 -5.98428154e+00
6574.74624788 1.45749283e+01
6574.80201016 1.87584038e+01
6574.85777244 -1.37292156e+01
6574.91353472 -2.67277832e+01
6574.96929700 -1.08055382e+01
6575.02505928 -3.32496643e+00
6575.08082155 -1.41999741e+01
6575.13658383 -1.46809673e+01
6575.19234611 2.19061279e+00
6575.24810839 2.04135895e-01
6575.30387067 6.42667389e+00
6575.35963295 6.38313293e-01
6575.41539523 2.17996883e+01
6575.47115750 6.04483795e+00
6575.52691978 -2.35575104e+01
6575.58268206 3.99455261e+00
6575.63844434 -3.70830917e+00
6575.69420662 2.06210480e+01
6575.74996890 1.58109856e+01
6575.80573117 -1.31378174e-02
6575.86149345 -1.00288391e+01
6575.91725573 1.54105988e+01
6575.97301801 1.03503990e+01
6576.02878029 1.58350754e+01
6576.08454257 -1.34523201e+01
6576.14030485 -6.69948196e+00
6576.19606712 1.25543947e+01
6576.25182940 5.06596947e+00
6576.30759168 1.81569901e+01
6576.36335396 -1.81360970e+01
6576.41911624 1.45952301e+01
6576.47487852 -9.01792908e+00
6576.53064079 -5.12977219e+00
6576.58640307 2.85758972e-02
6576.64216535 2.78904648e+01
6576.69792763 3.13018990e+01
6576.75368991 -1.43852730e+01
6576.80945219 -2.53986416e+01
6576.86521447 -2.11353149e+01
6576.92097674 1.59262848e+00
6576.97673902 -5.41347504e+00
6577.03250130 4.53955727e+01
6577.08826358 2.48985291e-01
6577.14402586 8.52504730e+00
6577.19978814 3.07182884e+00
6577.25555042 2.67397499e+00
6577.31131269 -6.69132233e+00
6577.36707497 8.91512489e+00
6577.42283725 3.13765602e+01
6577.47859953 3.49935417e+01
6577.53436181 3.68330307e+01
6577.59012409 -4.47682953e+00
6577.64588636 1.97842026e+00
6577.70164864 2.44334297e+01
6577.75741092 3.80192795e+01
6577.81317320 4.17530823e+01
6577.86893548 2.86349792e+01
6577.92469776 3.23125801e+01
6577.98046004 4.28775787e+01
6578.03622231 6.11103058e+01
6578.09198459 -9.06715393e-01
6578.14774687 2.65107346e+00
6578.20350915 3.01308212e+01
6578.25927143 2.29811478e+00
6578.31503371 -7.49835205e+00
6578.37079598 -5.17692566e-02
6578.42655826 1.57105446e+01
6578.48232054 1.50178680e+01
6578.53808282 -6.24417114e+00
6578.59384510 4.36683731e+01
6578.64960738 1.23511772e+01
6578.70536966 -1.23851013e+01
6578.76113193 -1.24994278e-01
6578.81689421 2.61810188e+01
6578.87265649 -5.36013412e+00
6578.92841877 -1.85014343e+00
6578.98418105 2.01591911e+01
6579.03994333 -7.81334305e+00
6579.09570560 -1.37865829e+00
6579.15146788 3.41324997e+00
6579.20723016 1.83641033e+01
6579.26299244 4.12959480e+00
6579.31875472 -1.37253342e+01
6579.37451700 -5.68693352e+00
6579.43027928 -8.08068657e+00
6579.48604155 2.49057674e+01
6579.54180383 2.40156555e+00
6579.59756611 -1.50966187e+01
6579.65332839 -6.91735077e+00
6579.70909067 -1.85622692e+01
6579.76485295 -1.48927555e+01
6579.82061522 -1.83672600e+01
6579.87637750 -4.05569458e+00
6579.93213978 4.27386093e+00
6579.98790206 3.80138016e+00
6580.04366434 -2.97059860e+01
6580.09942662 2.16565094e+01
6580.15518890 -5.40227318e+00
6580.21095117 2.63346100e+00
6580.26671345 2.95066833e+00
6580.32247573 1.80043259e+01
6580.37823801 2.26880035e+01
6580.43400029 1.49784489e+01
6580.48976257 3.47870560e+01
6580.54552485 -1.94607029e+01
6580.60128712 -1.97623367e+01
6580.65704940 -4.47396469e+00
6580.71281168 4.01551056e+00
6580.76857396 2.14918652e+01
6580.82433624 4.81828690e+00
6580.88009852 -8.46596909e+00
6580.93586079 -1.63669510e+01
6580.99162307 3.52667580e+01
6581.04738535 2.13450546e+01
6581.10314763 -4.33354378e+00
6581.15890991 -2.51977921e+00
6581.21467219 1.50932884e+01
6581.27043447 6.83583832e+00
6581.32619674 3.85902405e+00
6581.38195902 -2.66389084e+00
6581.43772130 3.12768173e+00
6581.49348358 -2.97653694e+01
6581.54924586 -1.65231476e+01
6581.60500814 6.73090553e+00
6581.66077041 -2.69272518e+01
6581.71653269 1.80756950e+00
6581.77229497 5.33434296e+00
6581.82805725 1.95160675e+00
6581.88381953 -1.08777924e+01
6581.93958181 -1.23932190e+01
6581.99534409 4.21573639e-01
6582.05110636 -8.34396744e+00
6582.10686864 -1.99016571e-01
6582.16263092 -1.08965302e+01
6582.21839320 1.25237122e+01
6582.27415548 -1.95041275e+00
6582.32991776 -7.76372147e+00
6582.38568003 -1.39898300e+00
6582.44144231 -1.21002197e-02
6582.49720459 2.57165604e+01
6582.55296687 1.38435593e+01
6582.60872915 -3.65174103e+00
6582.66449143 -2.82846909e+01
6582.72025371 -2.16064453e+01
6582.77601598 1.10198002e+01
6582.83177826 5.69833374e+00
6582.88754054 1.30863838e+01
6582.94330282 4.27026367e+00
6582.99906510 -2.50057602e+00
6583.05482738 1.44152985e+01
6583.11058965 -1.70944405e+01
6583.16635193 -2.89767342e+01
6583.22211421 -1.83791733e+00
6583.27787649 3.36636734e+01
6583.33363877 -7.01072693e-01
6583.38940105 2.89299660e+01
6583.44516333 2.44169464e+01
6583.50092560 -3.22054100e+01
6583.55668788 1.69030457e+01
6583.61245016 4.71622467e+00
6583.66821244 -5.61483002e+00
6583.72397472 9.34774780e+00
6583.77973700 -1.10339489e+01
6583.83549928 -1.99995995e+00
6583.89126155 -6.04288483e+00
6583.94702383 -2.36941261e+01
6584.00278611 -6.83422852e+00
6584.05854839 -2.90556717e+00
6584.11431067 2.93385315e+01
6584.17007295 1.32141190e+01
6584.22583522 -2.71215744e+01
6584.28159750 4.99252319e+01
6584.33735978 1.01106625e+01
6584.39312206 -4.94402161e+01
6584.44888434 -3.57888412e+00
6584.50464662 8.87905121e-01
6584.56040890 -3.30777359e+00
6584.61617117 -9.00490189e+00
6584.67193345 9.85289383e+00
6584.72769573 3.05045128e+01
6584.78345801 -7.96786499e+00
6584.83922029 -1.21115532e+01
6584.89498257 -1.68008556e+01
6584.95074484 -1.44544029e+01
6585.00650712 -7.90630150e+00
6585.06226940 1.46200752e+01
6585.11803168 4.86181068e+00
6585.17379396 1.36804028e+01
6585.22955624 -2.04546356e+01
6585.28531852 -6.02422714e+00
6585.34108079 1.75644646e+01
6585.39684307 1.79449043e+01
6585.45260535 1.35444221e+01
6585.50836763 5.54858398e+00
6585.56412991 -7.37068367e+00
6585.61989219 1.49773579e+01
6585.67565446 -2.19901276e+00
6585.73141674 3.55341492e+01
6585.78717902 -2.39948063e+01
6585.84294130 -1.79086494e+01
6585.89870358 3.72884789e+01
6585.95446586 -1.17251396e+00
6586.01022814 2.99867630e+01
6586.06599041 3.56346359e+01
6586.12175269 -1.81124783e+01
6586.17751497 -1.25413475e+01
6586.23327725 4.80667496e+00
6586.28903953 5.09366035e+00
6586.34480181 1.73968124e+00
6586.40056408 3.31191635e+00
6586.45632636 -1.46598053e+00
6586.51208864 2.77182121e+01
6586.56785092 -1.38374043e+01
6586.62361320 -2.05357513e+01
6586.67937548 -9.01432610e+00
6586.73513776 6.12345505e+00
6586.79090003 1.63615608e+01
6586.84666231 4.66135788e+00
6586.90242459 1.35078430e+00
6586.95818687 1.96277390e+01
6587.01394915 2.96937943e+00
6587.06971143 -2.04453659e+00
6587.12547371 -2.29614468e+01
6587.18123598 -9.32843208e+00
6587.23699826 8.65784454e+00
6587.29276054 -3.91151772e+01
6587.34852282 -4.02677803e+01
6587.40428510 7.71782684e+00
6587.46004738 2.39194641e+01
6587.51580965 -2.47048607e+01
6587.57157193 -6.14162064e+00
6587.62733421 5.28052521e+00
6587.68309649 -2.09308777e+01
6587.73885877 -4.20757179e+01
6587.79462105 2.86144791e+01
6587.85038333 -3.51606941e+00
6587.90614560 -3.12639542e+01
6587.96190788 2.78927612e+00
6588.01767016 -5.37665939e+00
6588.07343244 3.60288620e+00
6588.12919472 -5.57498169e+00
6588.18495700 -3.99461823e+01
6588.24071927 1.70256653e+01
6588.29648155 -1.52526245e+01
6588.35224383 -1.68651257e+01
6588.40800611 3.95928497e+01
6588.46376839 2.44968414e-01
6588.51953067 -2.17343903e+01
6588.57529295 8.44419289e+00
6588.63105522 1.02097855e+01
6588.68681750 -1.53354473e+01
6588.74257978 2.25905228e+01
6588.79834206 3.77367401e+00
6588.85410434 -2.98051834e-01
6588.90986662 1.46358814e+01
6588.96562889 -3.61886559e+01
6589.02139117 -1.59347439e+01
6589.07715345 1.26275196e+01
6589.13291573 5.29920578e-01
6589.18867801 1.46026611e+01
6589.24444029 1.17147522e+01
6589.30020257 -2.03864784e+01
6589.35596484 -5.97740173e-01
6589.41172712 2.28780098e+01
6589.46748940 7.90033722e+00
6589.52325168 1.83248196e+01
6589.57901396 -2.99845638e+01
6589.63477624 8.40125275e+00
6589.69053851 1.15201817e+01
6589.74630079 1.97818279e+01
6589.80206307 1.23643303e+01
6589.85782535 -5.40577316e+00
6589.91358763 1.25436382e+01
6589.96934991 3.02932549e+00
6590.02511219 -5.16401672e+00
6590.08087446 8.14615250e+00
6590.13663674 -1.40351868e+00
6590.19239902 2.02617264e+00
6590.24816130 3.72096519e+01
6590.30392358 3.05571976e+01
6590.35968586 -2.66590614e+01
6590.41544814 -1.31644554e+01
6590.47121041 1.86855621e+01
6590.52697269 -1.06114235e+01
6590.58273497 -1.01937447e+01
6590.63849725 -1.38014183e+01
6590.69425953 -5.87332726e+00
6590.75002181 -1.12753487e+01
6590.80578408 -1.73954391e+00
6590.86154636 4.09463081e+01
6590.91730864 -1.99698658e+01
6590.97307092 -8.66075134e+00
6591.02883320 -2.15109406e+01
6591.08459548 -3.43793716e+01
6591.14035776 -1.42565002e+01
6591.19612003 -1.70069637e+01
6591.25188231 6.66532516e+00
6591.30764459 5.23309708e+00
6591.36340687 3.65180931e+01
6591.41916915 -1.97109947e+01
6591.47493143 -1.42442417e+01
6591.53069370 -2.70238876e+00
6591.58645598 1.95834808e+01
6591.64221826 2.18844948e+01
6591.69798054 -1.22840881e-01
6591.75374282 2.78829250e+01
6591.80950510 1.50664749e+01
6591.86526738 2.63360863e+01
6591.92102965 -1.27530575e+01
6591.97679193 -1.87914295e+01
6592.03255421 1.11399307e+01
6592.08831649 -9.35969543e+00
6592.14407877 2.92870426e+01
6592.19984105 -6.91432762e+00
6592.25560332 -8.98155785e+00
6592.31136560 9.11475754e+00
6592.36712788 3.02852631e+00
6592.42289016 2.86212158e+00
6592.47865244 1.29398041e+01
6592.53441472 -2.07567368e+01
6592.59017700 -1.51746597e+01
6592.64593927 2.14126205e+00
6592.70170155 -1.21268921e+01
6592.75746383 3.22687149e+00
6592.81322611 -2.79204178e+00
6592.86898839 -3.39002838e+01
6592.92475067 6.93743515e+00
6592.98051294 -1.43808746e+00
6593.03627522 2.30360260e+01
6593.09203750 2.35012703e+01
6593.14779978 2.40444183e+00
6593.20356206 1.28511429e+00
6593.25932434 -9.30796814e+00
6593.31508662 -4.08302307e+00
6593.37084889 1.92740440e+01
6593.42661117 -1.35350819e+01
6593.48237345 -3.37146111e+01
6593.53813573 5.40054321e+00
6593.59389801 -7.49027252e+00
6593.64966029 1.90109348e+01
6593.70542257 -1.52771397e+01
6593.76118484 1.31516685e+01
6593.81694712 1.07182159e+01
6593.87270940 -5.74185562e+00
6593.92847168 2.34971962e+01
6593.98423396 -1.36174927e+01
6594.03999624 8.25998688e+00
6594.09575851 -7.77278519e+00
6594.15152079 1.72435532e+01
6594.20728307 4.52580261e+00
6594.26304535 -3.92034149e+00
6594.31880763 1.57856598e+01
6594.37456991 1.08074322e+01
6594.43033219 -4.47245789e+00
6594.48609446 -3.59184265e-01
6594.54185674 -1.43174095e+01
6594.59761902 1.30797310e+01
6594.65338130 -9.51326370e-01
6594.70914358 -1.46618481e+01
6594.76490586 7.09325027e+00
6594.82066813 6.15192032e+00
6594.87643041 1.69984283e+01
6594.93219269 -7.45429993e+00
6594.98795497 -7.48886681e+00
6595.04371725 1.14604244e+01
6595.09947953 1.25898590e+01
6595.15524181 1.78051300e+01
6595.21100408 1.97412148e+01
6595.26676636 2.26715584e+01
6595.32252864 1.66309128e+01
6595.37829092 1.29656239e+01
6595.43405320 -3.33475304e+00
6595.48981548 2.03326263e+01
6595.54557775 6.51107025e+00
6595.60134003 -1.01013622e+01
6595.65710231 -9.89067650e+00
6595.71286459 -1.48495026e+01
6595.76862687 -2.10037994e+00
6595.82438915 1.06506348e-01
6595.88015143 1.50442963e+01
6595.93591370 -1.64707794e+01
6595.99167598 -9.45143318e+00
6596.04743826 -2.19386978e+01
6596.10320054 -1.28914413e+01
6596.15896282 -2.31571445e+01
6596.21472510 2.39657211e+00
6596.27048737 -2.02350616e-01
6596.32624965 2.40795193e+01
6596.38201193 9.19445038e+00
6596.43777421 -1.07803345e+00
6596.49353649 -6.10884666e+00
6596.54929877 3.41860199e+00
6596.60506105 5.65728989e+01
6596.66082332 1.50521278e+01
6596.71658560 1.41677513e+01
6596.77234788 2.16930923e+01
6596.82811016 -2.39569702e+01
6596.88387244 1.05080605e+01
6596.93963472 1.12257156e+01
6596.99539700 1.33976364e+00
6597.05115927 1.68823242e-01
6597.10692155 2.60095444e+01
6597.16268383 1.92393265e+01
6597.21844611 -1.81003952e+00
6597.27420839 3.70017624e+00
6597.32997067 8.06344986e+00
6597.38573294 3.54695282e+01
