# Rest-frame spectrum generated from: N5204C0003o_1d.fits
# lambda_Ha_obs = 6568.38100000 Angstrom
# lambda_Ha_rest = 6562.80000000 Angstrom
# z_Ha = 8.5039921985e-04
# v_Ha_relativistic = 254.834871 km/s
# v_Ha_classical = 254.943272 km/s
# columns: wavelength_rest[Angstrom] flux_or_counts

6546.29192517 3.89337730e+00
6546.34773968 3.89317513e+00
6546.40355420 3.89312935e+00
6546.45936871 3.89275169e+00
6546.51518322 3.89280128e+00
6546.57099773 3.89294243e+00
6546.62681224 3.89343071e+00
6546.68262675 3.88359642e+00
6546.73844126 3.87408257e+00
6546.79425578 3.86440468e+00
6546.85007029 3.85430145e+00
6546.90588480 3.84788895e+00
6546.96169931 5.65883636e+00
6547.01751382 1.78200874e+01
6547.07332833 3.05827141e+00
6547.12914284 1.46716976e+01
6547.18495735 2.65811157e+00
6547.24077187 -8.20426941e-02
6547.29658638 2.46785698e+01
6547.35240089 9.49112320e+00
6547.40821540 1.68279228e+01
6547.46402991 4.78688583e+01
6547.51984442 1.68786621e+01
6547.57565893 4.37678680e+01
6547.63147345 -7.89042473e+00
6547.68728796 5.67874527e+00
6547.74310247 3.74620895e+01
6547.79891698 6.83578110e+00
6547.85473149 -2.05799942e+01
6547.91054600 1.23313217e+01
6547.96636051 3.93634033e+00
6548.02217503 2.73834152e+01
6548.07798954 1.90427856e+01
6548.13380405 -7.15770340e+00
6548.18961856 4.66983185e+01
6548.24543307 1.61384392e+01
6548.30124758 -4.42308426e+00
6548.35706209 1.07900124e+01
6548.41287661 1.25596619e+00
6548.46869112 5.29543495e+00
6548.52450563 1.55510788e+01
6548.58032014 3.14512253e+00
6548.63613465 -2.87787724e+01
6548.69194916 3.85782623e+01
6548.74776367 -1.18522644e-01
6548.80357818 -3.00189495e+01
6548.85939270 -9.19982910e+00
6548.91520721 2.03438377e+01
6548.97102172 9.14127731e+00
6549.02683623 -1.22902336e+01
6549.08265074 -2.74651604e+01
6549.13846525 1.48549614e+01
6549.19427976 -1.08641701e+01
6549.25009428 -1.77506332e+01
6549.30590879 -4.35855255e+01
6549.36172330 9.95484734e+00
6549.41753781 -1.05745239e+01
6549.47335232 -1.65457497e+01
6549.52916683 -1.46592865e+01
6549.58498134 -1.63858299e+01
6549.64079586 -8.58542061e+00
6549.69661037 -1.76038742e-01
6549.75242488 7.89442444e+00
6549.80823939 1.90864983e+01
6549.86405390 1.21969128e+01
6549.91986841 3.27267914e+01
6549.97568292 2.04929581e+01
6550.03149744 3.07699814e+01
6550.08731195 2.76644974e+01
6550.14312646 2.92699356e+01
6550.19894097 -3.60964508e+01
6550.25475548 -1.19283314e+01
6550.31056999 -1.52399063e+00
6550.36638450 4.70315742e+00
6550.42219901 -4.94266129e+00
6550.47801353 -8.41386414e+00
6550.53382804 -1.17818260e+01
6550.58964255 1.33922195e+00
6550.64545706 -1.50539360e+01
6550.70127157 -1.64996452e+01
6550.75708608 -4.35587311e+00
6550.81290059 1.17817001e+01
6550.86871511 -7.32201385e+00
6550.92452962 3.70508194e+00
6550.98034413 6.48853683e+00
6551.03615864 -7.18684006e+00
6551.09197315 4.27247314e+01
6551.14778766 2.75383301e+01
6551.20360217 -8.81858826e+00
6551.25941669 8.69199753e+00
6551.31523120 1.26823044e+01
6551.37104571 -5.90958977e+00
6551.42686022 -3.11553955e+00
6551.48267473 3.49951439e+01
6551.53848924 -1.00454540e+01
6551.59430375 -1.84296494e+01
6551.65011827 -7.33510971e+00
6551.70593278 8.83945465e-01
6551.76174729 -3.00826836e+00
6551.81756180 -3.88516235e+00
6551.87337631 4.13258171e+00
6551.92919082 1.96497803e+01
6551.98500533 -9.94901276e+00
6552.04081984 -2.03998032e+01
6552.09663436 -1.84074993e+01
6552.15244887 -3.28086472e+00
6552.20826338 2.43615685e+01
6552.26407789 -6.31780243e+00
6552.31989240 2.62215996e+01
6552.37570691 1.13265381e+01
6552.43152142 -1.36910629e+00
6552.48733594 -1.15646286e+01
6552.54315045 -2.13436832e+01
6552.59896496 2.04130516e+01
6552.65477947 -1.07090569e+01
6552.71059398 9.62317467e+00
6552.76640849 -1.56930847e+01
6552.82222300 -1.85846157e+01
6552.87803752 -1.41850739e+01
6552.93385203 1.76745987e+01
6552.98966654 1.70849495e+01
6553.04548105 2.99355316e+00
6553.10129556 7.12078094e+00
6553.15711007 -2.95377693e+01
6553.21292458 -7.38542938e+00
6553.26873910 -1.73814240e+01
6553.32455361 2.60214520e+01
6553.38036812 4.93656540e+00
6553.43618263 1.91168728e+01
6553.49199714 -2.48057327e+01
6553.54781165 2.43622551e+01
6553.60362616 2.69580498e+01
6553.65944067 -1.02654285e+01
6553.71525519 -8.61725235e+00
6553.77106970 -1.69665852e+01
6553.82688421 2.84825172e+01
6553.88269872 -1.94194412e+01
6553.93851323 -2.27939396e+01
6553.99432774 -4.07379913e+00
6554.05014225 -1.25593567e+00
6554.10595677 -1.38308258e+01
6554.16177128 2.06895065e+00
6554.21758579 -4.87333870e+00
6554.27340030 3.60942841e-01
6554.32921481 5.34304428e+00
6554.38502932 1.49149818e+01
6554.44084383 1.35834656e+01
6554.49665835 -5.76738548e+00
6554.55247286 1.66230278e+01
6554.60828737 2.65859985e+01
6554.66410188 2.46564865e-01
6554.71991639 3.08314514e+01
6554.77573090 -3.98836517e+00
6554.83154541 -1.30955906e+01
6554.88735993 2.84133911e-01
6554.94317444 -1.39514923e-01
6554.99898895 -1.08343315e+00
6555.05480346 -1.94581604e+00
6555.11061797 1.83696213e+01
6555.16643248 -3.15739059e+00
6555.22224699 -1.51038170e+01
6555.27806151 9.69750977e+00
6555.33387602 -6.74959946e+00
6555.38969053 -4.16823196e+00
6555.44550504 1.04098167e+01
6555.50131955 8.93320465e+00
6555.55713406 -7.95446396e+00
6555.61294857 7.89129257e+00
6555.66876308 -1.51552277e+01
6555.72457760 -1.31383705e+01
6555.78039211 5.49792099e+00
6555.83620662 2.06089172e+01
6555.89202113 -1.14742661e+01
6555.94783564 -5.79199219e+00
6556.00365015 -2.04293060e+00
6556.05946466 4.61556129e+01
6556.11527918 2.49141502e+01
6556.17109369 -6.31129074e+00
6556.22690820 -9.39025879e-01
6556.28272271 -1.90545940e+01
6556.33853722 9.19480515e+00
6556.39435173 1.52114868e+00
6556.45016624 1.19386978e+01
6556.50598076 -9.58991623e+00
6556.56179527 -4.41062775e+01
6556.61760978 1.87839470e+01
6556.67342429 -5.09955597e+00
6556.72923880 1.79708443e+01
6556.78505331 3.76863098e+00
6556.84086782 -8.23016357e+00
6556.89668234 -1.34300537e+01
6556.95249685 -4.38608170e+00
6557.00831136 2.56608353e+01
6557.06412587 2.67352982e+01
6557.11994038 -1.85318298e+01
6557.17575489 -2.21958923e+01
6557.23156940 1.57953415e+01
6557.28738391 2.86283531e+01
6557.34319843 5.39706421e+00
6557.39901294 2.20839195e+01
6557.45482745 1.73722267e+01
6557.51064196 -1.00701141e+00
6557.56645647 -1.41394730e+01
6557.62227098 -1.16066666e+01
6557.67808549 3.50122566e+01
6557.73390001 3.71430588e+00
6557.78971452 1.78490391e+01
6557.84552903 2.06184998e+01
6557.90134354 -3.78674698e+00
6557.95715805 1.26858482e+01
6558.01297256 -5.60592651e-01
6558.06878707 7.91175079e+00
6558.12460159 -2.65600452e+01
6558.18041610 -4.54154205e+00
6558.23623061 -7.26010513e+00
6558.29204512 -1.02273254e+01
6558.34785963 -2.48937607e+00
6558.40367414 -2.32653809e+00
6558.45948865 2.76093903e+01
6558.51530317 2.36999588e+01
6558.57111768 9.67914581e-01
6558.62693219 1.37241402e+01
6558.68274670 2.61064796e+01
6558.73856121 3.47047653e+01
6558.79437572 -3.27440453e+00
6558.85019023 -2.81318665e-01
6558.90600474 1.98494244e+01
6558.96181926 2.35960407e+01
6559.01763377 5.55734100e+01
6559.07344828 9.21431351e+00
6559.12926279 -3.38725739e+01
6559.18507730 1.15988102e+01
6559.24089181 5.36808434e+01
6559.29670632 -2.41123657e+01
6559.35252084 -1.49152069e+01
6559.40833535 2.42168541e+01
6559.46414986 -3.38464241e+01
6559.51996437 8.15986633e+00
6559.57577888 -9.65630722e+00
6559.63159339 -9.71812057e+00
6559.68740790 1.95491409e+00
6559.74322242 -5.95395660e+00
6559.79903693 3.37770042e+01
6559.85485144 9.33986664e+00
6559.91066595 7.45890427e+00
6559.96648046 1.82598896e+01
6560.02229497 2.16365395e+01
6560.07810948 2.54361572e+01
6560.13392400 4.48529625e+01
6560.18973851 3.73509827e+01
6560.24555302 1.36546631e+01
6560.30136753 1.89040260e+01
6560.35718204 1.10477829e+01
6560.41299655 -1.37359180e+01
6560.46881106 9.92770767e+00
6560.52462557 3.41181068e+01
6560.58044009 8.78666687e+00
6560.63625460 -2.43704910e+01
6560.69206911 -1.01054230e+01
6560.74788362 2.16043854e+00
6560.80369813 -2.36129379e+00
6560.85951264 1.42266426e+01
6560.91532715 2.97845879e+01
6560.97114167 1.22931671e+00
6561.02695618 3.03527470e+01
6561.08277069 1.57388458e+01
6561.13858520 1.22426414e+01
6561.19439971 -2.07964554e+01
6561.25021422 1.13186188e+01
6561.30602873 -3.13004436e+01
6561.36184325 -9.75022888e+00
6561.41765776 6.93044662e+00
6561.47347227 2.10910034e+01
6561.52928678 4.39005814e+01
6561.58510129 -2.79172859e+01
6561.64091580 -9.87708664e+00
6561.69673031 3.72378502e+01
6561.75254483 1.39867477e+01
6561.80835934 1.88755684e+01
6561.86417385 3.46704369e+01
6561.91998836 4.63694534e+01
6561.97580287 3.78722839e+01
6562.03161738 5.39775391e+01
6562.08743189 5.08337975e+01
6562.14324640 9.68689270e+01
6562.19906092 1.00880127e+02
6562.25487543 1.24578568e+02
6562.31068994 1.85063141e+02
6562.36650445 2.29939697e+02
6562.42231896 2.55722107e+02
6562.47813347 3.42802368e+02
6562.53394798 3.30941589e+02
6562.58976250 3.90799591e+02
6562.64557701 4.08283203e+02
6562.70139152 4.37200287e+02
6562.75720603 4.63461090e+02
6562.81302054 4.95831757e+02
6562.86883505 5.22838806e+02
6562.92464956 4.25382202e+02
6562.98046408 4.00696625e+02
6563.03627859 3.30935883e+02
6563.09209310 3.22451202e+02
6563.14790761 3.12414185e+02
6563.20372212 2.46333344e+02
6563.25953663 1.64001617e+02
6563.31535114 1.46617157e+02
6563.37116566 1.14974075e+02
6563.42698017 9.10875931e+01
6563.48279468 7.73191757e+01
6563.53860919 5.58713455e+01
6563.59442370 5.10198097e+01
6563.65023821 6.27241135e+01
6563.70605272 1.55019913e+01
6563.76186723 1.62823067e+01
6563.81768175 3.06779175e+01
6563.87349626 2.37643204e+01
6563.92931077 3.62067451e+01
6563.98512528 1.93967400e+01
6564.04093979 -1.42131805e+01
6564.09675430 1.40228844e+01
6564.15256881 7.51124420e+01
6564.20838333 1.72160797e+01
6564.26419784 6.85091400e+00
6564.32001235 -2.70392609e+00
6564.37582686 3.21585121e+01
6564.43164137 3.14310646e+01
6564.48745588 2.28334084e+01
6564.54327039 1.81988144e+00
6564.59908491 9.55927658e+00
6564.65489942 2.36037445e+00
6564.71071393 1.56276779e+01
6564.76652844 6.15919876e+00
6564.82234295 4.61620369e+01
6564.87815746 -4.53627014e+00
6564.93397197 2.19539680e+01
6564.98978649 3.54689064e+01
6565.04560100 -5.40233421e+00
6565.10141551 1.04850197e+01
6565.15723002 2.22013054e+01
6565.21304453 1.65106201e+01
6565.26885904 1.46901512e+01
6565.32467355 1.40314140e+01
6565.38048806 -9.25464630e+00
6565.43630258 1.67498512e+01
6565.49211709 -7.01568604e-01
6565.54793160 4.46359253e+00
6565.60374611 -1.90086384e+01
6565.65956062 1.79344902e+01
6565.71537513 1.42744122e+01
6565.77118964 1.08098068e+01
6565.82700416 -1.78273754e+01
6565.88281867 1.78738213e+01
6565.93863318 -1.46187019e+00
6565.99444769 -6.41095543e+00
6566.05026220 3.33268967e+01
6566.10607671 -1.76848221e+01
6566.16189122 2.42680740e+00
6566.21770574 -1.06544075e+01
6566.27352025 2.53550568e+01
6566.32933476 -7.01000214e+00
6566.38514927 5.47782898e-01
6566.44096378 -1.22788658e+01
6566.49677829 -1.36778946e+01
6566.55259280 -4.79113007e+00
6566.60840732 2.72849731e+01
6566.66422183 -2.87638474e+00
6566.72003634 -1.44458427e+01
6566.77585085 2.69339943e+01
6566.83166536 1.43750038e+01
6566.88747987 1.12784157e+01
6566.94329438 1.77852631e-01
6566.99910889 1.49150047e+01
6567.05492341 -1.12256889e+01
6567.11073792 -3.42922516e+01
6567.16655243 -2.91403065e+01
6567.22236694 -3.72962227e+01
6567.27818145 -9.55429077e-02
6567.33399596 -5.67695236e+00
6567.38981047 1.87054443e+00
6567.44562499 4.10221252e+01
6567.50143950 1.69913177e+01
6567.55725401 2.38724518e+01
6567.61306852 1.48733635e+01
6567.66888303 3.27058792e+01
6567.72469754 2.80720444e+01
6567.78051205 -1.15286217e+01
6567.83632657 -1.05500793e+01
6567.89214108 7.13349533e+00
6567.94795559 -1.99087696e+01
6568.00377010 -9.11582565e+00
6568.05958461 -9.70764160e-01
6568.11539912 3.76110420e+01
6568.17121363 2.42754555e+01
6568.22702815 1.24431686e+01
6568.28284266 -1.87518692e+00
6568.33865717 2.25031319e+01
6568.39447168 3.20448151e+01
6568.45028619 -8.61301422e-02
6568.50610070 1.30343552e+01
6568.56191521 3.05148697e+00
6568.61772973 -5.94276810e+00
6568.67354424 4.36250687e+00
6568.72935875 -2.94093208e+01
6568.78517326 -1.84239578e+00
6568.84098777 -1.14094543e+00
6568.89680228 -2.17154026e+01
6568.95261679 2.30485477e+01
6569.00843130 4.06829071e+00
6569.06424582 -2.47049408e+01
6569.12006033 -1.68496780e+01
6569.17587484 8.81347656e+00
6569.23168935 2.85586891e+01
6569.28750386 5.80189896e+00
6569.34331837 5.62242889e+00
6569.39913288 2.39699097e+01
6569.45494740 3.10483627e+01
6569.51076191 2.63381157e+01
6569.56657642 -6.08065796e+00
6569.62239093 1.52883263e+01
6569.67820544 3.83446426e+01
6569.73401995 6.32210159e+00
6569.78983446 -1.53812408e-01
6569.84564898 5.54383087e+00
6569.90146349 -9.93050766e+00
6569.95727800 -1.59382591e+01
6570.01309251 -1.95531082e+00
6570.06890702 -1.47091751e+01
6570.12472153 4.30665207e+00
6570.18053604 -1.56864891e+01
6570.23635056 -2.71762638e+01
6570.29216507 5.65457115e+01
6570.34797958 8.54579926e-01
6570.40379409 -1.84125900e+01
6570.45960860 -2.20460148e+01
6570.51542311 -2.59320068e+00
6570.57123762 -3.42322617e+01
6570.62705213 -2.79092522e+01
6570.68286665 9.95946884e+00
6570.73868116 -1.70108299e+01
6570.79449567 2.29579506e+01
6570.85031018 6.36795044e+00
6570.90612469 2.44208107e+01
6570.96193920 -4.19170380e-01
6571.01775371 -2.03792877e+01
6571.07356823 6.26723480e+00
6571.12938274 1.94920311e+01
6571.18519725 -3.06843319e+01
6571.24101176 -1.00726395e+01
6571.29682627 9.40342712e+00
6571.35264078 1.36192932e+01
6571.40845529 3.26019707e+01
6571.46426981 -1.61459236e+01
6571.52008432 6.47731171e+01
6571.57589883 3.03271408e+01
6571.63171334 -7.10302734e+00
6571.68752785 1.68132782e+00
6571.74334236 -2.51653900e+01
6571.79915687 -1.57221985e+01
6571.85497139 3.47142525e+01
6571.91078590 -1.21034241e+00
6571.96660041 -9.35165405e+00
6572.02241492 2.67386627e+00
6572.07822943 1.62503891e+01
6572.13404394 1.77093582e+01
6572.18985845 -5.05328751e+00
6572.24567296 -1.02294121e+01
6572.30148748 1.53814354e+01
6572.35730199 1.46880150e+01
6572.41311650 8.95753860e+00
6572.46893101 -1.56615829e+01
6572.52474552 1.46554642e+01
6572.58056003 2.95816154e+01
6572.63637454 -2.78760567e+01
6572.69218906 -2.01284866e+01
6572.74800357 -7.98957825e-01
6572.80381808 -1.71357498e+01
6572.85963259 1.50387192e+01
6572.91544710 -2.82864513e+01
6572.97126161 -1.48654289e+01
6573.02707612 -4.62720642e+01
6573.08289064 -1.01937103e+00
6573.13870515 1.51345100e+01
6573.19451966 1.98865776e+01
6573.25033417 2.74871063e+00
6573.30614868 4.48380432e+01
6573.36196319 7.24546432e+00
6573.41777770 -1.89901962e+01
6573.47359222 -9.05279160e+00
6573.52940673 1.46472740e+01
6573.58522124 1.87218552e+01
6573.64103575 2.78279762e+01
6573.69685026 -2.25279102e+01
6573.75266477 1.22096519e+01
6573.80847928 -1.81922951e+01
6573.86429379 1.10770912e+01
6573.92010831 1.62037506e+01
6573.97592282 3.34606171e-01
6574.03173733 2.16615791e+01
6574.08755184 1.96678200e+01
6574.14336635 2.63876457e+01
6574.19918086 5.37230301e+00
6574.25499537 -2.29283562e+01
6574.31080989 -8.57958031e+00
6574.36662440 3.45061493e+00
6574.42243891 6.60971451e+00
6574.47825342 1.12754784e+01
6574.53406793 2.03410187e+01
6574.58988244 3.43096161e+00
6574.64569695 4.30729904e+01
6574.70151147 5.83941269e+00
6574.75732598 8.43429565e-02
6574.81314049 4.08886337e+01
6574.86895500 3.32522545e+01
6574.92476951 5.39108849e+00
6574.98058402 3.39177933e+01
6575.03639853 6.76120186e+00
6575.09221305 -2.25273514e+00
6575.14802756 -1.98269882e+01
6575.20384207 1.64386444e+01
6575.25965658 1.66696968e+01
6575.31547109 2.63118362e+00
6575.37128560 1.87948074e+01
6575.42710011 -1.30161285e-01
6575.48291462 -4.57746964e+01
6575.53872914 -1.10203915e+01
6575.59454365 3.64128036e+01
6575.65035816 -4.49066925e+00
6575.70617267 -1.16266518e+01
6575.76198718 1.74995422e+00
6575.81780169 1.27031479e+01
6575.87361620 -2.94688416e+00
6575.92943072 1.49772911e+01
6575.98524523 6.98954391e+00
6576.04105974 -1.85107422e+00
6576.09687425 -1.27088966e+01
6576.15268876 -2.67281837e+01
6576.20850327 -3.16058998e+01
6576.26431778 -3.24094238e+01
6576.32013230 -8.63182831e+00
6576.37594681 2.79556084e+00
6576.43176132 4.63656540e+01
6576.48757583 4.00479507e+00
6576.54339034 1.54598885e+01
6576.59920485 -1.20219116e+01
6576.65501936 -1.32029858e+01
6576.71083388 2.10645142e+01
6576.76664839 1.80508804e+00
6576.82246290 2.25142746e+01
6576.87827741 1.67537422e+01
6576.93409192 8.39400864e+00
6576.98990643 -8.30127335e+00
6577.04572094 1.30142860e+01
6577.10153545 -7.80908203e+00
6577.15734997 3.81902657e+01
6577.21316448 2.82405167e+01
6577.26897899 1.04899960e+01
6577.32479350 2.66145935e+01
6577.38060801 1.87107506e+01
6577.43642252 1.52586517e+01
6577.49223703 -7.10993195e+00
6577.54805155 -4.38594055e+00
6577.60386606 -1.06276512e+01
6577.65968057 9.88022232e+00
6577.71549508 -4.13275528e+00
6577.77130959 7.10757065e+00
6577.82712410 9.57820511e+00
6577.88293861 8.80259705e+00
6577.93875313 -1.77845726e+01
6577.99456764 -2.37409019e+01
6578.05038215 1.87097549e+00
6578.10619666 1.56489601e+01
6578.16201117 -3.17609406e+00
6578.21782568 1.26487198e+01
6578.27364019 -3.63636169e+01
6578.32945471 -3.54416962e+01
6578.38526922 -1.93397713e+01
6578.44108373 -1.76964951e+00
6578.49689824 -3.49341202e+00
6578.55271275 -1.99457531e+01
6578.60852726 -1.73230476e+01
6578.66434177 6.63243484e+00
6578.72015628 4.54256821e+00
6578.77597080 1.97061920e+01
6578.83178531 -3.43412399e+00
6578.88759982 5.17589569e-01
6578.94341433 1.46983528e+01
6578.99922884 -1.85952072e+01
6579.05504335 -2.31015854e+01
6579.11085786 9.25087929e+00
6579.16667238 5.26504517e-01
6579.22248689 1.10656700e+01
6579.27830140 4.28723145e+01
6579.33411591 2.52960701e+01
6579.38993042 3.50405655e+01
6579.44574493 2.56018105e+01
6579.50155944 -2.82091751e+01
6579.55737396 -2.75015755e+01
6579.61318847 -2.31136646e+01
6579.66900298 -2.75441837e+01
6579.72481749 -1.06193027e+01
6579.78063200 1.66331253e+01
6579.83644651 3.52929649e+01
6579.89226102 -8.97529221e+00
6579.94807554 3.93228149e+00
6580.00389005 1.28855515e+00
6580.05970456 -2.65045166e-02
6580.11551907 -4.08054352e-01
6580.17133358 4.42947388e-01
6580.22714809 3.31061058e+01
6580.28296260 -1.31434250e+00
6580.33877711 3.34951744e+01
6580.39459163 -2.67026672e+01
6580.45040614 -3.42870064e+01
6580.50622065 -1.45318146e+01
6580.56203516 1.15131187e+01
6580.61784967 2.44599953e+01
6580.67366418 -4.29190826e+00
6580.72947869 2.89409599e+01
6580.78529321 3.25183868e-02
6580.84110772 1.96955853e+01
6580.89692223 1.12397652e+01
6580.95273674 1.17013168e+00
6581.00855125 -1.30477314e+01
6581.06436576 -1.15229473e+01
6581.12018027 2.06827164e+01
6581.17599479 7.53251648e+00
6581.23180930 1.70898056e+00
6581.28762381 -1.39926605e+01
6581.34343832 1.36780968e+01
6581.39925283 2.56978149e+01
6581.45506734 -5.11573372e+01
6581.51088185 4.79819336e+01
6581.56669637 -4.82099724e+00
6581.62251088 -3.83880997e+00
6581.67832539 -2.38291969e+01
6581.73413990 -2.54172363e+01
6581.78995441 3.81572723e+00
6581.84576892 3.21549835e+01
6581.90158343 -8.60985947e+00
6581.95739795 8.12429047e+00
6582.01321246 8.23557663e+00
6582.06902697 4.92027092e+01
6582.12484148 9.60886383e+00
6582.18065599 1.78888016e+01
6582.23647050 6.12058640e+00
6582.29228501 -5.84296799e+00
6582.34809952 1.94109192e+01
6582.40391404 1.78836975e+01
6582.45972855 2.70261841e+01
6582.51554306 2.83559685e+01
6582.57135757 -1.55878868e+01
6582.62717208 4.88087845e+00
6582.68298659 -7.15875244e+00
6582.73880110 -8.07603836e+00
6582.79461562 -1.88042717e+01
6582.85043013 4.15861778e+01
6582.90624464 3.71391754e+01
6582.96205915 -2.48933601e+01
6583.01787366 -3.06964912e+01
6583.07368817 3.70573807e+01
6583.12950268 4.13511391e+01
6583.18531720 4.75884781e+01
6583.24113171 3.57975922e+01
6583.29694622 3.24905777e+00
6583.35276073 4.24455528e+01
6583.40857524 6.88186188e+01
6583.46438975 -4.10665894e+00
6583.52020426 2.09025192e+01
6583.57601878 6.89927979e+01
6583.63183329 1.94280777e+01
6583.68764780 -2.87771244e+01
6583.74346231 1.79337502e+01
6583.79927682 7.07898331e+00
6583.85509133 1.17017937e+01
6583.91090584 1.26994972e+01
6583.96672035 1.35952148e+01
6584.02253487 2.85732803e+01
6584.07834938 1.59824982e+01
6584.13416389 -3.57716179e+01
6584.18997840 -1.13384972e+01
6584.24579291 -1.39720688e+01
6584.30160742 9.16100311e+00
6584.35742193 1.32231827e+01
6584.41323645 3.53925705e+00
6584.46905096 -9.38903046e+00
6584.52486547 -1.36248417e+01
6584.58067998 -2.32729759e+01
6584.63649449 -1.84899883e+01
6584.69230900 -7.33956146e+00
6584.74812351 2.98144913e+01
6584.80393803 -1.80829353e+01
6584.85975254 -3.38762894e+01
6584.91556705 1.73481331e+01
6584.97138156 9.94021988e+00
6585.02719607 1.59694443e+01
6585.08301058 5.20889664e+00
6585.13882509 -6.62204742e+00
6585.19463961 9.10533142e+00
6585.25045412 1.45729370e+01
6585.30626863 4.39894104e+00
6585.36208314 1.39473724e+00
6585.41789765 4.53012733e+01
6585.47371216 -2.66841087e+01
6585.52952667 -4.85698509e+01
6585.58534118 -1.31672592e+01
6585.64115570 9.57196426e+00
6585.69697021 2.01010742e+01
6585.75278472 -2.05615997e-01
6585.80859923 2.60029488e+01
6585.86441374 4.62998962e+00
6585.92022825 3.65793457e+01
6585.97604276 -7.35294342e+00
6586.03185728 -1.15293465e+01
6586.08767179 7.76472855e+00
6586.14348630 -1.57143574e+01
6586.19930081 -3.20756302e+01
6586.25511532 -2.03731995e+01
6586.31092983 2.45674171e+01
6586.36674434 2.14172516e+01
6586.42255886 7.55074692e+00
6586.47837337 6.73248672e+00
6586.53418788 -1.35944748e+01
6586.59000239 -4.67885971e+00
6586.64581690 -2.20989723e+01
6586.70163141 -1.13350601e+01
6586.75744592 -1.94185085e+01
6586.81326044 -1.09656715e+01
6586.86907495 1.35170135e+01
6586.92488946 2.65533676e+01
6586.98070397 -5.89935303e+00
6587.03651848 -8.90851974e+00
6587.09233299 -2.24939346e+00
6587.14814750 1.79228210e+01
6587.20396201 1.77504387e+01
6587.25977653 1.71997566e+01
6587.31559104 -2.37269802e+01
6587.37140555 1.65489464e+01
6587.42722006 1.26543083e+01
6587.48303457 6.28020859e+00
6587.53884908 5.68675995e+00
6587.59466359 2.00054588e+01
6587.65047811 1.49099731e+01
6587.70629262 5.10353851e+00
6587.76210713 1.92298241e+01
6587.81792164 1.31428375e+01
6587.87373615 9.97638321e+00
6587.92955066 2.86261749e+00
6587.98536517 2.69579887e+01
6588.04117969 2.27543869e+01
6588.09699420 2.03801079e+01
6588.15280871 -7.32847214e+00
6588.20862322 2.29908371e+00
6588.26443773 3.09068680e+00
6588.32025224 -6.33872986e+00
6588.37606675 -2.84503632e+01
6588.43188127 -3.12456627e+01
6588.48769578 -5.82549667e+00
6588.54351029 -1.39502449e+01
6588.59932480 1.38921661e+01
6588.65513931 3.49813652e+01
6588.71095382 1.15347900e+01
6588.76676833 1.11060982e+01
6588.82258284 1.20042915e+01
6588.87839736 -2.54043579e+00
6588.93421187 4.35578766e+01
6588.99002638 4.03854828e+01
6589.04584089 5.32714844e-01
6589.10165540 1.66643944e+01
6589.15746991 2.48866882e+01
6589.21328442 -3.48124084e+01
6589.26909894 -2.01512680e+01
6589.32491345 -1.57252502e+00
6589.38072796 -2.70597572e+01
6589.43654247 4.08364105e+00
6589.49235698 2.67107544e+01
6589.54817149 -1.05022926e+01
6589.60398600 -5.03866577e+01
6589.65980052 -3.28898849e+01
6589.71561503 -1.54857445e+01
6589.77142954 -2.54260006e+01
6589.82724405 -2.08909683e+01
6589.88305856 -1.22257156e+01
6589.93887307 1.11612415e+01
6589.99468758 7.11689377e+00
6590.05050210 -7.86877060e+00
6590.10631661 -5.34972382e+00
6590.16213112 4.49329376e-01
6590.21794563 -1.64630775e+01
6590.27376014 1.68714409e+01
6590.32957465 -7.35775566e+00
6590.38538916 -4.95536423e+00
6590.44120367 1.80515003e+01
6590.49701819 1.87092590e+00
6590.55283270 -1.93827057e+01
6590.60864721 1.00302086e+01
6590.66446172 1.95935211e+01
6590.72027623 -3.86420746e+01
6590.77609074 -3.38765602e+01
6590.83190525 1.79031525e+01
6590.88771977 -1.73674202e+01
6590.94353428 -1.02452927e+01
6590.99934879 9.79719162e+00
6591.05516330 -1.57805252e+00
6591.11097781 5.05078506e+00
6591.16679232 1.72621460e+01
6591.22260683 2.56751995e+01
6591.27842135 1.72467079e+01
6591.33423586 2.36507034e+00
6591.39005037 -1.94777184e+01
6591.44586488 1.17775688e+01
6591.50167939 -1.49053555e+01
6591.55749390 -3.34229851e+00
6591.61330841 -2.06687927e-01
6591.66912293 -4.71915817e+00
6591.72493744 -3.53738022e+00
6591.78075195 -1.12622414e+01
6591.83656646 1.35881805e+00
6591.89238097 8.83576965e+00
6591.94819548 7.18011093e+00
6592.00400999 2.93838387e+01
6592.05982450 -1.31142673e+01
6592.11563902 1.19677696e+01
6592.17145353 2.28804626e+01
6592.22726804 1.10887718e+01
6592.28308255 1.68392334e+01
6592.33889706 1.18204193e+01
6592.39471157 7.97729492e-02
6592.45052608 3.03604927e+01
6592.50634060 4.11500168e+00
6592.56215511 5.02523041e+00
6592.61796962 2.48744354e+01
6592.67378413 3.18845615e+01
6592.72959864 2.80236588e+01
6592.78541315 -1.91875381e+01
6592.84122766 3.04514828e+01
6592.89704218 4.97401848e+01
6592.95285669 -2.06401558e+01
6593.00867120 7.42122269e+00
6593.06448571 4.36201096e+00
6593.12030022 5.41181679e+01
6593.17611473 3.13459892e+01
6593.23192924 -1.80280476e+01
6593.28774376 1.15674400e+01
6593.34355827 -5.79185486e-02
6593.39937278 -1.43695831e-01
6593.45518729 -1.59343300e+01
6593.51100180 1.34622955e+00
6593.56681631 -1.37355709e+01
6593.62263082 1.15905151e+01
6593.67844533 2.52221298e+00
6593.73425985 2.90810165e+01
6593.79007436 -6.39004898e+00
6593.84588887 2.23634949e+01
6593.90170338 -6.72996521e-01
6593.95751789 -2.34430199e+01
6594.01333240 9.44634247e+00
6594.06914691 -4.30485916e+00
6594.12496143 -2.74127579e+01
6594.18077594 1.77657890e+01
6594.23659045 -2.09325409e+00
6594.29240496 -7.44445801e-01
6594.34821947 4.17590637e+01
6594.40403398 -5.93651199e+00
6594.45984849 -1.77676849e+01
6594.51566301 -2.19863129e+00
6594.57147752 -1.65725327e+00
6594.62729203 -6.03721619e+00
6594.68310654 1.35713787e+01
6594.73892105 -2.84016647e+01
6594.79473556 8.08135223e+00
6594.85055007 1.00579910e+01
6594.90636459 1.88029099e+01
6594.96217910 -8.93330765e+00
6595.01799361 1.30164032e+01
6595.07380812 -1.52612534e+01
6595.12962263 1.36279907e+01
6595.18543714 -9.74534607e+00
6595.24125165 4.03283310e+00
6595.29706617 3.73115768e+01
6595.35288068 -1.04363899e+01
6595.40869519 -2.05477180e+01
6595.46450970 -1.90116882e+01
6595.52032421 -5.09816360e+00
6595.57613872 1.84601440e+01
6595.63195323 3.99497261e+01
6595.68776774 -9.66724396e-01
6595.74358226 4.44123840e+00
6595.79939677 1.65039062e-01
6595.85521128 -1.56958542e+01
6595.91102579 1.34635353e+01
6595.96684030 -2.15205841e+01
6596.02265481 -2.59240170e+01
6596.07846932 -1.74913063e+01
6596.13428384 2.89645386e+00
6596.19009835 1.35840187e+01
6596.24591286 5.01107025e+00
6596.30172737 -1.05701599e+01
6596.35754188 5.99597931e+00
6596.41335639 -1.08047791e+01
6596.46917090 1.90782318e+01
6596.52498542 8.74474335e+00
6596.58079993 -2.33569374e+01
6596.63661444 -4.35036812e+01
6596.69242895 -2.21534615e+01
6596.74824346 -9.58998871e+00
6596.80405797 2.29095306e+01
6596.85987248 -4.44601593e+01
6596.91568700 -4.27337341e+01
6596.97150151 1.49795456e+01
6597.02731602 1.80299377e+01
6597.08313053 -1.63378830e+01
6597.13894504 2.26873474e+01
6597.19475955 -2.50374317e+01
6597.25057406 3.36827393e+01
6597.30638857 3.32578888e+01
6597.36220309 1.22240105e+01
6597.41801760 2.32655869e+01
6597.47383211 -4.06378174e+00
6597.52964662 3.25534744e+01
6597.58546113 1.62748375e+01
6597.64127564 1.64911385e+01
6597.69709015 1.01717606e+01
6597.75290467 1.27681923e+01
6597.80871918 -1.57531853e+01
6597.86453369 1.68877735e+01
6597.92034820 7.64990234e+00
6597.97616271 2.20060577e+01
6598.03197722 -2.04496460e+01
6598.08779173 -1.72506657e+01
6598.14360625 1.18557549e+01
6598.19942076 -3.42279282e+01
6598.25523527 3.66465378e+00
6598.31104978 -1.02653084e+01
6598.36686429 -8.91533279e+00
6598.42267880 2.04004021e+01
6598.47849331 -6.00025558e+00
6598.53430783 -1.17729034e+01
6598.59012234 -1.55479126e+01
6598.64593685 6.46846008e+00
6598.70175136 3.94852028e+01
6598.75756587 -5.87349319e+00
6598.81338038 -2.80925941e+01
6598.86919489 2.43514595e+01
6598.92500940 8.01412201e+00
6598.98082392 -3.29463959e+00
6599.03663843 3.45412064e+00
6599.09245294 -1.82885895e+01
6599.14826745 8.78534317e+00
6599.20408196 -1.02253036e+01
6599.25989647 -1.27952232e+01
6599.31571098 -1.62128983e+01
6599.37152550 -1.51257935e+01
6599.42734001 -1.19334717e+01
6599.48315452 -8.74974060e+00
6599.53896903 -1.54498301e+01
6599.59478354 1.56285019e+01
6599.65059805 2.57183914e+01
6599.70641256 2.38623695e+01
6599.76222708 -3.87324982e+01
6599.81804159 1.17737808e+01
6599.87385610 -2.12517166e+01
6599.92967061 2.85969448e+01
6599.98548512 -3.37519226e+01
6600.04129963 -6.48179245e+00
6600.09711414 -1.23242569e+00
6600.15292866 -1.12719212e+01
6600.20874317 -9.02671051e+00
6600.26455768 1.42103577e+00
6600.32037219 -2.00451469e+01
6600.37618670 5.67562866e+00
6600.43200121 3.80375671e+00
6600.48781572 -1.58555641e+01
6600.54363023 1.38015404e+01
6600.59944475 4.80293274e+00
6600.65525926 3.27061539e+01
6600.71107377 2.21392288e+01
6600.76688828 2.33933735e+01
6600.82270279 3.03610573e+01
6600.87851730 2.56476460e+01
6600.93433181 1.66477203e+01
6600.99014633 9.09933853e+00
6601.04596084 3.41298332e+01
6601.10177535 -2.58220367e+01
6601.15758986 -1.67218475e+01
6601.21340437 2.54294395e+01
6601.26921888 -1.14080982e+01
6601.32503339 -9.03446579e+00
6601.38084791 5.04371109e+01
6601.43666242 -5.76470070e+01
6601.49247693 3.90685349e+01
6601.54829144 2.16016426e+01
6601.60410595 -1.13141174e+01
6601.65992046 -1.48390865e+01
6601.71573497 -3.33710480e+00
6601.77154949 2.74102535e+01
6601.82736400 -9.25220490e+00
6601.88317851 -1.28264198e+01
6601.93899302 8.47454834e+00
6601.99480753 1.49021301e+01
6602.05062204 4.65392227e+01
6602.10643655 -1.81654053e+01
6602.16225106 -2.57566528e+01
6602.21806558 6.52474213e+00
6602.27388009 -1.16935577e+01
6602.32969460 2.28900757e+01
6602.38550911 6.82394028e+00
6602.44132362 -2.31915665e+00
6602.49713813 4.60553589e+01
6602.55295264 -5.34543991e+00
6602.60876716 -2.64141388e+01
6602.66458167 4.81323624e+00
6602.72039618 -2.67042999e+01
6602.77621069 5.13756180e+00
6602.83202520 8.90909576e+00
6602.88783971 3.83856201e+01
