# Rest-frame spectrum generated from: N5204B0003o_1d.fits
# lambda_Ha_obs = 6567.55200000 Angstrom
# lambda_Ha_rest = 6562.80000000 Angstrom
# z_Ha = 7.2408118486e-04
# v_Ha_relativistic = 216.995489 km/s
# v_Ha_classical = 217.074078 km/s
# columns: wavelength_rest[Angstrom] flux_or_counts

6547.35439871 5.20684586e+01
6547.41022893 5.20678482e+01
6547.46605915 5.20678482e+01
6547.52188937 5.20674438e+01
6547.57771959 5.20681152e+01
6547.63354981 5.20682373e+01
6547.68938003 5.20680771e+01
6547.74521025 5.20683060e+01
6547.80104047 5.20681381e+01
6547.85687069 5.20680923e+01
6547.91270090 5.20754700e+01
6547.96853112 5.20619507e+01
6548.02436134 5.20694237e+01
6548.08019156 5.20699844e+01
6548.13602178 5.20716934e+01
6548.19185200 5.74385719e+01
6548.24768222 3.95931854e+01
6548.30351244 4.28615303e+01
6548.35934266 -4.03873138e+01
6548.41517288 -2.06691685e+01
6548.47100310 1.39980659e+01
6548.52683331 -8.88872910e+00
6548.58266353 -2.20330544e+01
6548.63849375 3.37657547e+01
6548.69432397 -1.41416168e+00
6548.75015419 -1.42688065e+01
6548.80598441 -1.40947342e+01
6548.86181463 -4.07142181e+01
6548.91764485 -2.21480103e+01
6548.97347507 1.62433510e+01
6549.02930529 -5.22764969e+00
6549.08513551 -1.64837723e+01
6549.14096573 3.06652756e+01
6549.19679594 -9.18792534e+00
6549.25262616 -1.37033329e+01
6549.30845638 -6.88525772e+00
6549.36428660 9.70460129e+00
6549.42011682 1.72360840e+01
6549.47594704 2.63127060e+01
6549.53177726 4.08294373e+01
6549.58760748 1.83664627e+01
6549.64343770 3.88328247e+01
6549.69926792 -2.99145794e+01
6549.75509814 1.54067497e+01
6549.81092836 -2.52482758e+01
6549.86675857 -2.48820686e+01
6549.92258879 -1.44969597e+01
6549.97841901 -8.36627197e+00
6550.03424923 -1.42619553e+01
6550.09007945 -1.19543762e+01
6550.14590967 -5.48881912e+00
6550.20173989 1.29691010e+01
6550.25757011 6.81989670e+00
6550.31340033 1.25790443e+01
6550.36923055 2.94950790e+01
6550.42506077 3.48121262e+00
6550.48089098 2.24990063e+01
6550.53672120 8.33075333e+00
6550.59255142 1.59268265e+01
6550.64838164 -1.06390533e+01
6550.70421186 2.20481911e+01
6550.76004208 2.81383514e+00
6550.81587230 3.10736465e+00
6550.87170252 4.76987152e+01
6550.92753274 2.11188774e+01
6550.98336296 -1.02164841e+00
6551.03919318 -1.52303429e+01
6551.09502340 9.20922470e+00
6551.15085361 -3.07035065e+01
6551.20668383 -7.30389786e+00
6551.26251405 3.21173401e+01
6551.31834427 -1.81664791e+01
6551.37417449 -1.51066551e+01
6551.43000471 2.38139610e+01
6551.48583493 -2.56200790e+00
6551.54166515 -9.97125435e+00
6551.59749537 -6.02678299e+00
6551.65332559 2.68297386e+01
6551.70915581 -1.01029625e+01
6551.76498602 6.21393204e+00
6551.82081624 -1.78157082e+01
6551.87664646 1.89685822e-01
6551.93247668 3.06127815e+01
6551.98830690 1.23353462e+01
6552.04413712 -7.99383163e+00
6552.09996734 -5.81118774e+00
6552.15579756 3.69614029e+00
6552.21162778 1.45435715e+00
6552.26745800 1.71653748e-01
6552.32328822 4.28425789e+01
6552.37911844 2.41601639e+01
6552.43494865 3.64229507e+01
6552.49077887 6.28769302e+00
6552.54660909 -3.25784225e+01
6552.60243931 -1.54132938e+01
6552.65826953 -7.64658737e+00
6552.71409975 -1.17754402e+01
6552.76992997 -5.78091049e+00
6552.82576019 1.22561111e+01
6552.88159041 2.37284946e+01
6552.93742063 1.83680496e+01
6552.99325085 2.41237640e+00
6553.04908107 4.00573730e-01
6553.10491128 -1.20299339e+01
6553.16074150 3.12504158e+01
6553.21657172 2.38210678e+00
6553.27240194 9.69006348e+00
6553.32823216 -4.47975731e+01
6553.38406238 2.89447708e+01
6553.43989260 5.24638977e+01
6553.49572282 7.95291138e+00
6553.55155304 -2.67569580e+01
6553.60738326 2.57520447e+01
6553.66321348 1.12325172e+01
6553.71904369 -6.77985001e+00
6553.77487391 3.32287903e+01
6553.83070413 -2.17201881e+01
6553.88653435 1.37109985e+01
6553.94236457 -2.18030510e+01
6553.99819479 -3.61240768e+00
6554.05402501 -7.80885696e+00
6554.10985523 -7.20870972e+00
6554.16568545 -2.58380127e+01
6554.22151567 -1.53049164e+01
6554.27734589 -2.34169655e+01
6554.33317611 2.53022785e+01
6554.38900632 -2.97828674e-01
6554.44483654 4.12849808e+00
6554.50066676 -2.33316326e+01
6554.55649698 3.29241562e+00
6554.61232720 2.40249252e+01
6554.66815742 3.05522537e+00
6554.72398764 7.13260269e+00
6554.77981786 -8.15827560e+00
6554.83564808 -1.23321342e+01
6554.89147830 1.46877556e+01
6554.94730852 1.00697327e+00
6555.00313873 4.04846268e+01
6555.05896895 3.89284744e+01
6555.11479917 2.25673943e+01
6555.17062939 -3.54799194e+01
6555.22645961 -4.34090424e+00
6555.28228983 2.01561108e+01
6555.33812005 6.94367218e+00
6555.39395027 2.07254295e+01
6555.44978049 2.18435898e+01
6555.50561071 -1.80191345e+01
6555.56144093 -1.04540062e+01
6555.61727115 1.11952171e+01
6555.67310136 3.67924461e+01
6555.72893158 2.69579964e+01
6555.78476180 6.67865753e+00
6555.84059202 1.88927193e+01
6555.89642224 -1.76472740e+01
6555.95225246 7.59939575e+00
6556.00808268 3.30786819e+01
6556.06391290 -2.76588402e+01
6556.11974312 -2.29454727e+01
6556.17557334 3.34794426e+01
6556.23140356 1.64653740e+01
6556.28723377 -2.18526535e+01
6556.34306399 1.26395073e+01
6556.39889421 9.07011795e+00
6556.45472443 1.26640549e+01
6556.51055465 2.96703720e+01
6556.56638487 3.17946625e+00
6556.62221509 2.78870010e+01
6556.67804531 4.01870346e+00
6556.73387553 -2.95787563e+01
6556.78970575 1.86408997e+00
6556.84553597 4.87370872e+01
6556.90136619 7.94041824e+00
6556.95719640 4.45684052e+00
6557.01302662 6.60243607e+00
6557.06885684 1.20759621e+01
6557.12468706 1.17811203e+00
6557.18051728 -4.66962051e+00
6557.23634750 3.58509941e+01
6557.29217772 3.80649567e+01
6557.34800794 1.28877258e+00
6557.40383816 -2.97570419e+01
6557.45966838 1.87968712e+01
6557.51549860 -2.67703934e+01
6557.57132882 1.36653137e+01
6557.62715903 9.04501343e+00
6557.68298925 -2.80546417e+01
6557.73881947 3.61317711e+01
6557.79464969 7.81085587e+00
6557.85047991 1.13077087e+01
6557.90631013 -2.30380249e+00
6557.96214035 2.90840759e+01
6558.01797057 1.48095322e+01
6558.07380079 -2.53007622e+01
6558.12963101 -2.50949097e+01
6558.18546123 1.93438339e+01
6558.24129144 4.47536163e+01
6558.29712166 3.05417252e+00
6558.35295188 -1.93048820e+01
6558.40878210 -5.53419075e+01
6558.46461232 -3.02342987e+00
6558.52044254 -8.39049911e+00
6558.57627276 -8.48757172e+00
6558.63210298 1.60966072e+01
6558.68793320 2.56748199e+00
6558.74376342 -2.65100861e+01
6558.79959364 -4.20387306e+01
6558.85542386 1.75598030e+01
6558.91125407 -2.19379501e+01
6558.96708429 2.12442055e+01
6559.02291451 6.90475464e+00
6559.07874473 -2.34159031e+01
6559.13457495 3.44014740e+00
6559.19040517 6.89366531e+00
6559.24623539 2.15860004e+01
6559.30206561 1.78334808e+00
6559.35789583 1.99847794e+01
6559.41372605 1.67530441e+01
6559.46955627 -2.38138199e+00
6559.52538648 8.84444809e+00
6559.58121670 6.87976456e+00
6559.63704692 7.55946350e+00
6559.69287714 -1.93530483e+01
6559.74870736 1.97872925e+00
6559.80453758 -2.32077770e+01
6559.86036780 -3.95957260e+01
6559.91619802 -5.07785797e-01
6559.97202824 -6.01588440e+00
6560.02785846 -3.64351082e+00
6560.08368868 1.49698715e+01
6560.13951890 8.96105194e+00
6560.19534911 -1.10971756e+01
6560.25117933 -5.00804138e+00
6560.30700955 8.91307831e+00
6560.36283977 5.28782845e+01
6560.41866999 7.93713760e+00
6560.47450021 3.22429237e+01
6560.53033043 3.50238914e+01
6560.58616065 -4.99165726e+00
6560.64199087 -1.95511055e+01
6560.69782109 -1.64909477e+01
6560.75365131 -1.58921623e+01
6560.80948153 1.35044479e+01
6560.86531174 3.36128883e+01
6560.92114196 3.07205200e-01
6560.97697218 4.26680641e+01
6561.03280240 2.20995636e+01
6561.08863262 1.71155701e+01
6561.14446284 3.53948898e+01
6561.20029306 2.19557037e+01
6561.25612328 -1.85540085e+01
6561.31195350 3.59949112e+00
6561.36778372 3.21981201e+01
6561.42361394 3.65238686e+01
6561.47944415 -3.87537766e+00
6561.53527437 -6.86191559e-01
6561.59110459 -4.50927582e+01
6561.64693481 1.76372795e+01
6561.70276503 -1.05710258e+01
6561.75859525 3.83537292e-01
6561.81442547 2.69311447e+01
6561.87025569 -3.64612198e+00
6561.92608591 3.29753075e+01
6561.98191613 1.27349167e+01
6562.03774635 4.57126427e+01
6562.09357657 1.14459679e+02
6562.14940678 7.60361633e+01
6562.20523700 1.07061890e+02
6562.26106722 1.56153778e+02
6562.31689744 1.16989670e+02
6562.37272766 1.60198456e+02
6562.42855788 2.29470795e+02
6562.48438810 2.29473328e+02
6562.54021832 2.45046555e+02
6562.59604854 3.00743042e+02
6562.65187876 3.16535736e+02
6562.70770898 3.09831970e+02
6562.76353919 3.44655273e+02
6562.81936941 3.75186340e+02
6562.87519963 3.68135498e+02
6562.93102985 3.25816284e+02
6562.98686007 2.79448151e+02
6563.04269029 2.64904175e+02
6563.09852051 2.57719757e+02
6563.15435073 2.54984039e+02
6563.21018095 2.10307159e+02
6563.26601117 2.22161987e+02
6563.32184139 1.86988129e+02
6563.37767161 1.60324631e+02
6563.43350182 1.67952927e+02
6563.48933204 1.22220200e+02
6563.54516226 9.07573395e+01
6563.60099248 8.92098389e+01
6563.65682270 6.98001862e+01
6563.71265292 4.95480804e+01
6563.76848314 4.20467110e+01
6563.82431336 4.26916351e+01
6563.88014358 3.29396896e+01
6563.93597380 2.24042969e+01
6563.99180402 1.07086792e+01
6564.04763423 3.85513000e+01
6564.10346445 1.82467041e+01
6564.15929467 4.81240082e+00
6564.21512489 1.79195137e+01
6564.27095511 1.44312820e+01
6564.32678533 -1.57467651e+00
6564.38261555 7.75790558e+01
6564.43844577 2.70475540e+01
6564.49427599 2.71019554e+01
6564.55010621 2.30352898e+01
6564.60593643 1.02693634e+01
6564.66176665 3.09034576e+01
6564.71759686 2.88602333e+01
6564.77342708 3.62836456e+00
6564.82925730 1.61022606e+01
6564.88508752 -1.54030418e+01
6564.94091774 -2.57063904e+01
6564.99674796 1.36689415e+01
6565.05257818 1.50470734e+01
6565.10840840 -2.51722603e+01
6565.16423862 -2.64215851e+01
6565.22006884 2.55467911e+01
6565.27589906 -3.33499527e+00
6565.33172928 -4.05645142e+01
6565.38755949 3.41830902e+01
6565.44338971 -1.25665283e+00
6565.49921993 1.55864487e+01
6565.55505015 2.55218010e+01
6565.61088037 3.84792137e+01
6565.66671059 6.35917664e-01
6565.72254081 -1.06007004e+01
6565.77837103 3.13451920e+01
6565.83420125 -1.56048317e+01
6565.89003147 -1.39111099e+01
6565.94586169 3.86028290e+01
6566.00169190 -1.56866112e+01
6566.05752212 -2.34220009e+01
6566.11335234 3.62327881e+01
6566.16918256 -3.22007370e+01
6566.22501278 2.13503723e+01
6566.28084300 -3.91245918e+01
6566.33667322 -1.22323380e+01
6566.39250344 3.60603065e+01
6566.44833366 -1.14762650e+01
6566.50416388 -4.27779236e+01
6566.55999410 -3.72780609e+00
6566.61582432 -6.32785797e-01
6566.67165453 -1.56002045e-01
6566.72748475 1.30132294e+00
6566.78331497 6.48914642e+01
6566.83914519 1.98587341e+01
6566.89497541 -2.30425644e+01
6566.95080563 -5.88311653e+01
6567.00663585 -1.29815025e+01
6567.06246607 -2.67963600e+01
6567.11829629 1.78033333e+01
6567.17412651 -8.28812408e+00
6567.22995673 1.84753036e+00
6567.28578694 1.71802292e+01
6567.34161716 1.99356422e+01
6567.39744738 -1.77592010e+01
6567.45327760 -3.47937927e+01
6567.50910782 1.13696747e+01
6567.56493804 2.38139305e+01
6567.62076826 1.20548058e+01
6567.67659848 -1.30382843e+01
6567.73242870 1.29430122e+01
6567.78825892 -3.91716766e+00
6567.84408914 4.87464142e+00
6567.89991936 3.80193024e+01
6567.95574957 4.46283264e+01
6568.01157979 2.15156326e+01
6568.06741001 -2.86141586e+00
6568.12324023 3.06814613e+01
6568.17907045 4.23181763e+01
6568.23490067 -1.46766624e+01
6568.29073089 -2.57890186e+01
6568.34656111 -2.13984146e+01
6568.40239133 2.34358063e+01
6568.45822155 4.10959740e+01
6568.51405177 -1.22620735e+01
6568.56988199 -1.00683975e+01
6568.62571220 7.65454865e+00
6568.68154242 -1.99797821e+00
6568.73737264 3.40342369e+01
6568.79320286 2.13115120e+01
6568.84903308 7.01239395e+00
6568.90486330 7.23171234e-01
6568.96069352 2.49178162e+01
6569.01652374 -1.07268372e+01
6569.07235396 -4.45271683e+00
6569.12818418 -1.36251831e+01
6569.18401440 3.27148285e+01
6569.23984461 -4.51292419e+00
6569.29567483 -1.33887100e+01
6569.35150505 2.10817528e+01
6569.40733527 3.41956139e+01
6569.46316549 1.93104668e+01
6569.51899571 4.48518372e+01
6569.57482593 -9.34244919e+00
6569.63065615 -4.66459274e+00
6569.68648637 1.45646133e+01
6569.74231659 9.15112686e+00
6569.79814681 9.81740570e+00
6569.85397703 1.22754021e+01
6569.90980724 2.70018768e+00
6569.96563746 1.30007935e+00
6570.02146768 1.27379761e+01
6570.07729790 5.37464523e+00
6570.13312812 4.74340439e+00
6570.18895834 3.89900055e+01
6570.24478856 7.51988220e+00
6570.30061878 -4.83117294e+00
6570.35644900 -1.09745445e+01
6570.41227922 -1.23362007e+01
6570.46810944 3.03824997e+00
6570.52393965 -8.91502380e-01
6570.57976987 -3.70998650e+01
6570.63560009 2.42648125e+01
6570.69143031 9.69490814e+00
6570.74726053 2.43954468e+00
6570.80309075 1.05206680e+01
6570.85892097 3.13141727e+01
6570.91475119 -5.32506409e+01
6570.97058141 1.40226974e+01
6571.02641163 -1.48205719e+01
6571.08224185 -2.60836029e+01
6571.13807207 1.04821320e+01
6571.19390228 3.41691742e+01
6571.24973250 -1.33282585e+01
6571.30556272 -9.46587753e+00
6571.36139294 -2.74868889e+01
6571.41722316 -2.48623924e+01
6571.47305338 -4.45165634e+00
6571.52888360 1.80863609e+01
6571.58471382 8.04630280e-01
6571.64054404 -2.40178528e+01
6571.69637426 1.36786346e+01
6571.75220448 4.10912933e+01
6571.80803470 -6.85650635e+00
6571.86386491 -1.82112923e+01
6571.91969513 2.96588898e-01
6571.97552535 -8.69494629e+00
6572.03135557 -1.45720863e+01
6572.08718579 4.82309723e+00
6572.14301601 4.70749664e+00
6572.19884623 6.18011475e+00
6572.25467645 1.21898460e+01
6572.31050667 3.23640976e+01
6572.36633689 -6.26391602e+00
6572.42216711 -2.13712692e+01
6572.47799732 1.19283142e+01
6572.53382754 6.13634109e+00
6572.58965776 1.82232857e+01
6572.64548798 3.63431015e+01
6572.70131820 1.20943222e+01
6572.75714842 3.65957642e+01
6572.81297864 -1.91865349e+01
6572.86880886 1.30315895e+01
6572.92463908 5.40959549e+00
6572.98046930 -1.02259254e+01
6573.03629952 7.07655258e+01
6573.09212974 8.66657639e+00
6573.14795995 -1.59905205e+01
6573.20379017 2.25541534e+01
6573.25962039 -7.45019150e+00
6573.31545061 1.28470421e+01
6573.37128083 8.01361084e+00
6573.42711105 2.16732903e+01
6573.48294127 -1.55387878e+00
6573.53877149 -2.98603325e+01
6573.59460171 -1.01401482e+01
6573.65043193 -8.60330582e+00
6573.70626215 -9.11683083e+00
6573.76209236 -2.97700310e+01
6573.81792258 1.20052414e+01
6573.87375280 7.72256088e+00
6573.92958302 5.82678757e+01
6573.98541324 1.57228622e+01
6574.04124346 2.66275787e+00
6574.09707368 3.19229469e+01
6574.15290390 -1.64874344e+01
6574.20873412 -1.50805893e+01
6574.26456434 4.77540855e+01
6574.32039456 -3.63542175e+00
6574.37622478 6.38887787e+00
6574.43205499 8.67366791e-01
6574.48788521 -5.49920654e+00
6574.54371543 -9.34538651e+00
6574.59954565 1.27033005e+01
6574.65537587 -1.07296066e+01
6574.71120609 8.67153168e-01
6574.76703631 -5.81121063e+00
6574.82286653 3.50515747e+00
6574.87869675 -1.20957184e+00
6574.93452697 1.46171646e+01
6574.99035719 -3.14005585e+01
6575.04618740 1.56179123e+01
6575.10201762 -2.02221680e+01
6575.15784784 -2.37195206e+01
6575.21367806 6.12828445e+00
6575.26950828 -4.02119675e+01
6575.32533850 2.01157112e+01
6575.38116872 1.91551323e+01
6575.43699894 5.75207901e+00
6575.49282916 -1.62583427e+01
6575.54865938 -1.73778572e+01
6575.60448960 1.43387413e+01
6575.66031982 1.02968330e+01
6575.71615003 4.67180519e+01
6575.77198025 -4.03567886e+00
6575.82781047 3.23435593e+00
6575.88364069 -4.73263931e+00
6575.93947091 3.69931259e+01
6575.99530113 1.08808479e+01
6576.05113135 -2.32518044e+01
6576.10696157 -2.75353146e+01
6576.16279179 2.63499832e+01
6576.21862201 -3.66286469e+00
6576.27445223 -3.00109863e-01
6576.33028245 1.64636383e+01
6576.38611266 1.67394333e+01
6576.44194288 6.88505936e+00
6576.49777310 -2.98801117e+01
6576.55360332 9.14595032e+00
6576.60943354 1.86032524e+01
6576.66526376 1.18567314e+01
6576.72109398 -1.44105053e+01
6576.77692420 -1.07945404e+01
6576.83275442 2.90419731e+01
6576.88858464 1.60040359e+01
6576.94441486 1.45586777e+01
6577.00024507 2.73347778e+01
6577.05607529 9.58588409e+00
6577.11190551 2.62890816e+01
6577.16773573 -8.93300629e+00
6577.22356595 3.47314148e+01
6577.27939617 7.07167435e+00
6577.33522639 9.41619110e+00
6577.39105661 -1.55110130e+01
6577.44688683 -4.16491280e+01
6577.50271705 4.12130890e+01
6577.55854727 1.87931252e+01
6577.61437749 5.53011322e+00
6577.67020770 3.37105751e+01
6577.72603792 3.03025436e+01
6577.78186814 -3.13064957e+00
6577.83769836 2.71467209e+00
6577.89352858 -9.47937012e-01
6577.94935880 -1.62059555e+01
6578.00518902 -2.65666504e+01
6578.06101924 -1.33782444e+01
6578.11684946 2.17124176e+00
6578.17267968 2.47770157e+01
6578.22850990 1.54160881e+01
6578.28434011 4.03539963e+01
6578.34017033 1.19318161e+01
6578.39600055 -3.77435684e+00
6578.45183077 1.42032623e+01
6578.50766099 -2.48577423e+01
6578.56349121 -1.54902878e+01
6578.61932143 -4.68665962e+01
6578.67515165 9.19924164e+00
6578.73098187 2.54501801e+01
6578.78681209 1.53823586e+01
6578.84264231 4.90800858e+00
6578.89847253 6.50630951e+00
6578.95430274 -2.43612289e+00
6579.01013296 5.41926804e+01
6579.06596318 4.59415550e+01
6579.12179340 4.93436432e+00
6579.17762362 -1.03220749e+01
6579.23345384 -1.08726311e+01
6579.28928406 3.21365738e+01
6579.34511428 -6.02120590e+00
6579.40094450 1.46559982e+01
6579.45677472 3.80541534e+01
6579.51260494 3.39137421e+01
6579.56843516 -1.68623390e+01
6579.62426537 -9.22966385e+00
6579.68009559 2.20721092e+01
6579.73592581 6.86006165e+00
6579.79175603 -1.32661438e+00
6579.84758625 -5.24116898e+00
6579.90341647 7.08477783e+00
6579.95924669 1.39474106e+00
6580.01507691 3.41078529e+01
6580.07090713 4.66524124e+01
6580.12673735 1.25228157e+01
6580.18256757 7.91298676e+00
6580.23839778 -3.84437180e+00
6580.29422800 5.73514557e+00
6580.35005822 -1.18506813e+01
6580.40588844 -1.40166435e+01
6580.46171866 -1.73065071e+01
6580.51754888 -1.17293549e+01
6580.57337910 1.23269272e+01
6580.62920932 -7.98768234e+00
6580.68503954 -5.01974106e+00
6580.74086976 -5.70811462e+00
6580.79669998 -1.94436836e+01
6580.85253020 -4.02316475e+01
6580.90836041 -2.60032997e+01
6580.96419063 -3.56933441e+01
6581.02002085 -1.00779114e+01
6581.07585107 -3.74480438e+00
6581.13168129 2.86469727e+01
6581.18751151 2.30226402e+01
6581.24334173 -1.64622154e+01
6581.29917195 -2.40059929e+01
6581.35500217 -3.86925659e+01
6581.41083239 2.01207733e+01
6581.46666261 -6.72119141e+00
6581.52249282 -2.03324738e+01
6581.57832304 1.77047615e+01
6581.63415326 2.73307190e+01
6581.68998348 9.71305084e+00
6581.74581370 4.25554047e+01
6581.80164392 1.25919418e+01
6581.85747414 -1.39983788e+01
6581.91330436 1.88321571e+01
6581.96913458 3.52104797e+01
6582.02496480 -2.04518509e+00
6582.08079502 -5.37188797e+01
6582.13662524 -3.52317810e+00
6582.19245545 1.05705032e+01
6582.24828567 -2.38925476e+01
6582.30411589 1.60704803e+00
6582.35994611 1.39295273e+01
6582.41577633 -1.86211128e+01
6582.47160655 -2.92758942e-01
6582.52743677 -4.78432083e+00
6582.58326699 -2.44762878e+01
6582.63909721 2.46193008e+01
6582.69492743 9.34374428e+00
6582.75075765 2.74404907e+01
6582.80658787 3.65678101e+01
6582.86241808 -3.41311302e+01
6582.91824830 1.18399391e+01
6582.97407852 1.87616348e+00
6583.02990874 -4.14842873e+01
6583.08573896 3.44346466e+01
6583.14156918 3.69066353e+01
6583.19739940 3.23937912e+01
6583.25322962 3.18742142e+01
6583.30905984 1.86927986e+01
6583.36489006 2.85196686e+01
6583.42072028 7.82582855e+00
6583.47655049 -1.98070602e+01
6583.53238071 -7.61670685e+00
6583.58821093 4.10164680e+01
6583.64404115 5.75793457e+00
6583.69987137 4.05690041e+01
6583.75570159 3.30922928e+01
6583.81153181 -2.54771423e+00
6583.86736203 -1.45902481e+01
6583.92319225 3.27100525e+01
6583.97902247 1.33620758e+01
6584.03485269 -6.17421722e+00
6584.09068291 7.40474701e-01
6584.14651312 8.80940247e+00
6584.20234334 2.65689964e+01
6584.25817356 -1.24249001e+01
6584.31400378 -3.22074890e-02
6584.36983400 4.09534836e+00
6584.42566422 3.33794022e+00
6584.48149444 5.56847382e+00
6584.53732466 2.06799622e+01
6584.59315488 7.69038010e+00
6584.64898510 2.47848778e+01
6584.70481532 -1.03935204e+01
6584.76064553 3.03949356e+01
6584.81647575 1.83264427e+01
6584.87230597 2.20796509e+01
6584.92813619 -2.71042557e+01
6584.98396641 -1.08675270e+01
6585.03979663 4.16544762e+01
6585.09562685 4.15115814e+01
6585.15145707 1.96143341e+00
6585.20728729 3.03977966e+00
6585.26311751 1.76617432e+01
6585.31894773 1.10061264e+01
6585.37477795 -4.08773041e+00
6585.43060816 -1.00187111e+01
6585.48643838 -2.48305321e+01
6585.54226860 -1.05912933e+01
6585.59809882 3.68255348e+01
6585.65392904 2.15079460e+01
6585.70975926 2.56562462e+01
6585.76558948 2.54293213e+01
6585.82141970 -1.49735680e+01
6585.87724992 -1.37208805e+01
6585.93308014 -5.12884140e+00
6585.98891036 1.14442024e+01
6586.04474057 9.54951477e+00
6586.10057079 -3.43525085e+01
6586.15640101 -5.46417236e-01
6586.21223123 1.16918030e+01
6586.26806145 -1.17872620e+01
6586.32389167 1.82629356e+01
6586.37972189 -1.54203033e+00
6586.43555211 1.43589020e+00
6586.49138233 1.45509567e+01
6586.54721255 1.83437614e+01
6586.60304277 -9.68114090e+00
6586.65887299 1.76047745e+01
6586.71470320 -1.56947136e+01
6586.77053342 1.85383987e+00
6586.82636364 -4.55961609e+00
6586.88219386 1.51885605e+00
6586.93802408 -1.13265533e+01
6586.99385430 -3.35694504e+00
6587.04968452 1.07498894e+01
6587.10551474 1.41452217e+01
6587.16134496 -2.55646114e+01
6587.21717518 2.11371689e+01
6587.27300540 2.20279465e+01
6587.32883562 1.53497467e+01
6587.38466583 7.86421967e+00
6587.44049605 1.23941803e+00
6587.49632627 -2.78555298e+00
6587.55215649 -3.55185699e+00
6587.60798671 -3.38434219e+00
6587.66381693 -1.84449043e+01
6587.71964715 -2.68400211e+01
6587.77547737 3.82205505e+01
6587.83130759 -6.52862167e+00
6587.88713781 -8.84199142e+00
6587.94296803 -4.02735138e+00
6587.99879824 4.31518097e+01
6588.05462846 3.03567200e+01
6588.11045868 3.39174271e+01
6588.16628890 -2.79742203e+01
6588.22211912 -5.43588257e+00
6588.27794934 -5.07207565e+01
6588.33377956 2.56794243e+01
6588.38960978 3.36273193e+01
6588.44544000 3.19325676e+01
6588.50127022 8.24649811e+00
6588.55710044 -8.87476730e+00
6588.61293066 -6.99099731e+00
6588.66876087 6.83423615e+00
6588.72459109 -3.63506317e+00
6588.78042131 1.47810555e+01
6588.83625153 2.30629730e+00
6588.89208175 -3.28364601e+01
6588.94791197 -3.78052521e+01
6589.00374219 5.84428444e+01
6589.05957241 1.27418289e+01
6589.11540263 -4.22389221e+00
6589.17123285 2.88598671e+01
6589.22706307 2.59743690e+01
6589.28289328 2.59607925e+01
6589.33872350 1.53518295e+00
6589.39455372 -1.32298508e+01
6589.45038394 -5.85655212e-01
6589.50621416 -1.54201431e+01
6589.56204438 -2.67070007e+00
6589.61787460 -7.70848465e+00
6589.67370482 1.01027527e+01
6589.72953504 -5.74115753e-01
6589.78536526 2.64436951e+01
6589.84119548 1.00030212e+01
6589.89702570 2.83845291e+01
6589.95285591 3.92842865e+00
6590.00868613 -1.96493492e+01
6590.06451635 1.02221413e+01
6590.12034657 2.71656303e+01
6590.17617679 -7.45627594e+00
6590.23200701 -1.21906281e-01
6590.28783723 9.88624573e+00
6590.34366745 1.97575951e+01
6590.39949767 5.61056137e+00
6590.45532789 5.93494034e+00
6590.51115811 -2.43829479e+01
6590.56698833 1.75692749e+01
6590.62281854 2.71264229e+01
6590.67864876 -2.94548798e+00
6590.73447898 6.48365974e+00
6590.79030920 -1.12531624e+01
6590.84613942 4.08360291e+00
6590.90196964 2.90672188e+01
6590.95779986 2.24170036e+01
6591.01363008 2.27768402e+01
6591.06946030 1.29165192e+01
6591.12529052 -1.88504219e+01
6591.18112074 -1.45737038e+01
6591.23695095 9.27645493e+00
6591.29278117 3.62746010e+01
6591.34861139 5.36955643e+00
6591.40444161 4.93507385e+00
6591.46027183 -2.38185539e+01
6591.51610205 -8.82759857e+00
6591.57193227 -1.70648918e+01
6591.62776249 1.50949898e+01
6591.68359271 2.15522003e+01
6591.73942293 3.16550446e+01
6591.79525315 -3.39427719e+01
6591.85108337 -6.21687698e+00
6591.90691358 8.69562531e+00
6591.96274380 1.00650024e+01
6592.01857402 3.61559296e+01
6592.07440424 -6.83622742e+00
6592.13023446 -1.97046776e+01
6592.18606468 -6.43423843e+00
6592.24189490 -3.96670799e+01
6592.29772512 4.18198776e+00
6592.35355534 1.85914459e+01
6592.40938556 1.59693336e+01
6592.46521578 9.24716949e-01
6592.52104599 -1.69850540e+00
6592.57687621 2.10593872e+01
6592.63270643 3.63077164e+00
6592.68853665 -1.15783806e+01
6592.74436687 3.21977806e+01
6592.80019709 -2.04958000e+01
6592.85602731 3.36988068e+00
6592.91185753 5.66651535e+00
6592.96768775 -2.44126511e+00
6593.02351797 1.35344620e+01
6593.07934819 -5.86558914e+00
6593.13517841 -7.32654953e+00
6593.19100862 1.22693405e+01
6593.24683884 -2.66698837e+01
6593.30266906 -3.45770454e+01
6593.35849928 4.34916840e+01
6593.41432950 1.52575417e+01
6593.47015972 2.48925095e+01
6593.52598994 -3.54936867e+01
6593.58182016 3.15453796e+01
6593.63765038 1.67256622e+01
6593.69348060 -4.85767365e-01
6593.74931082 1.21805267e+01
6593.80514104 -1.57877846e+01
6593.86097125 -3.43752289e+00
6593.91680147 3.38274078e+01
6593.97263169 -4.67874908e+00
6594.02846191 -2.92105103e+00
6594.08429213 -1.18601341e+01
6594.14012235 -3.10829105e+01
6594.19595257 1.40298347e+01
6594.25178279 2.89021873e+01
6594.30761301 3.53599548e+01
6594.36344323 6.09093857e+00
6594.41927345 2.35950203e+01
6594.47510366 2.97405930e+01
6594.53093388 -1.36614647e+01
6594.58676410 1.83338203e+01
6594.64259432 7.01068878e-01
6594.69842454 8.54692078e+00
6594.75425476 -8.06299973e+00
6594.81008498 -3.62818413e+01
6594.86591520 9.97959900e+00
6594.92174542 6.57371140e+00
6594.97757564 4.70433655e+01
6595.03340586 1.45931072e+01
6595.08923608 -1.63807507e+01
6595.14506629 -5.95422745e+00
6595.20089651 -2.58915939e+01
6595.25672673 1.84615326e+00
6595.31255695 -2.80221348e+01
6595.36838717 -3.07717133e+00
6595.42421739 1.60362778e+01
6595.48004761 1.22271805e+01
6595.53587783 -2.67956123e+01
6595.59170805 1.68752060e+01
6595.64753827 -2.16679077e+01
6595.70336849 -2.76725845e+01
6595.75919870 7.32560730e+00
6595.81502892 2.71908607e+01
6595.87085914 -1.43377419e+01
6595.92668936 -1.48690300e+01
6595.98251958 -1.07307968e+01
6596.03834980 -3.50565720e+00
6596.09418002 -1.68759766e+01
6596.15001024 1.87965088e+01
6596.20584046 8.81590271e+00
6596.26167068 7.29542732e+00
6596.31750090 4.74478569e+01
6596.37333112 -8.48049927e+00
6596.42916133 1.73826828e+01
6596.48499155 1.58552971e+01
6596.54082177 6.27439880e+00
6596.59665199 2.18397369e+01
6596.65248221 -2.11353264e+01
6596.70831243 -9.16397476e+00
6596.76414265 4.02558136e+00
6596.81997287 -1.85945930e+01
6596.87580309 3.56677284e+01
6596.93163331 2.98821793e+01
6596.98746353 1.54260788e+01
6597.04329374 -5.02309837e+01
6597.09912396 6.99729919e-02
6597.15495418 7.32395935e+00
6597.21078440 3.30269814e+01
6597.26661462 1.53009415e+01
6597.32244484 -1.51384239e+01
6597.37827506 -2.71148300e+00
6597.43410528 -2.83627205e+01
6597.48993550 1.14590149e+01
6597.54576572 3.12185612e+01
6597.60159594 -3.78977623e+01
6597.65742616 -2.98219852e+01
6597.71325637 8.56252289e+00
6597.76908659 3.14986649e+01
6597.82491681 -3.72976456e+01
6597.88074703 -1.08932953e+01
6597.93657725 3.71006775e+00
6597.99240747 -7.91693878e+00
6598.04823769 3.78978119e+01
6598.10406791 1.64312553e+01
6598.15989813 -1.54851303e+01
6598.21572835 3.18280888e+01
6598.27155857 1.62916756e+01
6598.32738879 -9.65729141e+00
6598.38321900 1.20003567e+01
6598.43904922 -1.89489594e+01
6598.49487944 1.63532219e+01
6598.55070966 -1.48088341e+01
6598.60653988 1.75669479e+00
6598.66237010 3.24156036e+01
6598.71820032 2.23053665e+01
6598.77403054 -3.52155495e+01
6598.82986076 -1.38111458e+01
6598.88569098 1.94344978e+01
6598.94152120 2.91298790e+01
6598.99735141 -1.10097504e+00
6599.05318163 -1.95990868e+01
6599.10901185 -2.49648552e+01
6599.16484207 -2.03198547e+01
6599.22067229 -1.29193878e+01
6599.27650251 -1.49266491e+01
6599.33233273 1.18800354e+00
6599.38816295 1.30133705e+01
6599.44399317 1.19118195e+01
6599.49982339 -1.66067696e+01
6599.55565361 1.11910782e+01
6599.61148383 -3.27323151e+00
6599.66731404 1.05806923e+01
6599.72314426 5.03722305e+01
6599.77897448 -2.06353073e+01
6599.83480470 2.20456161e+01
6599.89063492 -3.51404190e+01
6599.94646514 1.29016495e+00
6600.00229536 -2.94157181e+01
6600.05812558 -2.77251511e+01
6600.11395580 1.73608017e+01
6600.16978602 -1.35748558e+01
6600.22561624 7.76824570e+00
6600.28144645 -6.80237198e+00
6600.33727667 2.17609215e+01
6600.39310689 1.07263412e+01
6600.44893711 1.52422371e+01
6600.50476733 5.82871628e+00
6600.56059755 -4.26425934e-01
6600.61642777 -1.41213322e+01
6600.67225799 2.26264496e+01
6600.72808821 -3.59450798e+01
6600.78391843 -6.68012238e+00
6600.83974865 -8.09383392e-01
6600.89557887 -2.33408852e+01
6600.95140908 -1.21867981e+01
6601.00723930 8.63509369e+00
6601.06306952 -1.37295074e+01
6601.11889974 -2.44353981e+01
6601.17472996 5.59224701e+00
6601.23056018 1.97056999e+01
6601.28639040 3.03632507e+01
6601.34222062 -2.40795441e+01
6601.39805084 3.49881363e+00
6601.45388106 2.61469460e+01
6601.50971128 2.06165466e+01
6601.56554150 -8.81726074e+00
6601.62137171 -6.94245148e+00
6601.67720193 -2.58389683e+01
6601.73303215 4.21709442e+01
6601.78886237 -3.56747551e+01
6601.84469259 3.64386444e+01
6601.90052281 4.80942268e+01
6601.95635303 7.31382751e+00
6602.01218325 1.67744560e+01
6602.06801347 8.88069153e-01
6602.12384369 2.11547661e+01
6602.17967391 -1.45559578e+01
6602.23550412 -1.54412155e+01
6602.29133434 3.15503693e+00
6602.34716456 -3.10860519e+01
6602.40299478 5.55616379e+00
6602.45882500 3.30329361e+01
6602.51465522 1.28152733e+01
6602.57048544 9.04379654e+00
6602.62631566 3.89978638e+01
6602.68214588 9.56393433e+00
6602.73797610 -1.51946774e+01
6602.79380632 -2.81580868e+01
6602.84963654 1.92065048e+00
6602.90546675 -1.12342148e+01
6602.96129697 -3.31890030e+01
6603.01712719 6.45093536e+00
6603.07295741 -1.46625099e+01
6603.12878763 2.24180374e+01
6603.18461785 1.93859673e+01
6603.24044807 1.69021759e+01
6603.29627829 2.73407364e+00
6603.35210851 9.08297729e+00
6603.40793873 2.53386040e+01
6603.46376895 -7.81357956e+00
6603.51959916 -2.65461082e+01
6603.57542938 4.94361839e+01
6603.63125960 3.77784157e+01
6603.68708982 -3.47956238e+01
6603.74292004 -2.04754639e+01
6603.79875026 -1.15302887e+01
6603.85458048 -1.32983398e+01
6603.91041070 2.40256462e+01
6603.96624092 2.07045135e+01
