# Rest-frame spectrum generated from: N5584A0002o_1d_rest.fits
# lambda_Ha_obs = 6596.85600000 Angstrom
# lambda_Ha_rest = 6562.80000000 Angstrom
# z_Ha = 5.1892484915e-03
# v_Ha_relativistic = 1551.661164 km/s
# v_Ha_classical = 1555.697560 km/s
# columns: wavelength_rest[Angstrom] flux_or_counts

6484.63834970 -4.50338936e+00
6484.69362591 -4.49984169e+00
6484.74890211 -4.50422668e+00
6484.80417832 -4.50325775e+00
6484.85945453 -4.50365448e+00
6484.91473074 -4.50346756e+00
6484.97000695 -4.50344086e+00
6485.02528316 -4.49992561e+00
6485.08055937 -4.50743294e+00
6485.13583558 -4.50003624e+00
6485.19111178 -4.49983215e+00
6485.24638799 -4.50490570e+00
6485.30166420 -4.50582504e+00
6485.35694041 -5.15542030e+00
6485.41221662 -6.50963020e+00
6485.46749283 -9.34765053e+00
6485.52276904 -1.27134571e+01
6485.57804525 -1.73256855e+01
6485.63332146 2.96285629e+00
6485.68859766 -5.81718063e+00
6485.74387387 7.34888077e+00
6485.79915008 -8.06644440e-01
6485.85442629 -4.32312012e+00
6485.90970250 8.46746445e+00
6485.96497871 -9.10329056e+00
6486.02025492 -5.49507904e+00
6486.07553113 -2.06806450e+01
6486.13080733 3.82306290e+00
6486.18608354 1.74449272e+01
6486.24135975 2.18708935e+01
6486.29663596 -3.65620804e+00
6486.35191217 9.21167755e+00
6486.40718838 -8.91507530e+00
6486.46246459 3.68618011e+00
6486.51774080 4.18651199e+00
6486.57301701 -7.22782135e+00
6486.62829321 3.95323410e+01
6486.68356942 -1.80768280e+01
6486.73884563 1.86076469e+01
6486.79412184 -1.13221912e+01
6486.84939805 -5.94156456e+00
6486.90467426 9.80597496e+00
6486.95995047 -9.99220276e+00
6487.01522668 -1.10315552e+01
6487.07050288 -5.78511047e+00
6487.12577909 8.62570000e+00
6487.18105530 -2.74732971e+00
6487.23633151 8.73455048e+00
6487.29160772 -7.02663040e+00
6487.34688393 1.35949230e+01
6487.40216014 2.20589848e+01
6487.45743635 -2.17827225e+00
6487.51271256 8.96274567e-01
6487.56798876 1.28847485e+01
6487.62326497 5.85359573e-01
6487.67854118 -7.02834511e+00
6487.73381739 6.04929924e+00
6487.78909360 1.43411350e+01
6487.84436981 9.71042061e+00
6487.89964602 1.01429272e+01
6487.95492223 -8.86229897e+00
6488.01019843 -3.89528503e+01
6488.06547464 1.96159325e+01
6488.12075085 2.41778011e+01
6488.17602706 1.72050953e+01
6488.23130327 7.77581978e+00
6488.28657948 -5.88173294e+00
6488.34185569 8.36673927e+00
6488.39713190 1.87338409e+01
6488.45240810 -9.29706573e+00
6488.50768431 -1.50581951e+01
6488.56296052 9.52761459e+00
6488.61823673 1.17786961e+01
6488.67351294 -2.58181000e+00
6488.72878915 6.62278748e+00
6488.78406536 1.83499775e+01
6488.83934157 2.74438152e+01
6488.89461778 2.98170834e+01
6488.94989398 -1.29551563e+01
6489.00517019 -4.67682076e+00
6489.06044640 2.20280113e+01
6489.11572261 4.67818832e+00
6489.17099882 -2.08848953e-01
6489.22627503 2.47259216e+01
6489.28155124 1.47694397e+00
6489.33682745 1.82920284e+01
6489.39210365 2.71141872e+01
6489.44737986 9.88981438e+00
6489.50265607 -1.65283718e+01
6489.55793228 1.46298370e+01
6489.61320849 5.67935944e+00
6489.66848470 -9.06285858e+00
6489.72376091 1.72627258e+01
6489.77903712 1.34154453e+01
6489.83431333 2.66265869e-03
6489.88958953 4.43173599e+00
6489.94486574 5.38263702e+00
6490.00014195 1.62791862e+01
6490.05541816 1.07661476e+01
6490.11069437 -4.66814804e+00
6490.16597058 3.61329269e+00
6490.22124679 -1.73632183e+01
6490.27652300 3.71917725e-01
6490.33179920 7.99251556e+00
6490.38707541 -1.05987549e+00
6490.44235162 1.86938095e+01
6490.49762783 2.47257347e+01
6490.55290404 -1.35903912e+01
6490.60818025 -4.19162941e+00
6490.66345646 3.33018417e+01
6490.71873267 1.00038528e+00
6490.77400887 8.49430084e+00
6490.82928508 -1.20718040e+01
6490.88456129 -1.08973122e+01
6490.93983750 -2.46179962e+00
6490.99511371 -9.22227859e-01
6491.05038992 5.37467575e+01
6491.10566613 -5.92073441e-01
6491.16094234 -3.99297333e+00
6491.21621855 4.80669785e+00
6491.27149475 1.86046810e+01
6491.32677096 3.59851837e-01
6491.38204717 -9.57183838e-01
6491.43732338 1.47821293e+01
6491.49259959 -1.73217545e+01
6491.54787580 1.19612103e+01
6491.60315201 4.15971870e+01
6491.65842822 -1.04050541e+01
6491.71370442 -1.80056915e+01
6491.76898063 3.32843704e+01
6491.82425684 1.08999634e+00
6491.87953305 -4.68419266e+00
6491.93480926 1.15385170e+01
6491.99008547 8.60533142e+00
6492.04536168 -9.07554626e-01
6492.10063789 5.54400635e+00
6492.15591410 -1.92339401e+01
6492.21119030 -1.74723053e+00
6492.26646651 1.64606113e+01
6492.32174272 4.13175354e+01
6492.37701893 8.35992622e+00
6492.43229514 1.73665199e+01
6492.48757135 2.74764748e+01
6492.54284756 -8.84457779e+00
6492.59812377 -5.04820061e+00
6492.65339997 1.26314926e+01
6492.70867618 1.55062447e+01
6492.76395239 -1.03043213e+01
6492.81922860 1.77315578e+01
6492.87450481 1.16555996e+01
6492.92978102 2.69230003e+01
6492.98505723 -5.87934494e+00
6493.04033344 -1.53317490e+01
6493.09560964 -1.83428726e+01
6493.15088585 -3.89310074e+00
6493.20616206 2.78806686e+00
6493.26143827 9.67453766e+00
6493.31671448 -1.16339397e+01
6493.37199069 1.83738708e+00
6493.42726690 2.08936348e+01
6493.48254311 2.05012074e+01
6493.53781932 2.32245255e+01
6493.59309552 1.78212585e+01
6493.64837173 1.31580887e+01
6493.70364794 -4.61623001e+00
6493.75892415 2.29341125e+00
6493.81420036 -1.28398476e+01
6493.86947657 -1.19303131e+01
6493.92475278 1.23467617e+01
6493.98002899 1.47674484e+01
6494.03530519 -9.22908974e+00
6494.09058140 -1.72264099e+00
6494.14585761 -4.14544678e+00
6494.20113382 -4.11648941e+00
6494.25641003 6.96034241e+00
6494.31168624 -1.42483997e+01
6494.36696245 -5.96784782e+00
6494.42223866 -3.07708359e+00
6494.47751487 4.62728691e+00
6494.53279107 6.13067627e-01
6494.58806728 2.20006180e+00
6494.64334349 1.10781269e+01
6494.69861970 6.96969223e+00
6494.75389591 2.91166306e+00
6494.80917212 9.45546722e+00
6494.86444833 8.34541702e+00
6494.91972454 1.47248917e+01
6494.97500074 -5.21864319e+00
6495.03027695 1.31672745e+01
6495.08555316 4.06039238e+01
6495.14082937 2.21370697e-01
6495.19610558 -5.66169357e+00
6495.25138179 5.99197769e+00
6495.30665800 1.72631493e+01
6495.36193421 -2.92036438e+00
6495.41721042 -4.57426834e+00
6495.47248662 -1.38585625e+01
6495.52776283 -6.32756424e+00
6495.58303904 3.51288300e+01
6495.63831525 5.36178741e+01
6495.69359146 2.40014153e+01
6495.74886767 5.76219940e+00
6495.80414388 1.02348194e+01
6495.85942009 -1.35367088e+01
6495.91469629 1.08506851e+01
6495.96997250 -6.18888855e+00
6496.02524871 -2.90802383e+00
6496.08052492 1.13321762e+01
6496.13580113 1.60719719e+01
6496.19107734 -2.53512535e+01
6496.24635355 -3.50644493e+00
6496.30162976 -1.11066628e+00
6496.35690596 -6.76445007e-01
6496.41218217 -1.89592285e+01
6496.46745838 1.14099121e+00
6496.52273459 1.64674568e+01
6496.57801080 2.61795845e+01
6496.63328701 1.57093945e+01
6496.68856322 6.73469543e+00
6496.74383943 3.24926834e+01
6496.79911564 1.83769226e+00
6496.85439184 -8.41765404e+00
6496.90966805 9.92178345e+00
6496.96494426 6.84307098e+00
6497.02022047 1.34692039e+01
6497.07549668 1.22707539e+01
6497.13077289 6.28147507e+00
6497.18604910 -3.43217964e+01
6497.24132531 -1.31300564e+01
6497.29660151 7.78582954e+00
6497.35187772 2.59631729e+00
6497.40715393 -5.09526825e+00
6497.46243014 2.14332905e+01
6497.51770635 2.12693272e+01
6497.57298256 9.69425201e+00
6497.62825877 -1.07485085e+01
6497.68353498 -1.18539658e+01
6497.73881119 -8.60095406e+00
6497.79408739 2.05202923e+01
6497.84936360 1.10463867e+01
6497.90463981 1.13967857e+01
6497.95991602 2.12570724e+01
6498.01519223 2.36540318e+01
6498.07046844 -1.33902740e+01
6498.12574465 -2.24628830e+00
6498.18102086 -2.88468781e+01
6498.23629706 -3.22101021e+01
6498.29157327 1.54233208e+01
6498.34684948 -1.83288956e+01
6498.40212569 -2.04451370e+00
6498.45740190 3.20172501e+00
6498.51267811 -9.52486420e+00
6498.56795432 7.14906693e+00
6498.62323053 6.69053078e+00
6498.67850673 1.67337399e+01
6498.73378294 -1.12417793e+01
6498.78905915 -3.71181679e+00
6498.84433536 7.94384003e+00
6498.89961157 3.11997871e+01
6498.95488778 -1.10551071e+00
6499.01016399 -1.38838673e+01
6499.06544020 -4.48447227e+00
6499.12071641 -3.09303284e+00
6499.17599261 -1.04209595e+01
6499.23126882 6.62752151e-01
6499.28654503 -8.96190643e-01
6499.34182124 1.61002617e+01
6499.39709745 1.47232170e+01
6499.45237366 7.95104599e+00
6499.50764987 2.77352333e+01
6499.56292608 2.50196457e-01
6499.61820228 -5.33206749e+00
6499.67347849 -9.52822495e+00
6499.72875470 1.67484283e+01
6499.78403091 1.31449814e+01
6499.83930712 -5.52444839e+00
6499.89458333 2.05689697e+01
6499.94985954 3.88528595e+01
6500.00513575 1.45186691e+01
6500.06041196 -2.38246536e+00
6500.11568816 -1.10702515e+01
6500.17096437 -8.83065033e+00
6500.22624058 -2.68141994e+01
6500.28151679 -9.50211716e+00
6500.33679300 7.41005325e+00
6500.39206921 3.16676903e+00
6500.44734542 2.29959488e+01
6500.50262163 3.88333130e+00
6500.55789783 -2.11440277e+00
6500.61317404 3.19651718e+01
6500.66845025 1.77235565e+01
6500.72372646 1.44688873e+01
6500.77900267 6.61440659e+00
6500.83427888 1.31005516e+01
6500.88955509 1.71245232e+01
6500.94483130 -1.65329762e+01
6501.00010751 7.58417511e+00
6501.05538371 2.76199684e+01
6501.11065992 3.79848099e+00
6501.16593613 -1.11811047e+01
6501.22121234 9.71820259e+00
6501.27648855 -2.91328430e-02
6501.33176476 1.70538139e+01
6501.38704097 3.60950851e+00
6501.44231718 -8.13501740e+00
6501.49759338 1.96919060e+01
6501.55286959 -1.21821404e+01
6501.60814580 2.23003578e+01
6501.66342201 2.74808731e+01
6501.71869822 2.38751774e+01
6501.77397443 4.36052322e+00
6501.82925064 -1.37301960e+01
6501.88452685 -1.29240494e+01
6501.93980305 -1.02442207e+01
6501.99507926 -8.86714935e-01
6502.05035547 6.67684937e+00
6502.10563168 3.26087952e+00
6502.16090789 3.14350872e+01
6502.21618410 -2.71321220e+01
6502.27146031 -1.53669796e+01
6502.32673652 1.01248302e+01
6502.38201273 1.69335957e+01
6502.43728893 4.69003296e+00
6502.49256514 -3.54321480e+00
6502.54784135 -2.58210640e+01
6502.60311756 1.57138062e+00
6502.65839377 8.83702087e+00
6502.71366998 1.48015232e+01
6502.76894619 1.22618904e+01
6502.82422240 1.69649696e+01
6502.87949860 -3.18858337e+00
6502.93477481 1.62731972e+01
6502.99005102 1.92157745e+00
6503.04532723 1.06472301e+01
6503.10060344 1.03499451e+01
6503.15587965 1.41139488e+01
6503.21115586 -2.41623173e+01
6503.26643207 9.43879509e+00
6503.32170828 3.78188705e+00
6503.37698448 3.68576584e+01
6503.43226069 -1.80422897e+01
6503.48753690 -1.89790611e+01
6503.54281311 -1.40177975e+01
6503.59808932 8.35181808e+00
6503.65336553 5.12498856e+00
6503.70864174 8.49071884e+00
6503.76391795 1.30721664e+00
6503.81919415 -2.98765907e+01
6503.87447036 2.18532658e+01
6503.92974657 -1.62416458e+00
6503.98502278 5.34429741e+00
6504.04029899 8.12102127e+00
6504.09557520 -6.48628998e+00
6504.15085141 3.35344505e+00
6504.20612762 1.20923977e+01
6504.26140382 -4.46889305e+00
6504.31668003 1.53265495e+01
6504.37195624 3.56990013e+01
6504.42723245 -1.08591881e+01
6504.48250866 2.63155365e+00
6504.53778487 -1.93313637e+01
6504.59306108 1.54840469e+01
6504.64833729 9.85069656e+00
6504.70361350 8.57576370e+00
6504.75888970 -3.76014709e+01
6504.81416591 -2.81579037e+01
6504.86944212 -8.08731842e+00
6504.92471833 -6.64427948e+00
6504.97999454 -6.03147507e+00
6505.03527075 1.96070442e+01
6505.09054696 -2.97393799e-02
6505.14582317 1.31331635e+00
6505.20109937 1.71392078e+01
6505.25637558 2.95714130e+01
6505.31165179 -1.97597446e+01
6505.36692800 5.83836937e+00
6505.42220421 1.66715202e+01
6505.47748042 4.27139282e-01
6505.53275663 4.44320297e+00
6505.58803284 8.58809280e+00
6505.64330905 7.23799133e+00
6505.69858525 9.85051346e+00
6505.75386146 -4.62031555e+00
6505.80913767 -1.34768696e+01
6505.86441388 1.49572296e+01
6505.91969009 6.17415619e+00
6505.97496630 4.46895599e-01
6506.03024251 -2.08956032e+01
6506.08551872 -1.33061256e+01
6506.14079492 -1.49446487e-01
6506.19607113 8.67917633e+00
6506.25134734 1.63605499e+00
6506.30662355 -2.13091660e+00
6506.36189976 -2.75929832e+00
6506.41717597 2.28690720e+00
6506.47245218 1.83076057e+01
6506.52772839 -1.02950096e+00
6506.58300459 -1.74126587e+01
6506.63828080 -9.08975029e+00
6506.69355701 1.96396065e+01
6506.74883322 -2.19360733e+00
6506.80410943 -9.64398956e+00
6506.85938564 1.09781265e+00
6506.91466185 5.27284622e+00
6506.96993806 6.33554840e+00
6507.02521427 9.86196518e-01
6507.08049047 1.80987587e+01
6507.13576668 1.54665298e+01
6507.19104289 3.41309433e+01
6507.24631910 5.06287384e+00
6507.30159531 -1.78409557e+01
6507.35687152 1.38772564e+01
6507.41214773 1.97160149e+01
6507.46742394 -9.27683067e+00
6507.52270014 -2.70595627e+01
6507.57797635 8.29487228e+00
6507.63325256 2.72639580e+01
6507.68852877 -9.64440536e+00
6507.74380498 -1.27509308e+01
6507.79908119 -6.84425163e+00
6507.85435740 -1.97776928e+01
6507.90963361 -6.57349396e+00
6507.96490982 1.60797691e+01
6508.02018602 2.22802505e+01
6508.07546223 -9.06296921e+00
6508.13073844 -3.54337311e+01
6508.18601465 7.25619888e+00
6508.24129086 -4.72277451e+00
6508.29656707 -1.19755211e+01
6508.35184328 -1.42953053e+01
6508.40711949 1.64655380e+01
6508.46239569 -1.63775635e+00
6508.51767190 2.29210663e+00
6508.57294811 1.45103836e+00
6508.62822432 -9.62140656e+00
6508.68350053 1.48100929e+01
6508.73877674 3.20301437e+00
6508.79405295 2.32210846e+01
6508.84932916 4.93376160e+00
6508.90460537 -2.69714108e+01
6508.95988157 3.45971298e+00
6509.01515778 -3.64662552e+00
6509.07043399 -3.62441559e+01
6509.12571020 4.81109619e-02
6509.18098641 -1.35456543e+01
6509.23626262 -3.16422749e+01
6509.29153883 -1.12213020e+01
6509.34681504 1.19809341e+01
6509.40209124 1.67694206e+01
6509.45736745 -1.66837692e+01
6509.51264366 9.02949142e+00
6509.56791987 1.30773544e+01
6509.62319608 3.99829521e+01
6509.67847229 2.00327072e+01
6509.73374850 1.47660217e+01
6509.78902471 5.51464081e-01
6509.84430091 -7.14249039e+00
6509.89957712 -4.18577003e+00
6509.95485333 1.15010319e+01
6510.01012954 3.02564621e+01
6510.06540575 1.36125469e+01
6510.12068196 7.13047409e+00
6510.17595817 -4.09662247e-01
6510.23123438 8.71736145e+00
6510.28651059 1.93014908e+01
6510.34178679 1.53481827e+01
6510.39706300 -1.75282459e+01
6510.45233921 -8.43085098e+00
6510.50761542 -1.73835716e+01
6510.56289163 3.34270477e+00
6510.61816784 1.18345318e+01
6510.67344405 -2.43812351e+01
6510.72872026 -1.25610085e+01
6510.78399646 4.19589424e+00
6510.83927267 6.51068497e+00
6510.89454888 1.38455582e+00
6510.94982509 4.29881668e+00
6511.00510130 -7.64995575e-01
6511.06037751 1.79227448e+01
6511.11565372 -6.45270920e+00
6511.17092993 -9.55350113e+00
6511.22620614 3.28235703e+01
6511.28148234 -1.68061867e+01
6511.33675855 -1.96466656e+01
6511.39203476 8.39752579e+00
6511.44731097 1.29657421e+01
6511.50258718 6.70659256e+00
6511.55786339 -3.82592773e+00
6511.61313960 -1.11153908e+01
6511.66841581 -2.29435005e+01
6511.72369201 -1.34765434e+01
6511.77896822 -7.46686745e+00
6511.83424443 3.83046722e+00
6511.88952064 3.40081787e+00
6511.94479685 2.03513870e+01
6512.00007306 1.84640388e+01
6512.05534927 8.13458061e+00
6512.11062548 1.98945656e+01
6512.16590168 -1.31103897e+00
6512.22117789 1.41519928e+00
6512.27645410 -1.81521778e+01
6512.33173031 -1.07412682e+01
6512.38700652 3.79864540e+01
6512.44228273 1.05016899e+01
6512.49755894 1.92315769e+01
6512.55283515 1.40275879e+01
6512.60811136 1.78710175e+00
6512.66338756 2.05430107e+01
6512.71866377 1.93264694e+01
6512.77393998 9.02027893e+00
6512.82921619 2.92372704e+00
6512.88449240 -5.63575363e+00
6512.93976861 -1.11799927e+01
6512.99504482 2.26032562e+01
6513.05032103 4.44778824e+00
6513.10559723 3.97417641e+00
6513.16087344 1.28685837e+01
6513.21614965 2.46051559e+01
6513.27142586 4.97330856e+00
6513.32670207 -2.83780289e+00
6513.38197828 -1.03302784e+01
6513.43725449 6.14360809e-01
6513.49253070 -1.86503201e+01
6513.54780691 -1.41184578e+01
6513.60308311 -4.43499756e+00
6513.65835932 -6.12888336e+00
6513.71363553 6.80025482e+00
6513.76891174 -1.46380997e+01
6513.82418795 1.24184799e+00
6513.87946416 4.74705124e+00
6513.93474037 1.23392582e+01
6513.99001658 2.73923721e+01
6514.04529278 4.14814110e+01
6514.10056899 2.54597664e+01
6514.15584520 4.70750427e+00
6514.21112141 5.36137009e+00
6514.26639762 8.87746048e+00
6514.32167383 2.19476624e+01
6514.37695004 4.82012901e+01
6514.43222625 1.66815681e+01
6514.48750245 1.94358883e+01
6514.54277866 2.20685768e+01
6514.59805487 1.45266418e+01
6514.65333108 2.20046387e+01
6514.70860729 3.48283195e+00
6514.76388350 9.65330505e+00
6514.81915971 4.43947601e+00
6514.87443592 5.98128891e+00
6514.92971213 -2.52609043e+01
6514.98498833 1.21265049e+01
6515.04026454 2.14410534e+01
6515.09554075 -6.62113571e+00
6515.15081696 1.65557480e+00
6515.20609317 -5.78170395e+00
6515.26136938 2.53980465e+01
6515.31664559 -1.46231842e+00
6515.37192180 -1.07887459e+00
6515.42719800 9.41230965e+00
6515.48247421 1.42677860e+01
6515.53775042 1.43776283e+01
6515.59302663 6.27200317e+00
6515.64830284 1.20921631e+01
6515.70357905 1.75693512e+00
6515.75885526 1.71645737e+01
6515.81413147 2.03024712e+01
6515.86940768 1.08480835e+01
6515.92468388 2.02442551e+00
6515.97996009 2.24666576e+01
6516.03523630 3.35917358e+01
6516.09051251 -5.83884811e+00
6516.14578872 -1.55920334e+01
6516.20106493 9.53174591e+00
6516.25634114 2.20026436e+01
6516.31161735 1.54051666e+01
6516.36689355 8.99184799e+00
6516.42216976 -2.23275700e+01
6516.47744597 9.45552444e+00
6516.53272218 -9.46117401e-01
6516.58799839 3.91292458e+01
6516.64327460 2.05680618e+01
6516.69855081 6.12851238e+00
6516.75382702 5.40899658e+00
6516.80910323 1.46302261e+01
6516.86437943 -4.90465164e+00
6516.91965564 3.15334587e+01
6516.97493185 -1.80498123e+00
6517.03020806 -8.17239380e+00
6517.08548427 2.18053818e+00
6517.14076048 3.41207504e+00
6517.19603669 1.52199173e+01
6517.25131290 5.01295090e+00
6517.30658910 -1.02795391e+01
6517.36186531 -6.90324783e+00
6517.41714152 1.08439980e+01
6517.47241773 -1.08961105e+01
6517.52769394 4.57822800e+00
6517.58297015 6.71136475e+00
6517.63824636 1.03038635e+01
6517.69352257 1.54974556e+01
6517.74879877 9.23265076e+00
6517.80407498 -4.13679123e+00
6517.85935119 -1.60199318e+01
6517.91462740 -1.25566120e+01
6517.96990361 3.52998276e+01
6518.02517982 1.02428551e+01
6518.08045603 -2.32300186e+00
6518.13573224 -8.03081894e+00
6518.19100845 8.84307480e+00
6518.24628465 3.30722351e+01
6518.30156086 -7.52868652e-01
6518.35683707 -6.65387344e+00
6518.41211328 -2.60932102e+01
6518.46738949 -1.16287937e+01
6518.52266570 1.87419548e+01
6518.57794191 2.06343803e+01
6518.63321812 8.46539688e+00
6518.68849432 1.28345718e+01
6518.74377053 2.08807392e+01
6518.79904674 6.62027359e+00
6518.85432295 -1.58126087e+01
6518.90959916 5.43718719e+00
6518.96487537 5.32594681e+00
6519.02015158 1.54310684e+01
6519.07542779 -6.21758652e+00
6519.13070400 -4.36657906e+00
6519.18598020 1.55713367e+01
6519.24125641 9.28192139e-02
6519.29653262 -1.21589279e+00
6519.35180883 -1.18447857e+01
6519.40708504 -6.54306602e+00
6519.46236125 -5.12604523e+00
6519.51763746 2.61634560e+01
6519.57291367 1.10843544e+01
6519.62818987 -5.65375900e+00
6519.68346608 7.02610970e+00
6519.73874229 -1.90816402e+01
6519.79401850 -2.28570004e+01
6519.84929471 -1.53241386e+01
6519.90457092 -1.21687145e+01
6519.95984713 -2.08709011e+01
6520.01512334 -1.08805218e+01
6520.07039954 -2.51771431e+01
6520.12567575 2.02555199e+01
6520.18095196 -2.29709530e+01
6520.23622817 9.70282364e+00
6520.29150438 -1.06923199e+01
6520.34678059 -2.93605042e+01
6520.40205680 -1.87917767e+01
6520.45733301 -7.01032639e+00
6520.51260922 -1.91234360e+01
6520.56788542 7.51715851e+00
6520.62316163 -2.05664062e+01
6520.67843784 2.77128296e+01
6520.73371405 2.39737511e+01
6520.78899026 -3.17994690e+00
6520.84426647 5.96024323e+00
6520.89954268 -8.78164673e+00
6520.95481889 1.09384041e+01
6521.01009509 8.38355637e+00
6521.06537130 -1.65548840e+01
6521.12064751 1.55470562e+01
6521.17592372 1.72916451e+01
6521.23119993 2.47129307e+01
6521.28647614 2.19173813e+00
6521.34175235 -1.35339622e+01
6521.39702856 -1.94919586e-01
6521.45230477 3.24745369e+01
6521.50758097 -1.33887024e+01
6521.56285718 4.57439613e+00
6521.61813339 1.56766129e+00
6521.67340960 -2.52038746e+01
6521.72868581 2.48627090e+01
6521.78396202 1.61922569e+01
6521.83923823 3.82757454e+01
6521.89451444 4.28505707e+00
6521.94979064 -1.58873310e+01
6522.00506685 1.02943687e+01
6522.06034306 -4.51075554e+00
6522.11561927 -2.01845551e+01
6522.17089548 4.72610474e+00
6522.22617169 -1.04635468e+01
6522.28144790 -1.24052200e+01
6522.33672411 -8.30101395e+00
6522.39200032 1.89402771e+00
6522.44727652 2.99902458e+01
6522.50255273 9.81673241e+00
6522.55782894 9.82125854e+00
6522.61310515 -1.75191441e+01
6522.66838136 6.57994652e+00
6522.72365757 9.69353485e+00
6522.77893378 1.62159595e+01
6522.83420999 4.15840912e+00
6522.88948619 -4.29076385e+00
6522.94476240 -1.47219124e+01
6523.00003861 -8.26895523e+00
6523.05531482 -3.46520424e+00
6523.11059103 4.51079178e+00
6523.16586724 5.24539948e+00
6523.22114345 8.15015411e+00
6523.27641966 -1.59249573e+01
6523.33169586 7.49019623e+00
6523.38697207 2.21074677e+01
6523.44224828 -1.04564800e+01
6523.49752449 9.22935104e+00
6523.55280070 -9.43565369e+00
6523.60807691 5.00850296e+00
6523.66335312 5.51897812e+00
6523.71862933 -1.34574165e+01
6523.77390554 2.18946190e+01
6523.82918174 1.00582237e+01
6523.88445795 1.09556732e+01
6523.93973416 -9.74365997e+00
6523.99501037 -3.87706375e+00
6524.05028658 -1.81276474e+01
6524.10556279 -3.15811653e+01
6524.16083900 -9.47681808e+00
6524.21611521 -1.64369164e+01
6524.27139141 -1.87088718e+01
6524.32666762 -1.40619202e+01
6524.38194383 1.99120693e+01
6524.43722004 -1.33945217e+01
6524.49249625 1.69390831e+01
6524.54777246 -8.71439171e+00
6524.60304867 -5.48296738e+00
6524.65832488 5.12306213e-01
6524.71360109 6.10027313e+00
6524.76887729 7.16794205e+00
6524.82415350 -1.37481346e+01
6524.87942971 2.00231552e+00
6524.93470592 -2.63519592e+01
6524.98998213 1.60118027e+01
6525.04525834 1.23665352e+01
6525.10053455 -8.60092163e-01
6525.15581076 1.61943703e+01
6525.21108696 5.75672150e+00
6525.26636317 -1.86376572e+01
6525.32163938 -2.53408337e+01
6525.37691559 7.34080505e+00
6525.43219180 1.72649727e+01
6525.48746801 2.29193077e+01
6525.54274422 1.35270729e+01
6525.59802043 -1.22429657e+01
6525.65329663 3.99612465e+01
6525.70857284 8.53013992e+00
6525.76384905 -6.65913963e+00
6525.81912526 1.29600906e+00
6525.87440147 1.35364017e+01
6525.92967768 -9.23969269e-01
6525.98495389 -1.10840836e+01
6526.04023010 -1.20877724e+01
6526.09550631 1.20257187e+00
6526.15078251 -9.12044144e+00
6526.20605872 -1.68165188e+01
6526.26133493 -4.51113129e+00
6526.31661114 -7.29117775e+00
6526.37188735 -1.59182510e+01
6526.42716356 1.18070984e+01
6526.48243977 -1.26938553e+01
6526.53771598 8.83578491e+00
6526.59299218 2.96637459e+01
6526.64826839 2.23022079e+00
6526.70354460 5.76229095e+00
6526.75882081 -1.70304909e+01
6526.81409702 1.23154049e+01
6526.86937323 2.62318382e+01
6526.92464944 1.75664158e+01
6526.97992565 1.67079926e+01
6527.03520186 3.62520142e+01
6527.09047806 3.17409096e+01
6527.14575427 1.29914322e+01
6527.20103048 -4.43630600e+00
6527.25630669 2.35379734e+01
6527.31158290 2.26674271e+01
6527.36685911 5.95476913e+00
6527.42213532 2.29998169e+01
6527.47741153 2.36737480e+01
6527.53268773 1.71643257e+01
6527.58796394 2.60747528e+01
6527.64324015 4.88118935e+01
6527.69851636 2.14535027e+01
6527.75379257 6.56829529e+01
6527.80906878 4.57557068e+01
6527.86434499 4.51666412e+01
6527.91962120 5.39549713e+01
6527.97489740 5.67933350e+01
6528.03017361 9.58494797e+01
6528.08544982 7.28154755e+01
6528.14072603 9.63379364e+01
6528.19600224 9.98451767e+01
6528.25127845 1.46800781e+02
6528.30655466 1.47279144e+02
6528.36183087 1.66793549e+02
6528.41710708 2.07499863e+02
6528.47238328 1.84926575e+02
6528.52765949 1.84697601e+02
6528.58293570 2.48194275e+02
6528.63821191 2.94529816e+02
6528.69348812 2.73893829e+02
6528.74876433 2.52473236e+02
6528.80404054 2.75454041e+02
6528.85931675 2.81573242e+02
6528.91459295 3.01250946e+02
6528.96986916 2.53085480e+02
6529.02514537 2.92109863e+02
6529.08042158 2.56063599e+02
6529.13569779 2.35814468e+02
6529.19097400 2.76750916e+02
6529.24625021 2.12905792e+02
6529.30152642 1.97092407e+02
6529.35680263 1.58513397e+02
6529.41207883 1.40477051e+02
6529.46735504 1.20914886e+02
6529.52263125 1.34157288e+02
6529.57790746 1.05959488e+02
6529.63318367 8.46227188e+01
6529.68845988 9.08573761e+01
6529.74373609 8.19222717e+01
6529.79901230 7.05249329e+01
6529.85428850 5.99221878e+01
6529.90956471 4.40251083e+01
6529.96484092 2.59173203e+01
6530.02011713 2.42119064e+01
6530.07539334 7.91942978e+00
6530.13066955 1.01465645e+01
6530.18594576 2.59426804e+01
6530.24122197 1.06034546e+01
6530.29649818 2.61063976e+01
6530.35177438 2.49640045e+01
6530.40705059 -4.43317413e+00
6530.46232680 2.11584930e+01
6530.51760301 4.14578514e+01
6530.57287922 7.76341629e+00
6530.62815543 -1.60997009e+01
6530.68343164 -9.28699493e-01
6530.73870785 -1.06008453e+01
6530.79398405 -4.17078400e+00
6530.84926026 7.51656723e+00
6530.90453647 -1.12131157e+01
6530.95981268 1.88969173e+01
6531.01508889 2.86558151e+00
6531.07036510 -2.36194420e+00
6531.12564131 -8.92772484e+00
6531.18091752 2.95499687e+01
6531.23619372 -6.45523071e+00
6531.29146993 -1.83492203e+01
6531.34674614 2.13981533e+01
6531.40202235 9.08031464e+00
6531.45729856 8.20049286e-01
6531.51257477 -8.30959320e-01
6531.56785098 5.11045074e+00
6531.62312719 2.16203423e+01
6531.67840340 1.51176510e+01
6531.73367960 -1.83334351e-01
6531.78895581 3.47924538e+01
6531.84423202 -1.16492195e+01
6531.89950823 3.93642426e-01
6531.95478444 8.24801636e+00
6532.01006065 2.52973633e+01
6532.06533686 1.11868362e+01
6532.12061307 2.29449043e+01
6532.17588927 3.11148872e+01
6532.23116548 7.76097488e+00
6532.28644169 -1.94130707e+00
6532.34171790 8.70189285e+00
6532.39699411 5.91231155e+00
6532.45227032 1.56024437e+01
6532.50754653 2.16499329e+01
6532.56282274 -2.29131851e+01
6532.61809895 -6.83633804e+00
6532.67337515 6.34623337e+00
6532.72865136 -1.00406075e+00
6532.78392757 2.08112450e+01
6532.83920378 -1.91609211e+01
6532.89447999 2.64294147e+01
6532.94975620 -2.08486214e+01
6533.00503241 2.86181870e+01
6533.06030862 4.01706314e+00
6533.11558482 9.72695923e+00
6533.17086103 6.83993912e+00
6533.22613724 -1.40466309e+01
6533.28141345 4.95499611e+00
6533.33668966 -1.80876160e+00
6533.39196587 9.34626389e+00
6533.44724208 6.53507233e-01
6533.50251829 -2.24839325e+01
6533.55779449 2.45317459e-01
6533.61307070 -1.09080505e+00
6533.66834691 -3.77442932e+00
6533.72362312 -1.12572441e+01
6533.77889933 2.54229412e+01
6533.83417554 2.93675423e+01
6533.88945175 -1.43873119e+01
6533.94472796 -2.55754662e+00
6534.00000417 -6.60850143e+00
6534.05528037 4.49143982e+00
6534.11055658 -4.48930359e+00
6534.16583279 -6.87291336e+00
6534.22110900 -1.15342484e+01
6534.27638521 -1.32388191e+01
6534.33166142 2.34709167e+00
6534.38693763 -2.77690125e+01
6534.44221384 -1.76048698e+01
6534.49749004 -6.18965149e+00
6534.55276625 3.55250168e+00
6534.60804246 1.28670082e+01
6534.66331867 1.93247566e+01
6534.71859488 -2.50305176e-01
6534.77387109 -2.30350876e+00
6534.82914730 8.84395981e+00
6534.88442351 -3.04891968e+00
6534.93969972 -1.14074383e+01
6534.99497592 1.22548599e+01
6535.05025213 3.16979065e+01
6535.10552834 2.27117252e+01
6535.16080455 -1.97012386e+01
6535.21608076 -1.57953033e+01
6535.27135697 -1.17581882e+01
6535.32663318 6.06928253e+00
6535.38190939 3.65338058e+01
6535.43718559 2.23291016e+01
6535.49246180 -3.54485321e+01
6535.54773801 -2.15421886e+01
6535.60301422 -8.67748260e+00
6535.65829043 1.88515091e+00
6535.71356664 7.37439919e+00
6535.76884285 -6.58131790e+00
6535.82411906 -1.67747688e+00
6535.87939526 5.58283615e+00
6535.93467147 -3.69954910e+01
6535.98994768 1.36428757e+01
6536.04522389 -1.70886078e+01
6536.10050010 -1.93654041e+01
6536.15577631 1.48300209e+01
6536.21105252 4.50055313e+00
6536.26632873 8.41632843e+00
6536.32160494 1.96347427e+00
6536.37688114 -1.01749878e+01
6536.43215735 -2.69481182e+01
6536.48743356 -9.63498688e+00
6536.54270977 5.42340469e+00
6536.59798598 -7.60196304e+00
6536.65326219 3.30968513e+01
6536.70853840 1.22267723e+01
6536.76381461 -1.22986526e+01
6536.81909081 -1.15625668e+01
6536.87436702 1.23462601e+01
6536.92964323 -4.40172958e+00
6536.98491944 9.26338196e+00
6537.04019565 5.57352257e+00
6537.09547186 -6.10054779e+00
6537.15074807 2.47029972e+01
6537.20602428 -2.09557381e+01
6537.26130049 4.55800438e+00
6537.31657669 5.47488022e+00
6537.37185290 -1.22000599e+01
6537.42712911 2.59053116e+01
6537.48240532 1.03836060e-02
6537.53768153 -3.48359604e+01
6537.59295774 6.24901581e+00
6537.64823395 1.33768806e+01
6537.70351016 1.41331100e+00
6537.75878636 1.93265572e+01
6537.81406257 -3.25848770e+01
6537.86933878 -1.30911789e+01
6537.92461499 5.73299599e+00
6537.97989120 -4.02654648e+00
6538.03516741 2.42613792e+01
6538.09044362 1.89791203e+01
6538.14571983 -7.81509781e+00
6538.20099604 1.30776062e+01
6538.25627224 2.92892456e-02
6538.31154845 -6.08853912e+00
6538.36682466 -2.27599926e+01
6538.42210087 6.36669540e+00
6538.47737708 8.29330444e-01
6538.53265329 1.11247787e+01
6538.58792950 3.16510773e+00
6538.64320571 -1.12555943e+01
6538.69848191 2.43021584e+01
6538.75375812 -2.85883331e+00
6538.80903433 -5.19835281e+00
6538.86431054 -1.07483292e+00
6538.91958675 7.92667007e+00
6538.97486296 5.34867477e+00
6539.03013917 -1.20721607e+01
6539.08541538 -3.36609650e+00
6539.14069158 1.27598228e+01
6539.19596779 -1.82767677e+00
6539.25124400 -1.14412041e+01
6539.30652021 -1.35928993e+01
6539.36179642 -2.02430458e+01
6539.41707263 4.61800766e+00
6539.47234884 1.05637360e+01
6539.52762505 3.09711056e+01
6539.58290126 3.19849014e+00
6539.63817746 -2.77534103e+00
6539.69345367 -8.00075340e+00
6539.74872988 -1.14345932e+00
6539.80400609 -5.69851685e+00
6539.85928230 9.20607376e+00
6539.91455851 5.10561371e+00
6539.96983472 1.92580338e+01
6540.02511093 1.10295868e+00
6540.08038713 -3.57078590e+01
6540.13566334 -4.48806763e+00
6540.19093955 4.73998260e+00
6540.24621576 -2.20288849e+00
6540.30149197 1.92227707e+01
6540.35676818 9.24237823e+00
6540.41204439 2.80669785e+00
6540.46732060 -9.05018425e+00
6540.52259681 -2.44285164e+01
6540.57787301 -2.43177299e+01
6540.63314922 -7.32058525e+00
6540.68842543 2.67241478e+00
