N2500A	1.007074891037089	0.016040975791751483	19.502365267476023	0.31063923043033803	0.9505112994087435	0.020866206465037396	18.406994201183334	0.4040816154858479	0.11499852062485916	0.01945676250321731	2.22367652176041	0.3762269786844541	9.1	2.4	16.935982810354606	0.3611064459634681	15.662142198593665	0.477893135043634
N2500A	1.0250073426969089	0.02223436018686794	19.849718013292957	0.4305781642052302	0.9371858442472188	0.026056217982443553	18.149025387560773	0.5045903804138567	0.12150276223081541	0.017169572523650027	2.3494462209916156	0.33200057793830384	9.1	2.4	17.31823916170218	0.49556856732955507	15.339401063046552	0.599174801236977
N2500A	0.8966073482633896	0.025611051059667402	17.363171025023732	0.49596856476909823	0.7754160452261759	0.028327170413708268	15.016251923616668	0.5485673527575654	0.10945499359975991	0.018262604937490587	2.116483743744857	0.3531360717079077	9.1	2.4	14.437112059088806	0.5987319453657546	11.508184843666053	0.7187287505934453
N2500B	1.7842544419487858	0.0421450623799178	34.544252058780856	0.8159540610669874	1.714150960570461	0.061557126978063106	33.1869678478042	1.1917820780173967	0.12185920818437398	0.01679896438350239	2.3563386618151836	0.3248342890543976	9.1	2.4	33.15392915494965	0.8504848215487667	31.73724157897193	1.246454865067858
N2500B	1.5319092269513992	0.05360146520381197	29.658168675589135	1.0377385737384894	1.4163484502939576	0.054729434792233994	27.420935337746585	1.059578447802019	0.11149761745339148	0.01989291020040257	2.1559810753751076	0.38466057756016936	9.1	2.4	28.042623179587196	1.0979214310701821	25.664945750955795	1.1325356319132511
N2500B	1.3356339432480604	0.05067187172676376	25.857932776519085	0.9810096990981502	1.209342538149667	0.05131106985523089	23.412922631331707	0.9933844802064679	0.11075099996324729	0.017614190117766312	2.1415440567547965	0.34059795553782285	9.1	2.4	23.98909078160234	1.0578711660556324	21.330933762817384	1.0908790506445394
M106B	1.1923287584402458	0.009796060932731693	23.085594657522734	0.1896690743493221	1.1546349695989124	0.01178666438049446	22.355776665942756	0.22821068429816319	0.12164530349986348	0.01782362965562428	2.3522024796951353	0.3446477970534574	9.1	2.4	20.948551839827932	0.21257020437892	20.141447163300523	0.256477811993353
M106B	1.188348761300069	0.00969805539639584	23.008532893091726	0.18777149760553755	1.151021133051335	0.012094469971192956	22.285803897965742	0.2341703191090068	0.12194231159241567	0.017359379372654398	2.3579455963769194	0.3356707906637109	9.1	2.4	20.8629498982529	0.2105286984917691	20.063079223865707	0.2630879180869744
M106B	1.2453875632911269	0.010001872633034849	24.11294395979543	0.19365424981123158	1.2139301764546058	0.012236063994375001	23.503871656358594	0.23691220737483243	0.12199742933050811	0.017411027986710396	2.35901138417543	0.3366694975151881	9.1	2.4	22.07485292584224	0.21457141646481473	21.40787350784537	0.26274012375227374
M106C	0.9067492629588896	0.023266564805966637	17.560326108904547	0.45058593606517156	0.8695406041580988	0.031773569228441406	16.839730952239886	0.6153345279572913	0.11601945647642106	0.01774049074045502	2.2434179155714444	0.3430401759057941	9.1	2.4	14.654764723705657	0.5424702306343185	13.783091619804285	0.7538661876109044
M106C	0.9286390308570449	0.022106620183109393	17.984219775962014	0.4281214795697717	0.9015563344509167	0.026655941765202563	17.4597302226982	0.5162245932594337	0.11482999852766115	0.017844382809939625	2.220417883050096	0.3450490917984049	9.1	2.4	15.163505708599661	0.5102682800907723	14.537603787214463	0.6222240403548107
M106C	0.8998269965924821	0.02620612834493446	17.426279657394804	0.5075145811425682	0.8640034482843563	0.029553935579855042	16.73250791503865	0.5723489437367568	0.1166169801034981	0.01734853816683864	2.254971970819361	0.33546115896837186	9.1	2.4	14.492077977590068	0.6124989649763751	13.64997884751658	0.7037858711844917
M106A	1.1834643286270594	0.005198890828261769	22.93142183463732	0.10073641914784433	1.0880959466311335	0.006420888468411143	21.08350790007438	0.12441444448752749	0.11917742461984954	0.01670693251697272	2.3044821760406453	0.3230547087628962	9.1	2.4	20.78387522235428	0.11677468273264219	18.72521474570612	0.14561614343697232
M106A	1.1956536390647905	0.004538331593903172	23.167555250995438	0.08793687779960199	1.0927653519050582	0.0058628073613515835	21.173932354184597	0.1136004964455163	0.11335591789358859	0.020578027946659624	2.191914225095558	0.3979084023036112	9.1	2.4	21.056142294773515	0.10524849049691909	18.840406666773653	0.13580455771800065
M106A	1.2007995162824696	0.005249648161364112	23.267227577168946	0.1017195267105626	1.080930116262006	0.0065689088811788235	20.944576027428642	0.12728205959778477	0.1164714999187918	0.01759503846126224	2.2521588835782818	0.34022762826152814	9.1	2.4	21.159434290426823	0.1175683567285796	18.575065150137643	0.14932945195626268
N5204A	0.7744295514744841	0.012853859199339589	15.01521625415786	0.24922018434228022	0.7269544256607583	0.015076762061721986	14.094733557170024	0.2923194861516501	0.11767305542808554	0.017911755740455764	2.2753928413813074	0.34635185293808657	9.1	2.4	11.476467512981385	0.33321928642441223	10.242758489049983	0.40954387713986024
N5204A	0.7808230166657111	0.011892355009413068	15.139281204699605	0.23057940510314465	0.768822742917958	0.01623622790654636	14.906609809981198	0.31480223031675	0.11820495923892113	0.016155179372521387	2.2856780346999974	0.3123856974881661	9.1	2.4	11.636301444903388	0.30620388864098413	11.331932401347869	0.41887330218136076
N5204A	0.8161382607686258	0.013266562247029226	15.824010822404343	0.25722384878192384	0.8224767645386771	0.0171594145801408	15.946907522309123	0.33270191845474345	0.11221851955677258	0.01832076949553433	2.169920846713607	0.35426077454249766	9.1	2.4	12.53478208931322	0.330461816860774	12.689574580894233	0.42247017821480304
N5204A	0.7721966101558257	0.020837820781848312	14.9720715574587	0.4040231979060044	0.7471300590207979	0.024727942768773676	14.486059878250092	0.4794485983924592	0.11216695824078256	0.020132343653860383	2.168923827906973	0.38929039841425656	9.1	2.4	11.440659777757624	0.5338597211378248	10.796837510353875	0.6480097574454067
