# Rest-frame spectrum generated from: N1073D0002o_1d.fits
# lambda_Ha_obs = 6588.46300000 Angstrom
# lambda_Ha_rest = 6562.80000000 Angstrom
# z_Ha = 3.9103736210e-03
# v_Ha_relativistic = 1170.008470 km/s
# v_Ha_classical = 1172.300520 km/s
# columns: wavelength_rest[Angstrom] flux_or_counts

6544.19636824 -5.19188309e+00
6544.25187928 -5.19240952e+00
6544.30739032 -5.19176483e+00
6544.36290136 -5.19198227e+00
6544.41841240 -5.19203186e+00
6544.47392344 -5.19213867e+00
6544.52943448 -5.19700623e+00
6544.58494552 -5.19674683e+00
6544.64045655 -5.19191360e+00
6544.69596759 -5.18622208e+00
6544.75147863 -5.19159508e+00
6544.80698967 -5.19168854e+00
6544.86250071 -5.19135666e+00
6544.91801175 -5.19184875e+00
6544.97352279 -5.19286537e+00
6545.02903383 -5.19178391e+00
6545.08454487 -5.19165802e+00
6545.14005590 -5.19238281e+00
6545.19556694 -5.19190979e+00
6545.25107798 -5.19261551e+00
6545.30658902 -7.05019760e+00
6545.36210006 -5.19222260e+00
6545.41761110 -3.86949539e+00
6545.47312214 4.46784401e+00
6545.52863318 -9.55578327e+00
6545.58414421 1.13175764e+01
6545.63965525 1.29659920e+01
6545.69516629 -2.67816963e+01
6545.75067733 -1.39510422e+01
6545.80618837 1.55216732e+01
6545.86169941 1.71284294e+00
6545.91721045 2.72707844e+00
6545.97272149 1.38706532e+01
6546.02823252 1.65702820e-01
6546.08374356 1.21782370e+01
6546.13925460 -5.55857849e+00
6546.19476564 1.29500408e+01
6546.25027668 -1.68529358e+01
6546.30578772 -2.67412758e+00
6546.36129876 -2.18069267e+00
6546.41680980 -4.31774902e+00
6546.47232083 2.75577469e+01
6546.52783187 1.49188871e+01
6546.58334291 6.70114136e+00
6546.63885395 2.01588249e+00
6546.69436499 1.76896286e+00
6546.74987603 -2.10783348e+01
6546.80538707 -1.82070541e+00
6546.86089811 1.05554647e+01
6546.91640915 -6.55600071e+00
6546.97192018 1.04689980e+00
6547.02743122 8.55346107e+00
6547.08294226 2.18753281e+01
6547.13845330 1.18677197e+01
6547.19396434 1.48894329e+01
6547.24947538 6.02794266e+00
6547.30498642 1.31259155e+01
6547.36049746 1.93516808e+01
6547.41600849 3.13623199e+01
6547.47151953 1.66805458e+01
6547.52703057 1.43734856e+01
6547.58254161 1.61635094e+01
6547.63805265 1.43555441e+01
6547.69356369 2.34899921e+01
6547.74907473 2.22219696e+01
6547.80458577 3.09011116e+01
6547.86009680 5.06524086e+01
6547.91560784 1.17835732e+01
6547.97111888 -2.76774406e+00
6548.02662992 5.66212883e+01
6548.08214096 3.58592987e+01
6548.13765200 4.25706863e+00
6548.19316304 3.11379814e+00
6548.24867408 -2.40325928e-02
6548.30418512 1.09291792e+01
6548.35969615 9.02850819e+00
6548.41520719 3.26271896e+01
6548.47071823 1.74613514e+01
6548.52622927 7.08398819e+00
6548.58174031 1.57745152e+01
6548.63725135 2.38076591e+00
6548.69276239 -1.75541267e+01
6548.74827343 9.63927841e+00
6548.80378446 -1.03861179e+01
6548.85929550 -1.47898388e+01
6548.91480654 2.66868343e+01
6548.97031758 -2.04293537e+00
6549.02582862 -1.97961102e+01
6549.08133966 7.26051235e+00
6549.13685070 3.88874626e+01
6549.19236174 1.19831085e+00
6549.24787277 8.23501205e+00
6549.30338381 3.32261162e+01
6549.35889485 2.70111084e+00
6549.41440589 7.68747330e+00
6549.46991693 1.00515556e+00
6549.52542797 9.07638264e+00
6549.58093901 3.34113693e+00
6549.63645005 -2.37894440e+00
6549.69196108 -8.06135178e-01
6549.74747212 2.69852257e+00
6549.80298316 8.54791451e+00
6549.85849420 -5.78206825e+00
6549.91400524 -1.75021935e+01
6549.96951628 1.06389599e+01
6550.02502732 2.51668530e+01
6550.08053836 7.36626053e+00
6550.13604940 1.34923058e+01
6550.19156043 -1.86226273e+00
6550.24707147 7.62649536e+00
6550.30258251 1.38730068e+01
6550.35809355 -5.13634720e+01
6550.41360459 -1.79903984e+01
6550.46911563 4.27982330e-01
6550.52462667 -1.61092949e+01
6550.58013771 -3.91127491e+00
6550.63564874 2.02175789e+01
6550.69115978 2.75559425e+00
6550.74667082 2.04281044e+00
6550.80218186 6.80652046e+00
6550.85769290 3.32501755e+01
6550.91320394 6.33591843e+00
6550.96871498 -1.19312267e+01
6551.02422602 -1.43353310e+01
6551.07973705 -7.07585144e+00
6551.13524809 1.74266644e+01
6551.19075913 3.69521561e+01
6551.24627017 2.29658356e+01
6551.30178121 -1.12334747e+01
6551.35729225 -4.31866455e+00
6551.41280329 -1.22903900e+01
6551.46831433 -1.88887978e+01
6551.52382536 4.57173538e+00
6551.57933640 1.14791222e+01
6551.63484744 -2.37803097e+01
6551.69035848 -1.81971760e+01
6551.74586952 -3.36902885e+01
6551.80138056 -1.89395466e+01
6551.85689160 1.51294231e+01
6551.91240264 1.09712849e+01
6551.96791368 -5.07766724e+00
6552.02342471 -1.18657608e+01
6552.07893575 1.47639503e+01
6552.13444679 5.65709496e+01
6552.18995783 3.44409142e+01
6552.24546887 2.66750088e+01
6552.30097991 -4.03265953e+00
6552.35649095 -1.67450104e+01
6552.41200199 -2.15236607e+01
6552.46751302 -1.18627148e+01
6552.52302406 3.43492279e+01
6552.57853510 2.57648277e+01
6552.63404614 -9.92700005e+00
6552.68955718 -5.77584076e+00
6552.74506822 -7.46416283e+00
6552.80057926 3.22789001e+01
6552.85609030 -2.96870041e+01
6552.91160133 -1.14060593e+00
6552.96711237 1.16287994e+01
6553.02262341 1.16301441e+01
6553.07813445 -2.29107723e+01
6553.13364549 -4.02061462e+01
6553.18915653 -7.42034340e+00
6553.24466757 -1.44933424e+01
6553.30017861 9.18653107e+00
6553.35568964 -9.22260284e-01
6553.41120068 1.84591293e+01
6553.46671172 -1.80000877e+01
6553.52222276 -8.56941223e+00
6553.57773380 -1.17311411e+01
6553.63324484 1.39372864e+01
6553.68875588 5.30003929e+00
6553.74426692 3.35393219e+01
6553.79977796 4.72644234e+00
6553.85528899 -1.69151115e+00
6553.91080003 -1.32963696e+01
6553.96631107 1.86798573e+00
6554.02182211 1.48139610e+01
6554.07733315 7.28938103e+00
6554.13284419 1.63150673e+01
6554.18835523 -2.99334488e+01
6554.24386627 -7.52671814e+00
6554.29937730 3.18540611e+01
6554.35488834 6.78250313e+00
6554.41039938 1.00929184e+01
6554.46591042 -7.67934036e+00
6554.52142146 1.89387360e+01
6554.57693250 8.19344902e+00
6554.63244354 -1.11295624e+01
6554.68795458 -5.38748741e+00
6554.74346561 6.22908020e+00
6554.79897665 -5.73889923e+00
6554.85448769 2.93573780e+01
6554.90999873 1.57354736e+01
6554.96550977 1.30953217e+00
6555.02102081 -1.20085859e+01
6555.07653185 -6.43157005e+00
6555.13204289 9.50541687e+00
6555.18755392 2.70312157e+01
6555.24306496 -8.49465179e+00
6555.29857600 3.92505455e+00
6555.35408704 2.50925732e+01
6555.40959808 -1.07231083e+01
6555.46510912 -1.36612186e+01
6555.52062016 5.29405594e-01
6555.57613120 2.07344532e+01
6555.63164224 8.57064247e+00
6555.68715327 1.01312981e+01
6555.74266431 1.51642227e+01
6555.79817535 -6.43323898e+00
6555.85368639 -1.93426819e+01
6555.90919743 -2.30154991e+00
6555.96470847 7.67974854e+00
6556.02021951 -1.89641953e+00
6556.07573055 1.39234753e+01
6556.13124158 8.40251541e+00
6556.18675262 1.35152092e+01
6556.24226366 2.22682209e+01
6556.29777470 -2.10041809e+01
6556.35328574 1.54728336e+01
6556.40879678 7.51126289e+00
6556.46430782 -8.82954597e+00
6556.51981886 9.59548950e+00
6556.57532989 1.64454498e+01
6556.63084093 -1.11423626e+01
6556.68635197 -7.02963591e+00
6556.74186301 6.77060699e+00
6556.79737405 6.25892830e+00
6556.85288509 -2.80174637e+00
6556.90839613 -6.26463318e+00
6556.96390717 1.38039322e+01
6557.01941820 -1.28251247e+01
6557.07492924 -1.64153996e+01
6557.13044028 -1.66214294e+01
6557.18595132 1.27931652e+01
6557.24146236 -8.85808945e-01
6557.29697340 -1.39559956e+01
6557.35248444 9.17389679e+00
6557.40799548 -5.28870010e+00
6557.46350652 -3.92728233e+00
6557.51901755 -1.35091095e+01
6557.57452859 1.32264309e+01
6557.63003963 6.88127518e+00
6557.68555067 -5.30544472e+00
6557.74106171 3.26979256e+00
6557.79657275 1.59592047e+01
6557.85208379 -1.07231464e+01
6557.90759483 4.44389534e+00
6557.96310586 -5.56424713e+00
6558.01861690 1.22684822e+01
6558.07412794 -1.20320168e+01
6558.12963898 1.87741661e+01
6558.18515002 2.06129875e+01
6558.24066106 1.21706276e+01
6558.29617210 -5.63811874e+00
6558.35168314 4.86829376e+00
6558.40719417 -4.78668594e+00
6558.46270521 5.77219009e-01
6558.51821625 -2.45611076e+01
6558.57372729 2.11794338e+01
6558.62923833 1.82789669e+01
6558.68474937 2.86464939e+01
6558.74026041 2.26413536e+01
6558.79577145 -3.41437874e+01
6558.85128248 -1.08150330e+01
6558.90679352 -5.02081490e+01
6558.96230456 1.45565567e+01
6559.01781560 3.46680946e+01
6559.07332664 9.56796551e+00
6559.12883768 -1.56632538e+01
6559.18434872 6.27500343e+00
6559.23985976 1.65119858e+01
6559.29537080 2.82408333e+00
6559.35088183 -1.86534309e+00
6559.40639287 -5.64998055e+00
6559.46190391 -2.03857956e+01
6559.51741495 1.25134277e+00
6559.57292599 2.01828003e+01
6559.62843703 -3.43048096e+00
6559.68394807 9.10829544e-01
6559.73945911 -2.07415714e+01
6559.79497014 8.64367676e+00
6559.85048118 7.67043114e+00
6559.90599222 -1.69442520e+01
6559.96150326 6.66639709e+00
6560.01701430 3.62426758e-01
6560.07252534 -3.34252167e+00
6560.12803638 2.50082455e+01
6560.18354742 7.19090366e+00
6560.23905845 7.82019997e+00
6560.29456949 4.13542938e+00
6560.35008053 4.43390846e+00
6560.40559157 -3.45346756e+01
6560.46110261 4.51240349e+00
6560.51661365 -2.33268185e+01
6560.57212469 -3.70980835e+00
6560.62763573 6.44525146e+00
6560.68314676 1.41850853e+01
6560.73865780 2.21841640e+01
6560.79416884 2.75056534e+01
6560.84967988 2.11613712e+01
6560.90519092 2.22723656e+01
6560.96070196 6.32725716e+00
6561.01621300 -7.66548538e+00
6561.07172404 9.83324623e+00
6561.12723508 -8.19070053e+00
6561.18274611 -1.26762390e-02
6561.23825715 2.40230408e+01
6561.29376819 2.34973259e+01
6561.34927923 4.23727570e+01
6561.40479027 1.28763123e+01
6561.46030131 1.90180187e+01
6561.51581235 2.36607361e+01
6561.57132339 3.39409599e+01
6561.62683442 -1.38171673e+01
6561.68234546 1.14857349e+01
6561.73785650 2.58593407e+01
6561.79336754 2.77632256e+01
6561.84887858 2.17955704e+01
6561.90438962 5.27659454e+01
6561.95990066 5.85562744e+01
6562.01541170 7.80971680e+01
6562.07092273 7.96155396e+01
6562.12643377 8.96793976e+01
6562.18194481 9.20347443e+01
6562.23745585 1.14302696e+02
6562.29296689 1.13965149e+02
6562.34847793 1.43734528e+02
6562.40398897 2.07013565e+02
6562.45950001 1.73238968e+02
6562.51501105 2.34898987e+02
6562.57052208 2.87549164e+02
6562.62603312 2.59512817e+02
6562.68154416 2.86207092e+02
6562.73705520 3.52291229e+02
6562.79256624 2.63372986e+02
6562.84807728 3.07204651e+02
6562.90358832 3.16727203e+02
6562.95909936 3.44923676e+02
6563.01461039 2.92592346e+02
6563.07012143 2.48105347e+02
6563.12563247 2.52578293e+02
6563.18114351 1.78118729e+02
6563.23665455 1.58262634e+02
6563.29216559 1.32569122e+02
6563.34767663 1.04356712e+02
6563.40318767 7.80963821e+01
6563.45869870 7.04636230e+01
6563.51420974 2.72994499e+01
6563.56972078 3.08349991e+01
6563.62523182 2.97450676e+01
6563.68074286 1.68756046e+01
6563.73625390 2.47935524e+01
6563.79176494 9.51523399e+00
6563.84727598 1.24971390e-01
6563.90278701 2.08699265e+01
6563.95829805 4.27094498e+01
6564.01380909 8.78118515e-01
6564.06932013 8.37858200e-01
6564.12483117 -3.94543457e+00
6564.18034221 -1.40646963e+01
6564.23585325 3.83798370e+01
6564.29136429 3.07930756e+00
6564.34687533 -2.00031395e+01
6564.40238636 -6.35598946e+00
6564.45789740 1.78587837e+01
6564.51340844 1.99278717e+01
6564.56891948 -1.19198437e+01
6564.62443052 -2.25481796e+01
6564.67994156 1.55999832e+01
6564.73545260 -1.13164444e+01
6564.79096364 2.40591202e+01
6564.84647467 4.00935364e+00
6564.90198571 3.03373051e+01
6564.95749675 1.85196609e+01
6565.01300779 4.59478073e+01
6565.06851883 3.95059052e+01
6565.12402987 8.48710442e+00
6565.17954091 2.32248363e+01
6565.23505195 1.40906334e+01
6565.29056298 -3.93121872e+01
6565.34607402 -2.68336182e+01
6565.40158506 3.92397537e+01
6565.45709610 2.18234901e+01
6565.51260714 -8.23675537e+00
6565.56811818 4.74925308e+01
6565.62362922 9.94469070e+00
6565.67914026 2.79187431e+01
6565.73465129 1.69859314e+01
6565.79016233 5.97279739e+00
6565.84567337 3.22219887e+01
6565.90118441 -1.97359772e+01
6565.95669545 1.40714378e+01
6566.01220649 6.22017670e+00
6566.06771753 -1.59309664e+01
6566.12322857 -2.86160908e+01
6566.17873961 2.26176109e+01
6566.23425064 2.03333225e+01
6566.28976168 -2.66516876e+00
6566.34527272 1.21150017e+00
6566.40078376 -1.24666290e+01
6566.45629480 -1.52095566e+01
6566.51180584 -1.15237274e+01
6566.56731688 8.64029121e+00
6566.62282792 1.68403320e+01
6566.67833895 1.98588390e+01
6566.73384999 2.50758953e+01
6566.78936103 2.34523964e+00
6566.84487207 1.12357521e+01
6566.90038311 -7.78061867e+00
6566.95589415 -1.91543579e+01
6567.01140519 3.44013214e-01
6567.06691623 1.07957697e+01
6567.12242726 7.27680588e+00
6567.17793830 -6.31421375e+00
6567.23344934 1.59627247e+01
6567.28896038 -3.10312366e+00
6567.34447142 4.40286446e+01
6567.39998246 1.64527702e+00
6567.45549350 4.88614273e+00
6567.51100454 2.37347622e+01
6567.56651557 -1.08199072e+01
6567.62202661 1.52076569e+01
6567.67753765 -5.22359085e+00
6567.73304869 3.76767540e+00
6567.78855973 -2.57147141e+01
6567.84407077 -1.63553391e+01
6567.89958181 1.00168571e+01
6567.95509285 -1.41072216e+01
6568.01060389 1.02714272e+01
6568.06611492 -8.04433823e-01
6568.12162596 -2.54415455e+01
6568.17713700 2.95060730e+01
6568.23264804 -2.41849594e+01
6568.28815908 -2.05556335e+01
6568.34367012 4.31954956e+01
6568.39918116 3.53338623e+00
6568.45469220 -3.86619759e+01
6568.51020323 -1.56721087e+01
6568.56571427 -7.29413986e+00
6568.62122531 5.12530136e+00
6568.67673635 -2.94326553e+01
6568.73224739 3.33148956e+01
6568.78775843 1.17655602e+01
6568.84326947 -1.04361229e+01
6568.89878051 1.55625362e+01
6568.95429154 1.75351334e+00
6569.00980258 -7.40446281e+00
6569.06531362 2.55701504e+01
6569.12082466 9.42656708e+00
6569.17633570 -1.21856890e+01
6569.23184674 1.28571434e+01
6569.28735778 1.16989861e+01
6569.34286882 -2.73057194e+01
6569.39837985 1.09185448e+01
6569.45389089 3.14126396e+00
6569.50940193 -3.90510368e+00
6569.56491297 -1.38165779e+01
6569.62042401 4.50263596e+00
6569.67593505 2.50388718e+00
6569.73144609 -2.18502846e+01
6569.78695713 1.47989273e-01
6569.84246817 7.45187569e+00
6569.89797920 -8.48258591e+00
6569.95349024 2.89749146e+00
6570.00900128 -2.24995441e+01
6570.06451232 9.91136932e+00
6570.12002336 4.12622452e+00
6570.17553440 -8.82443047e+00
6570.23104544 -1.18536482e+01
6570.28655648 7.14805603e-01
6570.34206751 -1.54954910e-01
6570.39757855 -5.02241516e+00
6570.45308959 4.20497894e-01
6570.50860063 -1.41724968e+00
6570.56411167 -1.70120983e+01
6570.61962271 2.13382149e+01
6570.67513375 2.39420433e+01
6570.73064479 1.75426750e+01
6570.78615582 -1.26188908e+01
6570.84166686 -1.89226246e+01
6570.89717790 9.21306610e-01
6570.95268894 1.99970093e+01
6571.00819998 1.16125641e+01
6571.06371102 1.59026775e+01
6571.11922206 8.95205307e+00
6571.17473310 8.77901077e-01
6571.23024413 -3.86015797e+00
6571.28575517 9.15912819e+00
6571.34126621 -2.43107510e+01
6571.39677725 2.66470718e+00
6571.45228829 3.89665833e+01
6571.50779933 -1.19688797e+00
6571.56331037 2.24921131e+01
6571.61882141 2.19683342e+01
6571.67433245 6.34969521e+00
6571.72984348 2.06384792e+01
6571.78535452 -3.56337547e+00
6571.84086556 2.72160931e+01
6571.89637660 7.03019905e+00
6571.95188764 6.17934227e+00
6572.00739868 1.70233707e+01
6572.06290972 1.10281067e+01
6572.11842076 -1.17928762e+01
6572.17393179 1.25961952e+01
6572.22944283 -1.51492472e+01
6572.28495387 2.61418705e+01
6572.34046491 1.53402729e+01
6572.39597595 -1.17860918e+01
6572.45148699 6.75011444e+00
6572.50699803 1.68451309e+00
6572.56250907 -1.44734898e+01
6572.61802010 -2.12572384e+01
6572.67353114 -2.83538055e+01
6572.72904218 4.18851433e+01
6572.78455322 -1.85219803e+01
6572.84006426 2.98238564e+00
6572.89557530 -1.39774895e+01
6572.95108634 2.78792763e+00
6573.00659738 -5.51748848e+00
6573.06210841 1.62344265e+01
6573.11761945 7.66742516e+00
6573.17313049 1.88777351e+01
6573.22864153 8.79498291e+00
6573.28415257 -1.11601429e+01
6573.33966361 -1.92930794e+00
6573.39517465 2.24740677e+01
6573.45068569 -2.55829048e+00
6573.50619673 1.41656113e+00
6573.56170776 5.28769112e+00
6573.61721880 2.01735306e+01
6573.67272984 5.32716370e+00
6573.72824088 -1.53364077e+01
6573.78375192 -2.89859848e+01
6573.83926296 1.28487720e+01
6573.89477400 1.14175911e+01
6573.95028504 -1.50251598e+01
6574.00579607 7.88049889e+00
6574.06130711 -7.69242477e+00
6574.11681815 -1.87340164e+01
6574.17232919 -3.53585281e+01
6574.22784023 -7.46578026e+00
6574.28335127 -2.61220322e+01
6574.33886231 -2.59726696e+01
6574.39437335 5.68276215e+00
6574.44988438 1.31056709e+01
6574.50539542 -9.49580574e+00
6574.56090646 6.43089485e+00
6574.61641750 -1.66033287e+01
6574.67192854 -1.09566479e+01
6574.72743958 1.80420685e+01
6574.78295062 3.66327400e+01
6574.83846166 -9.89086723e+00
6574.89397269 -2.23177719e+01
6574.94948373 -3.98618698e-01
6575.00499477 1.66332150e+01
6575.06050581 -1.93521118e+00
6575.11601685 -1.76460972e+01
6575.17152789 4.80214691e+00
6575.22703893 5.86817360e+00
6575.28254997 -2.22717285e-01
6575.33806101 1.16265259e+01
6575.39357204 -1.83495140e+00
6575.44908308 1.53346691e+01
6575.50459412 6.43725586e+00
6575.56010516 9.79895401e+00
6575.61561620 2.43036995e+01
6575.67112724 2.79293327e+01
6575.72663828 2.21244545e+01
6575.78214932 -2.06129799e+01
6575.83766035 -6.43490219e+00
6575.89317139 3.90949707e+01
6575.94868243 3.02780895e+01
6576.00419347 7.09615135e+00
6576.05970451 -2.52996979e+01
6576.11521555 4.61404877e+01
6576.17072659 2.13123817e+01
6576.22623763 -1.06688824e+01
6576.28174866 -9.35799980e+00
6576.33725970 1.23843670e+01
6576.39277074 1.75263653e+01
6576.44828178 1.07686844e+01
6576.50379282 -2.43909264e+01
6576.55930386 -9.95626068e+00
6576.61481490 -3.22728996e+01
6576.67032594 -3.09054222e+01
6576.72583698 -6.31975937e+00
6576.78134801 6.38054848e+00
6576.83685905 -1.31022720e+01
6576.89237009 3.54510498e+00
6576.94788113 -2.86143265e+01
6577.00339217 1.15014153e+01
6577.05890321 3.50896072e+00
6577.11441425 3.21098175e+01
6577.16992529 -2.39537239e+01
6577.22543632 1.42370567e+01
6577.28094736 -5.23461151e+00
6577.33645840 1.35653667e+01
6577.39196944 3.96207047e+00
6577.44748048 -3.92792053e+01
6577.50299152 -1.46677494e+01
6577.55850256 2.48880787e+01
6577.61401360 -1.88131905e+01
6577.66952463 -1.17164583e+01
6577.72503567 -3.71686268e+00
6577.78054671 1.05246220e+01
6577.83605775 2.58495903e+00
6577.89156879 3.40970993e+01
6577.94707983 2.62297153e+00
6578.00259087 -2.67709293e+01
6578.05810191 2.52647018e+00
6578.11361294 1.04121475e+01
6578.16912398 1.27545204e+01
6578.22463502 9.15227890e-01
6578.28014606 1.51222000e+01
6578.33565710 1.25327339e+01
6578.39116814 -8.79439545e+00
6578.44667918 -1.06726837e+01
6578.50219022 8.82931519e+00
6578.55770126 -6.13462639e+00
6578.61321229 6.77295685e+00
6578.66872333 5.28025627e+00
6578.72423437 -5.78608322e+00
6578.77974541 -3.68047447e+01
6578.83525645 2.55454884e+01
6578.89076749 -1.00331049e+01
6578.94627853 1.07344837e+01
6579.00178957 2.14699459e+01
6579.05730060 9.09599113e+00
6579.11281164 1.72640629e+01
6579.16832268 -3.35787582e+00
6579.22383372 -7.01769447e+00
6579.27934476 -7.22133255e+00
6579.33485580 1.92761803e+01
6579.39036684 2.54905014e+01
6579.44587788 -2.28052692e+01
6579.50138891 1.64168472e+01
6579.55689995 -8.45614624e+00
6579.61241099 3.34641342e+01
6579.66792203 -1.74109993e+01
6579.72343307 -1.03991137e+01
6579.77894411 1.05458202e+01
6579.83445515 -8.09271049e+00
6579.88996619 1.08267689e+01
6579.94547722 2.23810387e+00
6580.00098826 -1.94990540e+00
6580.05649930 -1.75423622e+00
6580.11201034 4.47612953e+00
6580.16752138 8.93648148e+00
6580.22303242 1.32584667e+01
6580.27854346 -1.24994621e+01
6580.33405450 1.67709217e+01
6580.38956554 -1.36934967e+01
6580.44507657 1.63578377e+01
6580.50058761 -1.00285969e+01
6580.55609865 -7.03102112e-01
6580.61160969 -2.28066502e+01
6580.66712073 5.22829723e+00
6580.72263177 9.22389603e+00
6580.77814281 1.16518497e+01
6580.83365385 -9.34682846e-01
6580.88916488 -1.01553440e+01
6580.94467592 -1.42173948e+01
6581.00018696 1.54841003e+01
6581.05569800 -2.58009548e+01
6581.11120904 -5.93757248e+00
6581.16672008 7.35212231e+00
6581.22223112 -1.05067997e+01
6581.27774216 3.24859619e-01
6581.33325319 3.03495026e+01
6581.38876423 -1.24767399e+01
6581.44427527 -1.26562843e+01
6581.49978631 4.01497269e+00
6581.55529735 3.50301361e+00
6581.61080839 -8.95868301e+00
6581.66631943 3.62879372e+00
6581.72183047 -2.91390114e+01
6581.77734150 2.33286152e+01
6581.83285254 -1.71848240e+01
6581.88836358 -5.60929680e+00
6581.94387462 -3.44221039e+01
6581.99938566 6.81654358e+00
6582.05489670 1.13647785e+01
6582.11040774 -9.46368790e+00
6582.16591878 2.83070030e+01
6582.22142982 1.46437378e+01
6582.27694085 7.73690796e+00
6582.33245189 -1.53421288e+01
6582.38796293 -3.03378296e+00
6582.44347397 4.30987167e+00
6582.49898501 3.38792076e+01
6582.55449605 4.72707901e+01
6582.61000709 1.05482922e+01
6582.66551813 8.03083992e+00
6582.72102916 9.56461334e+00
6582.77654020 8.48958588e+00
6582.83205124 -1.72878075e+01
6582.88756228 3.84044838e+01
6582.94307332 1.79537773e+00
6582.99858436 -1.80287018e+01
6583.05409540 3.04084740e+01
6583.10960644 -2.12725830e+00
6583.16511747 2.62746029e+01
6583.22062851 3.58909302e+01
6583.27613955 3.50432053e+01
6583.33165059 2.09346504e+01
6583.38716163 1.95843525e+01
6583.44267267 3.64624863e+01
6583.49818371 3.22823334e+00
6583.55369475 1.71600914e+00
6583.60920578 3.94164619e+01
6583.66471682 9.81906891e-01
6583.72022786 5.32264709e-02
6583.77573890 2.27706909e+01
6583.83124994 2.95914593e+01
6583.88676098 1.02487946e+01
6583.94227202 -2.08599472e+00
6583.99778306 1.61474037e+00
6584.05329410 -9.65995789e-01
6584.10880513 8.20372200e+00
6584.16431617 1.01008320e+01
6584.21982721 3.41718750e+01
6584.27533825 2.63702011e+00
6584.33084929 -1.71904335e+01
6584.38636033 -6.38374710e+00
6584.44187137 2.70713673e+01
6584.49738241 1.91604195e+01
6584.55289344 2.09583282e-01
6584.60840448 -2.24808426e+01
6584.66391552 -6.94086647e+00
6584.71942656 1.61867332e+01
6584.77493760 2.07465706e+01
6584.83044864 5.22148132e-01
6584.88595968 -7.73563194e+00
6584.94147072 1.11738167e+01
6584.99698175 -3.13125992e+00
6585.05249279 -4.75108910e+00
6585.10800383 1.44057102e+01
6585.16351487 9.52135181e+00
6585.21902591 1.87312698e+00
6585.27453695 1.05954838e+01
6585.33004799 3.84365463e+00
6585.38555903 -1.29646931e+01
6585.44107006 2.33874340e+01
6585.49658110 2.15029526e+00
6585.55209214 -1.14505768e+01
6585.60760318 4.56721115e+00
6585.66311422 -2.84948730e+00
6585.71862526 -1.24691696e+01
6585.77413630 -4.72213936e+00
6585.82964734 -7.13184547e+00
6585.88515838 2.77275658e+01
6585.94066941 1.94519062e+01
6585.99618045 9.57502365e+00
6586.05169149 1.98172569e-01
6586.10720253 5.86965370e+00
6586.16271357 2.08730984e+01
6586.21822461 2.31137028e+01
6586.27373565 -8.13303185e+00
6586.32924669 -3.59293518e+01
6586.38475772 3.53742752e+01
6586.44026876 4.02140961e+01
6586.49577980 2.91933327e+01
6586.55129084 5.35201263e+00
6586.60680188 2.06580753e+01
6586.66231292 2.13506851e+01
6586.71782396 1.45758858e+01
6586.77333500 1.14114113e+01
6586.82884603 1.43649273e+01
6586.88435707 -2.11516571e+00
6586.93986811 -1.05202332e+01
6586.99537915 -3.80443001e+00
6587.05089019 -2.54234009e+01
6587.10640123 3.37454796e+01
6587.16191227 7.89257050e-01
6587.21742331 -7.14961052e+00
6587.27293434 2.75635071e+01
6587.32844538 4.17328453e+00
6587.38395642 1.60961094e+01
6587.43946746 -4.74805641e+00
6587.49497850 -1.84850693e-01
6587.55048954 -2.07643890e+00
6587.60600058 -3.63236885e+01
6587.66151162 -2.48069725e+01
6587.71702266 2.77505856e+01
6587.77253369 -6.39021873e+00
6587.82804473 7.81436920e+00
6587.88355577 8.35290909e+00
6587.93906681 7.60157585e+00
6587.99457785 -1.45273323e+01
6588.05008889 -7.09391594e+00
6588.10559993 1.00580902e+01
6588.16111097 1.85223389e+00
6588.21662200 1.27609653e+01
6588.27213304 1.83180809e+00
6588.32764408 -1.79343910e+01
6588.38315512 -8.09662056e+00
6588.43866616 -6.92271233e+00
6588.49417720 -1.34919281e+01
6588.54968824 4.60692406e+00
6588.60519928 5.33088684e-01
6588.66071031 -1.14655132e+01
6588.71622135 1.80015564e-01
6588.77173239 -2.74247627e+01
6588.82724343 9.53935051e+00
6588.88275447 2.57741470e+01
6588.93826551 9.63012695e-01
6588.99377655 -3.11706734e+01
6589.04928759 3.78557739e+01
6589.10479862 -6.85798645e+00
6589.16030966 2.84105530e+01
6589.21582070 -2.34901791e+01
6589.27133174 -3.61060982e+01
6589.32684278 -2.32803802e+01
6589.38235382 1.20014305e+01
6589.43786486 6.35093689e+00
6589.49337590 9.51797485e-01
6589.54888694 1.48238125e+01
6589.60439797 -5.96194458e+00
6589.65990901 -2.03267841e+01
6589.71542005 -1.24102268e+01
6589.77093109 6.83610153e+00
6589.82644213 -4.47932816e+00
6589.88195317 -3.07756195e+01
6589.93746421 -1.44630623e+00
6589.99297525 -1.81841621e+01
6590.04848628 -2.02460518e+01
6590.10399732 4.05071640e+00
6590.15950836 -4.15518093e+00
6590.21501940 -1.52079763e+01
6590.27053044 4.63917637e+00
6590.32604148 -9.21218491e+00
6590.38155252 3.78765144e+01
6590.43706356 -5.35109711e+00
6590.49257459 -1.37192278e+01
6590.54808563 -2.91524792e+01
6590.60359667 1.10077782e+01
6590.65910771 2.02647991e+01
6590.71461875 -3.19665451e+01
6590.77012979 2.49851227e+00
6590.82564083 -1.14549274e+01
6590.88115187 -3.25758476e+01
6590.93666291 -1.91274910e+01
6590.99217394 -1.53244724e+01
6591.04768498 -3.49185104e+01
6591.10319602 -1.42874365e+01
6591.15870706 -5.32169342e-01
6591.21421810 2.49275074e+01
6591.26972914 -1.53192711e+00
6591.32524018 -5.66174984e+00
6591.38075122 -1.84918213e+01
6591.43626225 2.69470787e+00
6591.49177329 -9.29544258e+00
6591.54728433 1.99090652e+01
6591.60279537 2.04208412e+01
6591.65830641 2.48935852e+01
6591.71381745 1.76031189e+01
6591.76932849 4.65608063e+01
6591.82483953 1.60211811e+01
6591.88035056 7.14942360e+00
6591.93586160 8.44843102e+00
6591.99137264 -2.20975685e+00
6592.04688368 6.36684036e+00
6592.10239472 -1.03816986e+00
6592.15790576 3.60198593e+00
6592.21341680 1.67794876e+01
6592.26892784 -1.05714417e+00
6592.32443887 -1.37192078e+01
6592.37994991 1.82533569e+01
6592.43546095 -3.68254089e+00
6592.49097199 1.39804420e+01
6592.54648303 1.60550423e+01
6592.60199407 3.44194031e+00
6592.65750511 3.37053394e+00
6592.71301615 2.09894104e+01
6592.76852719 3.22298050e+01
6592.82403822 -1.34487724e+01
6592.87954926 -4.26548004e+01
6592.93506030 -8.28063583e+00
6592.99057134 -9.62437439e+00
6593.04608238 -1.98353462e+01
6593.10159342 -6.04379463e+00
6593.15710446 1.22273951e+01
6593.21261550 2.11322575e+01
6593.26812653 -7.81366920e+00
6593.32363757 -1.54595509e+01
6593.37914861 2.15522766e-01
6593.43465965 -1.53013287e+01
6593.49017069 -1.60985069e+01
6593.54568173 -5.11992073e+00
6593.60119277 8.16572380e+00
6593.65670381 2.12482109e+01
6593.71221484 5.90219498e+00
6593.76772588 3.92580490e+01
6593.82323692 3.24254570e+01
6593.87874796 -3.62726593e+00
6593.93425900 2.03430252e+01
6593.98977004 2.66086540e+01
6594.04528108 1.70124817e+00
6594.10079212 -2.40926590e+01
6594.15630315 -1.98644314e+01
6594.21181419 9.13192558e+00
6594.26732523 -6.11244011e+00
6594.32283627 -1.28093052e+01
6594.37834731 3.05442276e+01
6594.43385835 2.56003304e+01
6594.48936939 3.15712662e+01
6594.54488043 -3.47136536e+01
6594.60039147 5.97834396e+00
6594.65590250 -8.80657196e+00
6594.71141354 1.78347244e+01
6594.76692458 1.50750322e+01
6594.82243562 9.97068214e+00
6594.87794666 1.01787663e+01
6594.93345770 3.07130394e+01
6594.98896874 -1.25758572e+01
6595.04447978 5.37116623e+00
6595.09999081 3.34177971e+01
6595.15550185 -1.71461372e+01
6595.21101289 -1.76748066e+01
6595.26652393 5.90896606e-01
6595.32203497 1.00517035e+01
6595.37754601 1.49947014e+01
6595.43305705 2.15206490e+01
6595.48856809 -9.45162773e+00
6595.54407912 -5.38024521e+00
6595.59959016 3.04140587e+01
6595.65510120 -8.11731339e+00
6595.71061224 5.58422279e+00
6595.76612328 1.09187679e+01
6595.82163432 1.41862869e-01
6595.87714536 5.30460167e+00
6595.93265640 -3.11144066e+00
6595.98816743 1.22312717e+01
6596.04367847 -2.12792282e+01
6596.09918951 -1.26825380e+01
6596.15470055 -3.65308228e+01
6596.21021159 4.01300049e+00
6596.26572263 1.64642830e+01
6596.32123367 -5.38833618e+00
6596.37674471 -2.09094734e+01
6596.43225575 1.93859291e+01
6596.48776678 1.24584198e+00
6596.54327782 -3.53383522e+01
6596.59878886 1.13748455e+01
6596.65429990 -1.60695229e+01
6596.70981094 -9.92954445e+00
6596.76532198 1.23686066e+01
6596.82083302 9.55444336e-01
6596.87634406 -1.80232849e+01
6596.93185509 2.48667145e+00
6596.98736613 -1.19546633e+01
6597.04287717 -7.34988403e+00
6597.09838821 -1.36968002e+01
6597.15389925 2.49502296e+01
6597.20941029 5.93244438e+01
6597.26492133 3.41717682e+01
6597.32043237 -1.28399277e+00
6597.37594340 -4.95059013e+00
6597.43145444 1.48831768e+01
6597.48696548 -2.17415810e+00
6597.54247652 4.75513077e+00
6597.59798756 3.02984428e+00
6597.65349860 -1.50066280e+00
6597.70900964 4.90999508e+00
6597.76452068 -2.77601414e+01
6597.82003171 -1.80790806e+01
6597.87554275 -3.22822189e+00
6597.93105379 1.12731285e+01
6597.98656483 -1.16190882e+01
6598.04207587 -7.56902361e+00
6598.09758691 9.31809998e+00
6598.15309795 2.40868855e+00
6598.20860899 -1.81343384e+01
6598.26412003 3.28575783e+01
6598.31963106 -3.45637608e+00
6598.37514210 -1.00573730e+01
6598.43065314 -2.13103390e+00
6598.48616418 7.19365692e+00
6598.54167522 1.03698587e+01
6598.59718626 -1.09977732e+01
6598.65269730 -2.69750023e+01
6598.70820834 4.93535423e+00
6598.76371937 1.90453644e+01
6598.81923041 -1.63914814e+01
6598.87474145 -1.42546034e+01
6598.93025249 1.13311367e+01
6598.98576353 -1.71489143e+00
6599.04127457 1.00515175e+00
6599.09678561 1.95412865e+01
6599.15229665 1.49238262e+01
6599.20780768 -1.96940994e+01
6599.26331872 -2.43514729e+01
6599.31882976 2.13227940e+01
6599.37434080 8.45737457e+00
6599.42985184 -2.12352715e+01
6599.48536288 2.34741840e+01
6599.54087392 -8.18995667e+00
6599.59638496 1.45730572e+01
6599.65189599 -2.69866657e+01
6599.70740703 2.49929619e+00
6599.76291807 5.38782215e+00
6599.81842911 -9.07767105e+00
6599.87394015 -3.37153625e+00
6599.92945119 5.96123314e+00
6599.98496223 -3.71632004e+00
6600.04047327 1.93499794e+01
6600.09598431 -1.00057526e+01
6600.15149534 -3.42199612e+00
6600.20700638 2.30291100e+01
6600.26251742 -7.84935427e+00
6600.31802846 1.20054913e+00
6600.37353950 1.35937033e+01
6600.42905054 1.52025537e+01
6600.48456158 -3.92105198e+00
