# Rest-frame spectrum generated from: N1073B0001o_1d.fits
# lambda_Ha_obs = 6589.74800000 Angstrom
# lambda_Ha_rest = 6562.80000000 Angstrom
# z_Ha = 4.1061741939e-03
# v_Ha_relativistic = 1228.472725 km/s
# v_Ha_classical = 1231.000055 km/s
# columns: wavelength_rest[Angstrom] flux_or_counts

6542.88864232 -2.36896515e-01
6542.94415308 -2.36885071e-01
6542.99966385 -2.34447479e-01
6543.05517461 -2.36543655e-01
6543.11068538 -2.36343384e-01
6543.16619614 -2.35488892e-01
6543.22170691 -2.36465454e-01
6543.27721767 -2.21986771e-01
6543.33272844 -2.07153320e-01
6543.38823921 -1.93384171e-01
6543.44374997 -1.81161880e-01
6543.49926074 -1.69845581e-01
6543.55477150 -1.58271790e-01
6543.61028227 -1.46287918e-01
6543.66579303 2.99373627e-01
6543.72130380 -2.50553131e-01
6543.77681456 -1.37037468e+00
6543.83232533 -1.07704163e-01
6543.88783610 2.88523293e+00
6543.94334686 2.28271675e+00
6543.99885763 2.28587341e+00
6544.05436839 1.93989754e+00
6544.10987916 3.59249115e+00
6544.16538992 -1.68470383e+00
6544.22090069 -8.59057999e+00
6544.27641145 2.02243176e+01
6544.33192222 4.84439888e+01
6544.38743299 -4.70754242e+00
6544.44294375 -1.26024551e+01
6544.49845452 -2.12764549e+00
6544.55396528 7.64125443e+00
6544.60947605 2.35459442e+01
6544.66498681 2.82889328e+01
6544.72049758 1.50513916e+01
6544.77600834 2.43218708e+01
6544.83151911 -1.52292767e+01
6544.88702988 -7.07814598e+00
6544.94254064 2.19364052e+01
6544.99805141 8.56860542e+00
6545.05356217 1.65975857e+01
6545.10907294 -2.68976402e+01
6545.16458370 4.28479385e+00
6545.22009447 -6.68773270e+00
6545.27560523 1.02128849e+01
6545.33111600 -1.80177689e+01
6545.38662677 -7.11268616e+00
6545.44213753 1.03548088e+01
6545.49764830 -1.02306290e+01
6545.55315906 1.73673286e+01
6545.60866983 1.37901306e+00
6545.66418059 -5.93871689e+00
6545.71969136 6.36963272e+00
6545.77520212 1.65827522e+01
6545.83071289 1.56875210e+01
6545.88622365 -1.69993095e+01
6545.94173442 9.27827835e-01
6545.99724519 -7.47722244e+00
6546.05275595 5.76380920e+00
6546.10826672 1.21454086e+01
6546.16377748 2.07198734e+01
6546.21928825 2.73792534e+01
6546.27479901 1.90574722e+01
6546.33030978 2.68102646e-01
6546.38582054 2.85068169e+01
6546.44133131 2.20951977e+01
6546.49684208 2.49918442e+01
6546.55235284 7.19189644e+00
6546.60786361 1.02525253e+01
6546.66337437 8.42658997e-01
6546.71888514 -3.52705002e+00
6546.77439590 2.21402931e+00
6546.82990667 -2.59730396e+01
6546.88541743 1.67591972e+01
6546.94092820 2.59476433e+01
6546.99643897 4.71105003e+00
6547.05194973 -3.34071922e+00
6547.10746050 -3.16360855e+00
6547.16297126 8.15884781e+00
6547.21848203 -9.18261719e+00
6547.27399279 3.08576965e+00
6547.32950356 2.43227959e+01
6547.38501432 2.44827995e+01
6547.44052509 7.08538055e-01
6547.49603586 9.65111160e+00
6547.55154662 2.10936241e+01
6547.60705739 4.50574493e+00
6547.66256815 -1.36429510e+01
6547.71807892 8.07422638e+00
6547.77358968 2.51851597e+01
6547.82910045 1.92460461e+01
6547.88461121 1.77782154e+01
6547.94012198 -3.87148476e+00
6547.99563275 4.36868210e+01
6548.05114351 2.08169289e+01
6548.10665428 1.57018509e+01
6548.16216504 -4.80648804e+00
6548.21767581 1.18612785e+01
6548.27318657 -1.29829235e+01
6548.32869734 2.23457508e+01
6548.38420810 1.03266029e+01
6548.43971887 1.62658768e+01
6548.49522964 1.09472408e+01
6548.55074040 -3.45676804e+00
6548.60625117 -1.11328354e+01
6548.66176193 -1.01982002e+01
6548.71727270 4.73738480e+00
6548.77278346 1.48413086e+01
6548.82829423 -3.71453476e+00
6548.88380499 2.07215691e+01
6548.93931576 -4.03585815e+00
6548.99482653 4.41638565e+00
6549.05033729 -2.28025513e+01
6549.10584806 -2.10803604e+00
6549.16135882 -2.26631851e+01
6549.21686959 8.08144188e+00
6549.27238035 -2.09650040e-01
6549.32789112 -1.19943924e+01
6549.38340188 1.47907257e-01
6549.43891265 -2.35234814e+01
6549.49442342 -2.48995209e+01
6549.54993418 2.03219566e+01
6549.60544495 2.70242119e+00
6549.66095571 -7.81848526e+00
6549.71646648 5.19021988e+00
6549.77197724 4.95010376e+00
6549.82748801 1.79214478e-02
6549.88299877 -1.24074059e+01
6549.93850954 2.59311676e+00
6549.99402031 2.52043228e+01
6550.04953107 1.13339462e+01
6550.10504184 1.15095825e+01
6550.16055260 3.54749451e+01
6550.21606337 1.46742249e+01
6550.27157413 -1.96658821e+01
6550.32708490 -8.64649200e+00
6550.38259566 6.03163147e+00
6550.43810643 -1.45518494e+00
6550.49361720 -1.72569275e+00
6550.54912796 1.12312584e+01
6550.60463873 -1.29455566e-01
6550.66014949 7.32323456e+00
6550.71566026 -1.63699532e+01
6550.77117102 -1.06863899e+01
6550.82668179 1.85846233e+01
6550.88219255 -5.30588531e+00
6550.93770332 -4.86113930e+00
6550.99321408 -9.73525047e+00
6551.04872485 -8.56533241e+00
6551.10423562 -2.82959175e+00
6551.15974638 -1.02014599e+01
6551.21525715 5.36713409e+00
6551.27076791 1.59251022e+01
6551.32627868 4.68826294e+01
6551.38178944 -9.52491951e+00
6551.43730021 -3.62050056e+00
6551.49281097 6.58296204e+00
6551.54832174 -3.59633446e+00
6551.60383251 -1.64390373e+01
6551.65934327 -1.31810112e+01
6551.71485404 -1.02553062e+01
6551.77036480 -1.05125256e+01
6551.82587557 1.15117092e+01
6551.88138633 2.40218525e+01
6551.93689710 -6.09768105e+00
6551.99240786 1.54786491e+01
6552.04791863 -8.16456032e+00
6552.10342940 -3.59938240e+01
6552.15894016 -1.55390892e+01
6552.21445093 1.44174004e+01
6552.26996169 2.13131523e+01
6552.32547246 -2.09345512e+01
6552.38098322 -8.48214340e+00
6552.43649399 1.78376484e+01
6552.49200475 -3.36066246e+00
6552.54751552 1.49883423e+01
6552.60302629 8.13119507e+00
6552.65853705 4.18546295e+00
6552.71404782 3.34052658e+01
6552.76955858 8.12908173e-01
6552.82506935 1.98535919e+00
6552.88058011 9.10883522e+00
6552.93609088 3.65194702e+00
6552.99160164 6.32443047e+00
6553.04711241 -1.24302254e+01
6553.10262318 -8.24590683e+00
6553.15813394 8.09237671e+00
6553.21364471 2.07075119e+00
6553.26915547 -7.43990707e+00
6553.32466624 -3.87995338e+00
6553.38017700 1.25278778e+01
6553.43568777 9.43869400e+00
6553.49119853 -3.19099560e+01
6553.54670930 5.52187347e+00
6553.60222007 2.18648262e+01
6553.65773083 1.79424820e+01
6553.71324160 1.62647877e+01
6553.76875236 -7.67495918e+00
6553.82426313 -2.60330009e+01
6553.87977389 -6.29927254e+00
6553.93528466 1.17907276e+01
6553.99079542 2.01335831e+01
6554.04630619 -2.32521057e+00
6554.10181696 -1.95076370e+00
6554.15732772 2.04347000e+01
6554.21283849 4.31351852e+00
6554.26834925 9.48632050e+00
6554.32386002 -2.66407204e+00
6554.37937078 -7.74535370e+00
6554.43488155 -4.22266388e+00
6554.49039231 -8.64457893e+00
6554.54590308 1.31258850e+01
6554.60141385 1.89587097e+01
6554.65692461 -4.16823578e+00
6554.71243538 -7.52452469e+00
6554.76794614 5.00386429e+00
6554.82345691 8.26661491e+00
6554.87896767 8.12699509e+00
6554.93447844 1.03366814e+01
6554.98998920 6.09371185e+00
6555.04549997 -1.89882488e+01
6555.10101074 1.29941692e+01
6555.15652150 2.33392200e+01
6555.21203227 1.80033779e+01
6555.26754303 4.44329720e+01
6555.32305380 -1.36137390e+00
6555.37856456 -7.88125229e+00
6555.43407533 1.20462608e+01
6555.48958609 1.41641502e+01
6555.54509686 1.45196743e+01
6555.60060763 -9.81256485e+00
6555.65611839 -2.24740181e+01
6555.71162916 -4.65392303e+00
6555.76713992 2.49556694e+01
6555.82265069 9.87070465e+00
6555.87816145 -2.35339165e+01
6555.93367222 -2.17542553e+01
6555.98918298 1.87367363e+01
6556.04469375 -1.07593498e+01
6556.10020451 -2.33902721e+01
6556.15571528 5.45437050e+00
6556.21122605 2.76005249e+01
6556.26673681 1.39167747e+01
6556.32224758 -5.81217003e+00
6556.37775834 1.28790665e+00
6556.43326911 1.41269741e+01
6556.48877987 8.43751907e+00
6556.54429064 -4.20908203e+01
6556.59980140 1.27125797e+01
6556.65531217 5.93086243e-01
6556.71082294 -7.37756157e+00
6556.76633370 1.27525902e+01
6556.82184447 -6.29877472e+00
6556.87735523 1.15685349e+01
6556.93286600 -5.16817284e+00
6556.98837676 -1.01730156e+00
6557.04388753 -1.11648426e+01
6557.09939829 1.73377628e+01
6557.15490906 2.64487267e+00
6557.21041983 1.07974091e+01
6557.26593059 3.35600586e+01
6557.32144136 -9.00421143e+00
6557.37695212 1.19303131e+01
6557.43246289 2.67882042e+01
6557.48797365 5.01194191e+00
6557.54348442 8.96066475e+00
6557.59899518 1.27809143e+00
6557.65450595 1.50146370e+01
6557.71001672 2.41888714e+01
6557.76552748 4.41917038e+00
6557.82103825 1.35630875e+01
6557.87654901 3.42979813e+00
6557.93205978 1.93328476e+01
6557.98757054 -6.27933502e+00
6558.04308131 -8.81965637e-01
6558.09859207 -1.22682571e+00
6558.15410284 2.30383148e+01
6558.20961361 -8.70611572e+00
6558.26512437 -4.38930130e+00
6558.32063514 -2.80695839e+01
6558.37614590 -2.00677032e+01
6558.43165667 -1.20827885e+01
6558.48716743 1.49134827e+00
6558.54267820 5.01089020e+01
6558.59818896 -1.00363636e+01
6558.65369973 1.80924778e+01
6558.70921050 -5.36073303e+00
6558.76472126 -6.26729965e-01
6558.82023203 9.36510658e+00
6558.87574279 1.97037773e+01
6558.93125356 1.21306248e+01
6558.98676432 -5.82874298e+00
6559.04227509 7.54994202e+00
6559.09778585 2.05083561e+01
6559.15329662 -6.14469147e+00
6559.20880739 -4.89849091e-01
6559.26431815 7.35104752e+00
6559.31982892 -7.21672058e-01
6559.37533968 1.73142090e+01
6559.43085045 1.08366814e+01
6559.48636121 -3.82285500e+00
6559.54187198 -3.83639717e+01
6559.59738274 8.09433365e+00
6559.65289351 -9.07456970e+00
6559.70840428 5.30126572e-01
6559.76391504 -1.41463470e+01
6559.81942581 -2.27276058e+01
6559.87493657 1.68585606e+01
6559.93044734 1.07381744e+01
6559.98595810 2.79502659e+01
6560.04146887 2.23434677e+01
6560.09697963 -3.00576782e+00
6560.15249040 1.07741737e+01
6560.20800117 -9.81124496e+00
6560.26351193 1.67252655e+01
6560.31902270 9.25259399e+00
6560.37453346 1.81564922e+01
6560.43004423 3.37204666e+01
6560.48555499 4.03860092e+00
6560.54106576 6.12480164e+00
6560.59657652 1.23040237e+01
6560.65208729 -2.62718964e+00
6560.70759806 6.42474937e+00
6560.76310882 4.16732635e+01
6560.81861959 -4.54246140e+00
6560.87413035 4.22535553e+01
6560.92964112 3.45414467e+01
6560.98515188 5.01769562e+01
6561.04066265 1.00755653e+01
6561.09617341 -1.75877380e+00
6561.15168418 3.04059544e+01
6561.20719494 3.72456741e+00
6561.26270571 -2.67579460e+00
6561.31821648 -2.87655640e+01
6561.37372724 1.08908844e+01
6561.42923801 2.58834076e+01
6561.48474877 -2.81830215e+00
6561.54025954 1.17359161e+01
6561.59577030 1.93648834e+01
6561.65128107 1.15193443e+01
6561.70679183 1.02321243e+00
6561.76230260 2.09404106e+01
6561.81781337 -1.21207600e+01
6561.87332413 6.20577316e+01
6561.92883490 7.23865280e+01
6561.98434566 5.16931763e+01
6562.03985643 4.63465271e+01
6562.09536719 4.39566345e+01
6562.15087796 9.70186844e+01
6562.20638872 9.71540070e+01
6562.26189949 1.08799545e+02
6562.31741026 1.37205887e+02
6562.37292102 1.90419693e+02
6562.42843179 2.27115723e+02
6562.48394255 2.52282349e+02
6562.53945332 3.05207825e+02
6562.59496408 3.39593536e+02
6562.65047485 2.98447174e+02
6562.70598561 3.57855530e+02
6562.76149638 3.81464600e+02
6562.81700715 3.96230713e+02
6562.87251791 3.64303223e+02
6562.92802868 3.50378418e+02
6562.98353944 3.61821869e+02
6563.03905021 3.43265686e+02
6563.09456097 3.02196014e+02
6563.15007174 2.26593048e+02
6563.20558250 1.75049789e+02
6563.26109327 1.21578110e+02
6563.31660404 1.20095100e+02
6563.37211480 9.96152496e+01
6563.42762557 4.28709869e+01
6563.48313633 6.59783936e+01
6563.53864710 5.89988251e+01
6563.59415786 4.96431122e+01
6563.64966863 7.82096634e+01
6563.70517939 3.44632111e+01
6563.76069016 4.27345390e+01
6563.81620093 1.32838821e+01
6563.87171169 6.97082901e+00
6563.92722246 3.39601555e+01
6563.98273322 1.55937500e+01
6564.03824399 -1.58905010e+01
6564.09375475 8.99379730e-01
6564.14926552 2.61912365e+01
6564.20477628 4.94849854e+01
6564.26028705 3.32896881e+01
6564.31579782 5.69635010e+00
6564.37130858 -3.70533333e+01
6564.42681935 8.46593475e+00
6564.48233011 4.37052917e+00
6564.53784088 2.58137779e+01
6564.59335164 -2.55118752e+00
6564.64886241 -5.83206177e+00
6564.70437317 -9.10577011e+00
6564.75988394 -9.31632805e+00
6564.81539471 -1.62968063e+01
6564.87090547 -1.50182972e+01
6564.92641624 -2.33788033e+01
6564.98192700 -6.84165955e-01
6565.03743777 1.30308094e+01
6565.09294853 1.74205608e+01
6565.14845930 -1.36036243e+01
6565.20397006 -1.51269131e+01
6565.25948083 1.41890354e+01
6565.31499160 1.00598183e+01
6565.37050236 4.02304153e+01
6565.42601313 -2.69393501e+01
6565.48152389 3.00607319e+01
6565.53703466 1.24124260e+01
6565.59254542 2.03124771e+01
6565.64805619 7.67193413e+00
6565.70356695 -1.01246662e+01
6565.75907772 2.87571220e+01
6565.81458849 1.76997337e+01
6565.87009925 -8.95111084e+00
6565.92561002 -4.52741432e+00
6565.98112078 9.73954391e+00
6566.03663155 -6.75513458e+00
6566.09214231 2.48020515e+01
6566.14765308 2.05437088e+01
6566.20316384 7.90856552e+00
6566.25867461 3.49029160e+00
6566.31418537 2.19008980e+01
6566.36969614 -1.58771057e+01
6566.42520691 1.56886940e+01
6566.48071767 -5.64511299e+00
6566.53622844 8.59097290e+00
6566.59173920 1.81580715e+01
6566.64724997 1.59178276e+01
6566.70276073 -1.93373795e+01
6566.75827150 -1.85220661e+01
6566.81378226 4.12083054e+00
6566.86929303 2.29321823e+01
6566.92480380 -2.29623413e+00
6566.98031456 8.65523338e+00
6567.03582533 9.22709656e+00
6567.09133609 -8.75956535e+00
6567.14684686 -1.18438911e+01
6567.20235762 -1.46746941e+01
6567.25786839 -2.37243080e+01
6567.31337915 4.19936371e+00
6567.36888992 -1.46191368e+01
6567.42440069 1.40254135e+01
6567.47991145 -6.58721161e+00
6567.53542222 -1.10231552e+01
6567.59093298 1.49342766e+01
6567.64644375 2.94385986e+01
6567.70195451 8.46011353e+00
6567.75746528 1.22800064e+00
6567.81297604 2.68635979e+01
6567.86848681 3.31530113e+01
6567.92399758 4.52968674e+01
6567.97950834 -6.30611420e-01
6568.03501911 9.65431213e-01
6568.09052987 3.16641960e+01
6568.14604064 1.67632942e+01
6568.20155140 3.87087250e+00
6568.25706217 1.86977444e+01
6568.31257293 2.32892342e+01
6568.36808370 1.52689400e+01
6568.42359447 2.63845444e-01
6568.47910523 -2.14049149e+00
6568.53461600 6.89053726e+00
6568.59012676 1.66100082e+01
6568.64563753 -6.10199738e+00
6568.70114829 -8.44818115e-01
6568.75665906 2.42333717e+01
6568.81216982 3.12643051e+00
6568.86768059 -1.77320156e+01
6568.92319136 2.29806900e+00
6568.97870212 2.43378086e+01
6569.03421289 -1.19201317e+01
6569.08972365 1.06946754e+01
6569.14523442 2.46232758e+01
6569.20074518 4.15551758e+00
6569.25625595 -2.73459244e+00
6569.31176671 -2.73049545e+00
6569.36727748 -9.12663269e+00
6569.42278825 -8.76235962e-01
6569.47829901 -2.42653809e+01
6569.53380978 1.69475937e+01
6569.58932054 1.72659302e+00
6569.64483131 -2.06259041e+01
6569.70034207 7.15524292e+00
6569.75585284 1.18714275e+01
6569.81136360 6.47727013e+00
6569.86687437 8.95788193e+00
6569.92238514 -5.37025833e+00
6569.97789590 5.15300751e+00
6570.03340667 1.36883049e+01
6570.08891743 -2.36119652e+00
6570.14442820 -8.08577347e+00
6570.19993896 -3.14876556e-01
6570.25544973 -1.28724289e+00
6570.31096049 -2.76807041e+01
6570.36647126 1.97942276e+01
6570.42198203 -4.14475250e+00
6570.47749279 2.74048080e+01
6570.53300356 6.47267914e+00
6570.58851432 1.65886688e+00
6570.64402509 1.49941826e+01
6570.69953585 2.65772438e+00
6570.75504662 2.25235538e+01
6570.81055738 -1.23070526e+00
6570.86606815 2.01677532e+01
6570.92157892 -4.57372284e+00
6570.97708968 -1.41650581e+01
6571.03260045 -2.59750938e+01
6571.08811121 -8.84099579e+00
6571.14362198 -4.53035736e+00
6571.19913274 -3.37602425e+00
6571.25464351 -2.52955284e+01
6571.31015427 -2.84602890e+01
6571.36566504 2.00986423e+01
6571.42117580 6.40768051e+00
6571.47668657 5.41730881e+00
6571.53219734 1.85466766e+01
6571.58770810 3.49349823e+01
6571.64321887 1.57910690e+01
6571.69872963 1.75045776e+01
6571.75424040 1.19884148e+01
6571.80975116 1.63053246e+01
6571.86526193 -1.28765545e+01
6571.92077269 -9.68260384e+00
6571.97628346 -1.80536880e+01
6572.03179423 1.67028465e+01
6572.08730499 -1.06074753e+01
6572.14281576 -3.60219574e+00
6572.19832652 -1.31130924e+01
6572.25383729 -2.14132290e+01
6572.30934805 -4.05501175e+00
6572.36485882 3.76799393e+00
6572.42036958 9.45396423e-01
6572.47588035 -1.51030006e+01
6572.53139112 -2.36103058e+00
6572.58690188 -1.95564404e+01
6572.64241265 -1.22680664e+01
6572.69792341 -1.27023411e+01
6572.75343418 -1.72634544e+01
6572.80894494 -3.25463142e+01
6572.86445571 1.99665222e+01
6572.91996647 2.41294098e+01
6572.97547724 9.60497284e+00
6573.03098801 -5.53554153e+00
6573.08649877 -1.80791092e+00
6573.14200954 -1.09158096e+01
6573.19752030 -6.40784454e+00
6573.25303107 -8.50737190e+00
6573.30854183 4.27625656e+00
6573.36405260 -2.00708961e+01
6573.41956336 -1.79201374e+01
6573.47507413 -8.03955078e-01
6573.53058490 -8.14075470e+00
6573.58609566 1.61670876e+01
6573.64160643 -2.44225750e+01
6573.69711719 -2.14676380e+01
6573.75262796 1.40674286e+01
6573.80813872 -2.71374454e+01
6573.86364949 -2.97359028e+01
6573.91916025 2.75467567e+01
6573.97467102 -1.92631321e+01
6574.03018179 1.20866928e+01
6574.08569255 -6.32268524e+00
6574.14120332 -2.19266281e+01
6574.19671408 -1.25535069e+01
6574.25222485 -1.34167614e+01
6574.30773561 -1.40517826e+01
6574.36324638 4.78215408e+00
6574.41875714 4.90562248e+00
6574.47426791 3.45379829e+00
6574.52977868 9.50873947e+00
6574.58528944 1.30087128e+01
6574.64080021 -2.72558842e+01
6574.69631097 2.30142212e+00
6574.75182174 2.58577347e+00
6574.80733250 3.73460922e+01
6574.86284327 -1.05448837e+01
6574.91835403 2.13641758e+01
6574.97386480 -4.99060822e+00
6575.02937557 -3.58909988e+00
6575.08488633 1.11258125e+01
6575.14039710 -2.62670517e+00
6575.19590786 -2.57583618e-01
6575.25141863 9.40310478e+00
6575.30692939 3.91169548e+00
6575.36244016 -3.46708488e+00
6575.41795092 -1.89845009e+01
6575.47346169 4.12363052e+00
6575.52897246 -4.66682625e+00
6575.58448322 -2.44495049e+01
6575.63999399 -9.34443474e+00
6575.69550475 3.39051285e+01
6575.75101552 2.12489510e+01
6575.80652628 2.96829472e+01
6575.86203705 2.13093948e+01
6575.91754781 2.35465965e+01
6575.97305858 3.76349449e+00
6576.02856935 -6.46669388e-01
6576.08408011 1.96453476e+01
6576.13959088 2.50312748e+01
6576.19510164 5.90516281e+00
6576.25061241 9.41236877e+00
6576.30612317 -3.42603493e+00
6576.36163394 -2.03895092e+01
6576.41714470 1.48759270e+01
6576.47265547 4.17582321e+00
6576.52816623 -1.17915535e+00
6576.58367700 -6.58516121e+00
6576.63918777 -7.51289749e+00
6576.69469853 1.55307159e+01
6576.75020930 1.59270973e+01
6576.80572006 -4.21159363e+00
6576.86123083 5.45347977e+00
6576.91674159 9.75712204e+00
6576.97225236 2.47300301e+01
6577.02776312 1.09449387e+01
6577.08327389 -1.13474121e+01
6577.13878466 6.33264923e+00
6577.19429542 1.51999245e+01
6577.24980619 2.36187363e+00
6577.30531695 2.63513126e+01
6577.36082772 2.88304348e+01
6577.41633848 -9.64604759e+00
6577.47184925 6.63192749e-01
6577.52736001 -1.50044460e+01
6577.58287078 -1.97253685e+01
6577.63838155 -2.40970116e+01
6577.69389231 3.74595413e+01
6577.74940308 1.65501919e+01
6577.80491384 3.51821899e+01
6577.86042461 -3.76084518e+00
6577.91593537 -2.14186440e+01
6577.97144614 4.39209175e+00
6578.02695690 -1.14879169e+01
6578.08246767 -9.39651871e+00
6578.13797844 -1.90796623e+01
6578.19348920 2.51859665e+01
6578.24899997 1.53137417e+01
6578.30451073 1.87884521e+00
6578.36002150 2.09682961e+01
6578.41553226 3.15060806e+00
6578.47104303 2.07162666e+00
6578.52655379 -5.24294281e+00
6578.58206456 -8.79622650e+00
6578.63757533 1.75563488e+01
6578.69308609 2.74659195e+01
6578.74859686 7.56190109e+00
6578.80410762 -5.64697075e+00
6578.85961839 1.61217918e+01
6578.91512915 3.93963127e+01
6578.97063992 -1.95813332e+01
6579.02615068 -3.35906143e+01
6579.08166145 -3.20920105e+01
6579.13717222 -1.02989502e+01
6579.19268298 1.25080242e+01
6579.24819375 -1.01919956e+01
6579.30370451 1.38063049e+01
6579.35921528 2.62487602e+00
6579.41472604 3.57487946e+01
6579.47023681 2.47494869e+01
6579.52574757 2.41915550e+01
6579.58125834 4.58756905e+01
6579.63676911 1.22881546e+01
6579.69227987 -1.22595444e+01
6579.74779064 4.26862411e+01
6579.80330140 1.95513535e+01
6579.85881217 2.81421280e+00
6579.91432293 1.76718292e+01
6579.96983370 -4.65475082e-01
6580.02534446 6.12528038e+00
6580.08085523 1.60355949e+01
6580.13636600 -2.85158730e+00
6580.19187676 7.20509911e+00
6580.24738753 -1.06427765e+00
6580.30289829 -1.11819954e+01
6580.35840906 -1.27001247e+01
6580.41391982 3.76025391e+01
6580.46943059 9.09842300e+00
6580.52494135 2.88510895e+00
6580.58045212 -4.41600037e+00
6580.63596289 2.03304634e+01
6580.69147365 -7.82894135e+00
6580.74698442 2.25592499e+01
6580.80249518 -1.02096252e+01
6580.85800595 -6.80163765e+00
6580.91351671 4.92874146e-01
6580.96902748 3.61786652e+00
6581.02453824 1.61093216e+01
6581.08004901 2.93640976e+01
6581.13555978 2.08524170e+01
6581.19107054 2.85270348e+01
6581.24658131 -4.21678352e+00
6581.30209207 -1.23014832e+01
6581.35760284 8.44427299e+00
6581.41311360 2.73188648e+01
6581.46862437 3.57616920e+01
6581.52413513 -2.79666672e+01
6581.57964590 -2.30969467e+01
6581.63515666 2.43440666e+01
6581.69066743 -1.40242624e+01
6581.74617820 1.13788605e+01
6581.80168896 1.53924923e+01
6581.85719973 -7.03007889e+00
6581.91271049 2.61487560e+01
6581.96822126 3.60594254e+01
6582.02373202 2.32480659e+01
6582.07924279 3.05206337e+01
6582.13475355 -1.51429024e+01
6582.19026432 -3.22751770e+01
6582.24577509 -3.68835449e-01
6582.30128585 -1.96166039e+01
6582.35679662 -1.51836834e+01
6582.41230738 -1.71846390e+00
6582.46781815 -1.59301853e+01
6582.52332891 -1.06502762e+01
6582.57883968 5.28215027e+00
6582.63435044 -7.84943962e+00
6582.68986121 -2.53863449e+01
6582.74537198 -2.42109013e+01
6582.80088274 -7.40229607e+00
6582.85639351 4.95255280e+00
6582.91190427 -1.51400490e+01
6582.96741504 7.31871033e+00
6583.02292580 1.91073742e+01
6583.07843657 6.85241508e+00
6583.13394733 -5.09920120e+00
6583.18945810 8.33403397e+00
6583.24496887 1.15750732e+01
6583.30047963 1.58114815e+01
6583.35599040 5.01858902e+00
6583.41150116 -2.99177723e+01
6583.46701193 3.88296127e+00
6583.52252269 2.73640633e+01
6583.57803346 2.72286339e+01
6583.63354422 1.96082306e+01
6583.68905499 1.33463326e+01
6583.74456576 6.64901733e-03
6583.80007652 -2.68219604e+01
6583.85558729 -1.47284126e+01
6583.91109805 1.70582123e+01
6583.96660882 6.04487610e+00
6584.02211958 8.62194443e+00
6584.07763035 -1.95527058e+01
6584.13314111 8.74001312e+00
6584.18865188 -1.90757523e+01
6584.24416265 -1.65842571e+01
6584.29967341 -1.04726238e+01
6584.35518418 2.90937614e+01
6584.41069494 2.75260277e+01
6584.46620571 1.48125877e+01
6584.52171647 -5.46564293e+00
6584.57722724 -1.38728161e+01
6584.63273800 -1.08001518e+00
6584.68824877 -3.91192665e+01
6584.74375954 -8.52333832e+00
6584.79927030 -5.74457741e+00
6584.85478107 -8.43412590e+00
6584.91029183 9.28464890e-01
6584.96580260 -3.56536484e+00
6585.02131336 -1.78380756e+01
6585.07682413 -5.05185318e+00
6585.13233489 -3.03329468e-01
6585.18784566 -1.30379295e+01
6585.24335643 -1.73341389e+01
6585.29886719 1.45861130e+01
6585.35437796 -1.31544304e+00
6585.40988872 1.02946987e+01
6585.46539949 2.26361122e+01
6585.52091025 1.38763733e+01
6585.57642102 4.20630493e+01
6585.63193178 -1.55032272e+01
6585.68744255 3.01461582e+01
6585.74295332 1.48057804e+01
6585.79846408 -8.53836250e+00
6585.85397485 2.25141926e+01
6585.90948561 3.56093292e+01
6585.96499638 4.88732452e+01
6586.02050714 3.79704018e+01
6586.07601791 4.49696732e+00
6586.13152867 1.78000393e+01
6586.18703944 -8.25530052e+00
6586.24255021 1.86161575e+01
6586.29806097 -9.54098225e+00
6586.35357174 3.03327560e-01
6586.40908250 2.04956131e+01
6586.46459327 -4.40060806e+00
6586.52010403 -1.67793083e+01
6586.57561480 3.11269760e-01
6586.63112556 -1.26324272e+01
6586.68663633 5.08344269e+00
6586.74214709 1.29149036e+01
6586.79765786 5.54147720e-01
6586.85316863 -2.14477005e+01
6586.90867939 1.34142532e+01
6586.96419016 7.42104721e+00
6587.01970092 -9.71882248e+00
6587.07521169 -1.89135551e+00
6587.13072245 -2.78599949e+01
6587.18623322 2.44826317e+00
6587.24174398 -1.42099714e+01
6587.29725475 1.05806446e+01
6587.35276552 -2.19107437e+00
6587.40827628 1.61961842e+01
6587.46378705 -2.10761375e+01
6587.51929781 -2.79278946e+00
6587.57480858 -1.36517220e+01
6587.63031934 -1.73248520e+01
6587.68583011 1.09809990e+01
6587.74134087 -9.21296120e+00
6587.79685164 9.58576584e+00
6587.85236241 1.71139450e+01
6587.90787317 -1.27407398e+01
6587.96338394 1.93213978e+01
6588.01889470 -1.30709314e+01
6588.07440547 -1.89804878e+01
6588.12991623 -2.47566376e+01
6588.18542700 -4.97535706e+00
6588.24093776 2.50396595e+01
6588.29644853 -3.31768036e+00
6588.35195930 1.88392296e+01
6588.40747006 1.73780594e+01
6588.46298083 -2.97212410e+00
6588.51849159 4.11212387e+01
6588.57400236 1.63199043e+01
6588.62951312 9.99077034e+00
6588.68502389 4.54569626e+00
6588.74053465 7.89905548e+00
6588.79604542 3.76274300e+00
6588.85155619 2.33257008e+01
6588.90706695 -1.05096760e+01
6588.96257772 1.94817352e+00
6589.01808848 4.12339859e+01
6589.07359925 7.57230377e+00
6589.12911001 1.84122410e+01
6589.18462078 6.04974747e-01
6589.24013154 -2.81739540e+01
6589.29564231 -2.17236328e+00
6589.35115308 -4.67395096e+01
6589.40666384 -2.02978516e+00
6589.46217461 -2.11833954e+00
6589.51768537 -1.56239262e+01
6589.57319614 2.34039497e+00
6589.62870690 1.00364094e+01
6589.68421767 -7.64852524e-01
6589.73972843 1.80970287e+01
6589.79523920 -8.04181099e+00
6589.85074997 -3.55640182e+01
6589.90626073 1.89452820e+01
6589.96177150 5.39834785e+00
6590.01728226 -3.50788193e+01
6590.07279303 2.31103859e+01
6590.12830379 -2.03539658e+01
6590.18381456 1.56064739e+01
6590.23932532 -1.05999794e+01
6590.29483609 3.01229286e+00
6590.35034686 -2.98450089e+01
6590.40585762 4.53242493e+01
6590.46136839 4.82052536e+01
6590.51687915 6.50649643e+00
6590.57238992 -1.56643095e+01
6590.62790068 -4.82815170e+00
6590.68341145 -2.05532455e+00
6590.73892221 -3.54283905e+00
6590.79443298 2.20540619e+00
6590.84994375 3.45020523e+01
6590.90545451 1.98517799e+00
6590.96096528 3.95385742e-01
6591.01647604 1.31291428e+01
6591.07198681 2.63465862e+01
6591.12749757 3.55743980e+00
6591.18300834 -3.33500900e+01
6591.23851910 -3.83680992e+01
6591.29402987 -1.89338646e+01
6591.34954064 -5.60190868e+00
6591.40505140 4.63112640e+00
6591.46056217 8.02174473e+00
6591.51607293 1.09639740e+00
6591.57158370 1.77132854e+01
6591.62709446 -1.95349979e+01
6591.68260523 -8.46298599e+00
6591.73811599 -6.99666405e+00
6591.79362676 3.69468689e-01
6591.84913752 5.91251373e-01
6591.90464829 -1.46527195e+01
6591.96015906 1.70881443e+01
6592.01566982 -1.61109695e+01
6592.07118059 6.25523949e+00
6592.12669135 -1.67966843e+00
6592.18220212 3.94918213e+01
6592.23771288 2.40540676e+01
6592.29322365 -1.75533257e+01
6592.34873441 8.87111855e+00
6592.40424518 3.42342186e+01
6592.45975595 3.09215527e+01
6592.51526671 3.56999111e+00
6592.57077748 -2.70650101e+00
6592.62628824 1.00406532e+01
6592.68179901 5.50074959e+00
6592.73730977 -4.92167282e+00
6592.79282054 1.50249443e+01
6592.84833130 4.30858994e+00
6592.90384207 -8.91689682e+00
6592.95935284 -1.32770767e+01
6593.01486360 9.02666664e+00
6593.07037437 1.47189140e+01
6593.12588513 -1.81853371e+01
6593.18139590 9.10609055e+00
6593.23690666 3.52420425e+00
6593.29241743 -1.42954664e+01
6593.34792819 -2.02687550e+01
6593.40343896 -3.40644264e+00
6593.45894973 1.52654037e+01
6593.51446049 8.57965088e+00
6593.56997126 2.87220879e+01
6593.62548202 2.29730320e+01
6593.68099279 -9.05517101e+00
6593.73650355 -5.10498524e+00
6593.79201432 1.12953949e+01
6593.84752508 2.15996513e+01
6593.90303585 6.87650490e+00
6593.95854662 1.25726986e+01
6594.01405738 -2.96816711e+01
6594.06956815 -1.35524359e+01
6594.12507891 1.05664043e+01
6594.18058968 1.56590519e+01
6594.23610044 -2.08226204e+01
6594.29161121 -2.75507050e+01
6594.34712197 1.30969143e+01
6594.40263274 -1.35895624e+01
6594.45814351 5.37144852e+00
6594.51365427 2.13992271e+01
6594.56916504 -3.19531097e+01
6594.62467580 -1.95314808e+01
6594.68018657 4.63655090e+00
6594.73569733 7.24404907e+00
6594.79120810 1.35210781e+01
6594.84671886 -4.04954910e-01
6594.90222963 -3.06377411e+01
6594.95774040 1.25510025e+00
6595.01325116 -1.77818432e+01
6595.06876193 1.68496475e+01
6595.12427269 1.32915287e+01
6595.17978346 2.48617077e+01
6595.23529422 -8.66636753e+00
6595.29080499 1.22203064e+00
6595.34631575 -7.25400162e+00
6595.40182652 2.07168961e+00
6595.45733729 1.09925117e+01
6595.51284805 -2.43185844e+01
6595.56835882 -4.30642319e+00
6595.62386958 1.97073307e+01
6595.67938035 -5.29017544e+00
6595.73489111 -1.61787758e+01
6595.79040188 -6.66129303e+00
6595.84591264 -2.07054043e+00
6595.90142341 -1.14688044e+01
6595.95693418 -2.29858532e+01
6596.01244494 -2.09525967e+00
6596.06795571 9.22342587e+00
6596.12346647 7.14065170e+00
6596.17897724 -1.01491375e+01
6596.23448800 -1.46647930e+01
6596.28999877 -5.06035995e+00
6596.34550953 2.08678570e+01
6596.40102030 7.43592072e+00
6596.45653107 -3.66227722e+01
6596.51204183 1.29481640e+01
6596.56755260 2.00080433e+01
6596.62306336 -1.25843811e+01
6596.67857413 1.04809074e+01
6596.73408489 2.19679432e+01
6596.78959566 1.95578995e+01
6596.84510642 -1.57383442e+00
6596.90061719 -1.22007484e+01
6596.95612795 1.89569759e+01
6597.01163872 1.82605076e+01
6597.06714949 -8.12629509e+00
6597.12266025 8.41295242e-01
6597.17817102 -1.63225746e+00
6597.23368178 3.64776039e+00
6597.28919255 -1.10731936e+01
6597.34470331 -9.46029282e+00
6597.40021408 3.54193687e+00
6597.45572484 -1.65816498e+00
6597.51123561 -1.28579388e+01
6597.56674638 -9.29742908e+00
6597.62225714 -6.12350082e+00
6597.67776791 -3.78163643e+01
6597.73327867 1.34023094e+00
6597.78878944 -9.58615112e+00
6597.84430020 2.44997787e+01
6597.89981097 -2.06035156e+01
6597.95532173 -1.71526508e+01
6598.01083250 9.87657547e+00
6598.06634327 -1.06938915e+01
6598.12185403 -6.39706516e+00
6598.17736480 1.18412476e+01
6598.23287556 3.37626038e+01
6598.28838633 -4.77803612e+00
6598.34389709 5.65141201e+00
6598.39940786 2.45277176e+01
6598.45491862 9.67114639e+00
6598.51042939 -1.22927284e+00
6598.56594016 -1.92954350e+01
6598.62145092 2.61299019e+01
6598.67696169 -2.38113899e+01
6598.73247245 -4.66977978e+00
6598.78798322 4.03955612e+01
6598.84349398 3.12429237e+00
6598.89900475 -1.07016630e+01
6598.95451551 9.66452885e+00
6599.01002628 2.91922226e+01
6599.06553705 -3.18969440e+00
6599.12104781 1.69742489e+01
6599.17655858 1.45356560e+01
