# Rest-frame spectrum generated from: N1073B0003o_1d.fits
# lambda_Ha_obs = 6589.74800000 Angstrom
# lambda_Ha_rest = 6562.80000000 Angstrom
# z_Ha = 4.1061741939e-03
# v_Ha_relativistic = 1228.472725 km/s
# v_Ha_classical = 1231.000055 km/s
# columns: wavelength_rest[Angstrom] flux_or_counts

6542.89885429 -1.47314529e+01
6542.95435211 -1.47327242e+01
6543.00984992 -1.47317247e+01
6543.06534774 -1.47320509e+01
6543.12084556 -1.47340508e+01
6543.17634338 -1.47317610e+01
6543.23184119 -1.47316647e+01
6543.28733901 -1.47274704e+01
6543.34283683 -1.47227516e+01
6543.39833465 -1.47167702e+01
6543.45383246 -1.47132950e+01
6543.50933028 -1.47106781e+01
6543.56482810 -1.47053528e+01
6543.62032592 -1.46995974e+01
6543.67582373 -1.44188786e+01
6543.73132155 -1.49610777e+01
6543.78681937 -1.46867104e+01
6543.84231719 -1.54517031e+01
6543.89781500 -1.32099924e+01
6543.95331282 -1.39378529e+01
6544.00881064 -1.17103863e+01
6544.06430846 -6.09434891e+00
6544.11980627 -1.04736576e+01
6544.17530409 4.63334274e+00
6544.23080191 1.26955795e+01
6544.28629973 1.28615150e+01
6544.34179754 3.42930832e+01
6544.39729536 3.12648373e+01
6544.45279318 2.20416870e+01
6544.50829100 -9.39090157e+00
6544.56378881 -1.20710926e+01
6544.61928663 -6.44355011e+00
6544.67478445 1.05939846e+01
6544.73028227 1.28908768e+01
6544.78578008 -1.44773865e+00
6544.84127790 1.44078140e+01
6544.89677572 -9.36520386e+00
6544.95227354 -2.34623337e+00
6545.00777135 -1.00094948e+01
6545.06326917 9.72312927e+00
6545.11876699 1.77536030e+01
6545.17426481 -1.45232840e+01
6545.22976262 2.73614197e+01
6545.28526044 7.23703003e+00
6545.34075826 -8.78265476e+00
6545.39625607 1.34405327e+00
6545.45175389 1.11437054e+01
6545.50725171 1.69626808e+00
6545.56274953 -1.35942850e+01
6545.61824734 7.46633530e+00
6545.67374516 -2.38899422e+00
6545.72924298 -1.50748825e+01
6545.78474080 1.19296837e+01
6545.84023861 2.17876930e+01
6545.89573643 6.32103729e+00
6545.95123425 1.27055931e+00
6546.00673207 -1.54627457e+01
6546.06222988 1.63349152e+00
6546.11772770 2.43995590e+01
6546.17322552 -1.65289574e+01
6546.22872334 -2.35316067e+01
6546.28422115 3.40884399e+00
6546.33971897 7.77685165e-01
6546.39521679 -6.09603500e+00
6546.45071461 7.55935287e+00
6546.50621242 7.72675514e+00
6546.56171024 2.27019691e+00
6546.61720806 3.49765396e+00
6546.67270588 8.35671234e+00
6546.72820369 4.78106689e+00
6546.78370151 3.18829536e+00
6546.83919933 -4.10578346e+00
6546.89469715 -2.29565125e+01
6546.95019496 -2.35194950e+01
6547.00569278 1.83076572e+01
6547.06119060 -1.31794739e+00
6547.11668842 3.27790985e+01
6547.17218623 1.71593037e+01
6547.22768405 1.76293221e+01
6547.28318187 4.84429474e+01
6547.33867969 2.25033894e+01
6547.39417750 9.70530510e+00
6547.44967532 -1.16368103e+00
6547.50517314 3.45599365e+01
6547.56067096 1.36350002e+01
6547.61616877 2.25083523e+01
6547.67166659 4.52436714e+01
6547.72716441 2.39901066e+01
6547.78266223 2.20456448e+01
6547.83816004 7.83911209e+01
6547.89365786 4.01538048e+01
6547.94915568 5.13127441e+01
6548.00465349 3.51052742e+01
6548.06015131 5.66289482e+01
6548.11564913 3.01113472e+01
6548.17114695 7.30028152e-01
6548.22664476 1.75591202e+01
6548.28214258 1.96493912e+01
6548.33764040 2.70578117e+01
6548.39313822 6.53577805e+00
6548.44863603 4.19065857e+00
6548.50413385 -1.64511471e+01
6548.55963167 -2.36721077e+01
6548.61512949 3.72719002e+00
6548.67062730 4.18235970e+00
6548.72612512 2.48723984e-01
6548.78162294 -9.32687092e+00
6548.83712076 9.96580315e+00
6548.89261857 9.46643066e+00
6548.94811639 2.72369385e+00
6549.00361421 1.48931713e+01
6549.05911203 -2.73501568e+01
6549.11460984 -1.91790085e+01
6549.17010766 2.50197105e+01
6549.22560548 1.43027859e+01
6549.28110330 5.87301254e+00
6549.33660111 1.17575397e+01
6549.39209893 -6.64234543e+00
6549.44759675 4.17251587e+00
6549.50309457 -9.17473793e+00
6549.55859238 -1.52033405e+01
6549.61409020 1.07297955e+01
6549.66958802 1.11024094e+01
6549.72508584 3.13585434e+01
6549.78058365 -5.20332336e-01
6549.83608147 -4.77726746e+00
6549.89157929 2.91752434e+01
6549.94707711 2.86613083e+00
6550.00257492 4.99599457e+00
6550.05807274 6.41693878e+00
6550.11357056 -5.64519501e+00
6550.16906838 6.59764862e+00
6550.22456619 1.25941925e+01
6550.28006401 2.97710953e+01
6550.33556183 3.29708710e+01
6550.39105965 5.68726501e+01
6550.44655746 2.96951065e+01
6550.50205528 4.66096878e+00
6550.55755310 -3.85983734e+01
6550.61305091 -5.68590164e-01
6550.66854873 2.76474285e+01
6550.72404655 -6.46794891e+00
6550.77954437 -1.06293507e+01
6550.83504218 -1.80137386e+01
6550.89054000 -9.86872482e+00
6550.94603782 1.69426537e+00
6551.00153564 -3.06587219e-01
6551.05703345 9.61003685e+00
6551.11253127 5.58441925e+00
6551.16802909 1.01785774e+01
6551.22352691 8.26702690e+00
6551.27902472 -1.70702362e+00
6551.33452254 1.45711479e+01
6551.39002036 2.19365883e+01
6551.44551818 2.75024853e+01
6551.50101599 -1.44587440e+01
6551.55651381 7.68526649e+00
6551.61201163 3.19970322e+01
6551.66750945 -1.15001717e+01
6551.72300726 1.35284595e+01
6551.77850508 -1.67705917e+00
6551.83400290 7.92699432e+00
6551.88950072 3.34521103e+00
6551.94499853 -1.48422079e+01
6552.00049635 -2.70146751e+00
6552.05599417 1.35358334e+01
6552.11149199 -6.04777908e+00
6552.16698980 -2.22213249e+01
6552.22248762 1.09239197e+00
6552.27798544 -2.39550915e+01
6552.33348326 3.44378967e+01
6552.38898107 1.67535095e+01
6552.44447889 2.55727100e+01
6552.49997671 5.05022049e-01
6552.55547453 -2.21732674e+01
6552.61097234 -2.46218109e+00
6552.66647016 1.05351982e+01
6552.72196798 8.82141876e+00
6552.77746580 4.08555984e+00
6552.83296361 1.82269783e+01
6552.88846143 1.07637424e+01
6552.94395925 9.66694355e+00
6552.99945707 5.67422485e+00
6553.05495488 1.76384869e+01
6553.11045270 1.14039688e+01
6553.16595052 9.42018509e+00
6553.22144833 -7.30621147e+00
6553.27694615 -3.48750992e+01
6553.33244397 -2.38814926e+00
6553.38794179 -7.18181801e+00
6553.44343960 -1.98237953e+01
6553.49893742 -1.29433956e+01
6553.55443524 -1.78289413e+01
6553.60993306 -1.45437126e+01
6553.66543087 -7.90402412e+00
6553.72092869 -1.44317503e+01
6553.77642651 -1.20291634e+01
6553.83192433 8.11330414e+00
6553.88742214 -9.35254192e+00
6553.94291996 -3.24846077e+00
6553.99841778 1.85744667e+00
6554.05391560 1.12788715e+01
6554.10941341 8.47132874e+00
6554.16491123 -2.93414307e+00
6554.22040905 -4.41427994e+00
6554.27590687 -5.95075321e+00
6554.33140468 -4.05888367e+00
6554.38690250 1.00218105e+01
6554.44240032 -1.83536720e+00
6554.49789814 -2.45035591e+01
6554.55339595 -8.02754593e+00
6554.60889377 8.13592911e-01
6554.66439159 7.88478851e+00
6554.71988941 -1.32026768e+00
6554.77538722 -2.55929184e+00
6554.83088504 1.72543869e+01
6554.88638286 -1.26237297e+01
6554.94188068 -2.34712982e+00
6554.99737849 -9.77957344e+00
6555.05287631 1.90965958e+01
6555.10837413 -1.40888643e+01
6555.16387195 -2.43705139e+01
6555.21936976 -1.03378210e+01
6555.27486758 -5.19993401e+00
6555.33036540 1.76419449e+00
6555.38586322 -1.41570005e+01
6555.44136103 -6.83443069e+00
6555.49685885 -1.88918877e+00
6555.55235667 1.60577488e+01
6555.60785449 4.65014267e+00
6555.66335230 -2.05575409e+01
6555.71885012 -1.36817169e+00
6555.77434794 1.64085941e+01
6555.82984575 1.00263424e+01
6555.88534357 -1.74177971e+01
6555.94084139 1.69748497e+00
6555.99633921 1.27337074e+01
6556.05183702 -8.98780632e+00
6556.10733484 -7.57576084e+00
6556.16283266 1.19776077e+01
6556.21833048 8.26024818e+00
6556.27382829 -2.03771515e+01
6556.32932611 -9.04447174e+00
6556.38482393 -1.14160099e+01
6556.44032175 -3.09480114e+01
6556.49581956 1.37269287e+01
6556.55131738 1.86792946e+00
6556.60681520 1.94667244e+00
6556.66231302 1.64662876e+01
6556.71781083 2.97250175e+00
6556.77330865 2.01618881e+01
6556.82880647 -5.52007389e+00
6556.88430429 -3.10740395e+01
6556.93980210 -1.59395828e+01
6556.99529992 9.92144012e+00
6557.05079774 -9.53786850e-01
6557.10629556 2.21974945e+00
6557.16179337 1.31513977e+01
6557.21729119 -5.22358704e+00
6557.27278901 2.04243183e+01
6557.32828683 -3.93489647e+00
6557.38378464 -6.55293655e+00
6557.43928246 1.82808075e+01
6557.49478028 -1.52393808e+01
6557.55027810 2.24337978e+01
6557.60577591 -4.60986900e+00
6557.66127373 2.27758522e+01
6557.71677155 6.67472076e+00
6557.77226937 2.76759014e+01
6557.82776718 4.98918152e+00
6557.88326500 1.42653255e+01
6557.93876282 -1.58760872e+01
6557.99426064 4.05532265e+00
6558.04975845 1.79342403e+01
6558.10525627 -1.87203217e+00
6558.16075409 9.48181152e+00
6558.21625191 -1.54419193e+01
6558.27174972 1.23759270e+01
6558.32724754 2.36291351e+01
6558.38274536 1.06523857e+01
6558.43824317 -5.47195435e+00
6558.49374099 -1.95721912e+01
6558.54923881 8.33283806e+00
6558.60473663 8.32033730e+00
6558.66023444 -9.21019554e+00
6558.71573226 1.28521156e+01
6558.77123008 -1.54666901e-02
6558.82672790 6.02984810e+00
6558.88222571 2.94187107e+01
6558.93772353 1.57715588e+01
6558.99322135 -1.12383080e+00
6559.04871917 -7.92660904e+00
6559.10421698 4.35594368e+01
6559.15971480 -3.89043617e+00
6559.21521262 2.04869003e+01
6559.27071044 4.57643890e+00
6559.32620825 3.16346798e+01
6559.38170607 -2.38279743e+01
6559.43720389 -1.70031166e+00
6559.49270171 -1.29316292e+01
6559.54819952 -3.58163071e+01
6559.60369734 -9.60157585e+00
6559.65919516 5.11519241e+00
6559.71469298 -9.82276535e+00
6559.77019079 -1.42782516e+01
6559.82568861 -3.70871162e+00
6559.88118643 -9.92122650e-01
6559.93668425 7.37453842e+00
6559.99218206 -1.38311577e+01
6560.04767988 1.18258934e+01
6560.10317770 6.97492790e+00
6560.15867552 -2.02579784e+01
6560.21417333 -3.65044022e+00
6560.26967115 1.77701778e+01
6560.32516897 -6.33431053e+00
6560.38066679 4.55920792e+00
6560.43616460 2.19233704e+00
6560.49166242 1.26770802e+01
6560.54716024 -2.32629433e+01
6560.60265806 -1.73887596e+01
6560.65815587 -3.83212090e+00
6560.71365369 -8.34225178e+00
6560.76915151 1.96127129e+01
6560.82464933 -1.43264732e+01
6560.88014714 7.02935028e+00
6560.93564496 2.90151062e+01
6560.99114278 8.90792465e+00
6561.04664060 -1.32672548e+01
6561.10213841 2.44641380e+01
6561.15763623 -7.70837402e+00
6561.21313405 1.41291771e+01
6561.26863186 2.89856071e+01
6561.32412968 1.48074951e+01
6561.37962750 1.66120300e+01
6561.43512532 1.36360340e+01
6561.49062313 1.36656456e+01
6561.54612095 -2.09354019e+00
6561.60161877 1.94882889e+01
6561.65711659 4.83791084e+01
6561.71261440 1.54411335e+01
6561.76811222 4.25354805e+01
6561.82361004 4.85737419e+01
6561.87910786 5.23621941e+01
6561.93460567 6.67698975e+01
6561.99010349 7.31615372e+01
6562.04560131 9.36302032e+01
6562.10109913 1.31895737e+02
6562.15659694 1.52165985e+02
6562.21209476 1.71601364e+02
6562.26759258 2.45751144e+02
6562.32309040 2.95049896e+02
6562.37858821 3.14776276e+02
6562.43408603 3.94505005e+02
6562.48958385 4.72572845e+02
6562.54508167 5.23458801e+02
6562.60057948 6.23515625e+02
6562.65607730 7.06235535e+02
6562.71157512 6.92774780e+02
6562.76707294 7.72015320e+02
6562.82257075 7.63861206e+02
6562.87806857 7.80006653e+02
6562.93356639 6.84090332e+02
6562.98906421 6.36659119e+02
6563.04456202 5.98312439e+02
6563.10005984 5.10463501e+02
6563.15555766 4.18026428e+02
6563.21105548 3.56084167e+02
6563.26655329 3.22132996e+02
6563.32205111 2.43310074e+02
6563.37754893 1.50170853e+02
6563.43304675 1.08523697e+02
6563.48854456 8.30602875e+01
6563.54404238 3.99029160e+01
6563.59954020 4.01623306e+01
6563.65503802 4.26025620e+01
6563.71053583 2.65631542e+01
6563.76603365 1.66251659e+01
6563.82153147 4.09964676e+01
6563.87702928 2.68365746e+01
6563.93252710 1.19130039e+01
6563.98802492 1.45202732e+01
6564.04352274 -6.17359734e+00
6564.09902055 -1.37242508e+00
6564.15451837 3.93274307e+00
6564.21001619 1.49533215e+01
6564.26551401 5.12567139e+00
6564.32101182 4.15557594e+01
6564.37650964 3.74798355e+01
6564.43200746 -1.21686268e+01
6564.48750528 5.64312172e+00
6564.54300309 1.83805122e+01
6564.59850091 1.47766132e+01
6564.65399873 -1.77213478e+00
6564.70949655 1.98534508e+01
6564.76499436 3.36351242e+01
6564.82049218 3.13668556e+01
6564.87599000 2.91007557e+01
6564.93148782 2.84153385e+01
6564.98698563 -1.99054718e-01
6565.04248345 -3.56069183e+00
6565.09798127 -3.22917099e+01
6565.15347909 1.83490772e+01
6565.20897690 9.80790901e+00
6565.26447472 -8.52242851e+00
6565.31997254 1.00948105e+01
6565.37547036 -3.94743156e+00
6565.43096817 -9.00738335e+00
6565.48646599 -4.05197334e+00
6565.54196381 9.55432510e+00
6565.59746163 -2.12653732e+00
6565.65295944 -1.97902069e+01
6565.70845726 1.18067837e+01
6565.76395508 -1.43615704e+01
6565.81945290 3.38780022e+01
6565.87495071 -2.06336021e+00
6565.93044853 -3.17775345e+00
6565.98594635 -2.29720402e+01
6566.04144417 1.26792030e+01
6566.09694198 -3.96417618e+00
6566.15243980 1.15626488e+01
6566.20793762 -3.24576950e+00
6566.26343544 9.46611595e+00
6566.31893325 -1.48654518e+01
6566.37443107 -3.35719604e+01
6566.42992889 7.60373688e+00
6566.48542670 4.97248268e+00
6566.54092452 7.57421875e+00
6566.59642234 9.08899689e+00
6566.65192016 4.54604149e+00
6566.70741797 -5.63777256e+00
6566.76291579 -3.11868649e+01
6566.81841361 -4.42686081e+00
6566.87391143 -1.45387573e+01
6566.92940924 3.00358543e+01
6566.98490706 3.31313133e+00
6567.04040488 -2.88238525e-01
6567.09590270 2.04253006e+01
6567.15140051 -7.97285461e+00
6567.20689833 1.58165150e+01
6567.26239615 2.15405064e+01
6567.31789397 9.95931816e+00
6567.37339178 -1.46337147e+01
6567.42888960 -1.25465298e+01
6567.48438742 -1.12597504e+01
6567.53988524 -1.96234016e+01
6567.59538305 -4.27704811e+00
6567.65088087 -3.16048431e+00
6567.70637869 2.41923332e+00
6567.76187651 2.45112572e+01
6567.81737432 2.21702499e+01
6567.87287214 1.45569572e+01
6567.92836996 2.81718845e+01
6567.98386778 8.77266502e+00
6568.03936559 1.23147526e+01
6568.09486341 -8.64814758e-01
6568.15036123 1.60096760e+01
6568.20585905 1.11314220e+01
6568.26135686 -2.30223083e+01
6568.31685468 -1.73777962e+01
6568.37235250 1.21297569e+01
6568.42785032 -9.74660587e+00
6568.48334813 2.47703171e+00
6568.53884595 2.33791122e+01
6568.59434377 -1.50430679e+01
6568.64984159 -4.93335533e+00
6568.70533940 -1.15213032e+01
6568.76083722 9.67493248e+00
6568.81633504 2.58666248e+01
6568.87183286 -6.28040314e-01
6568.92733067 -1.70123425e+01
6568.98282849 -1.37706652e+01
6569.03832631 1.33981590e+01
6569.09382412 -7.61115646e+00
6569.14932194 -3.40022850e+00
6569.20481976 -1.97525215e+00
6569.26031758 -4.81089973e+00
6569.31581539 1.83295498e+01
6569.37131321 1.58824883e+01
6569.42681103 2.03660736e+01
6569.48230885 -1.43826122e+01
6569.53780666 -3.78498840e+00
6569.59330448 7.12411499e+00
6569.64880230 3.49228477e+00
6569.70430012 -1.48811359e+01
6569.75979793 -5.07641411e+00
6569.81529575 3.72555923e+00
6569.87079357 -4.70555305e+00
6569.92629139 2.07081394e+01
6569.98178920 9.93145370e+00
6570.03728702 -4.62529755e+00
6570.09278484 2.50645866e+01
6570.14828266 -2.75354004e+00
6570.20378047 -2.85806656e+00
6570.25927829 -3.89744759e+00
6570.31477611 1.41736298e+01
6570.37027393 1.84516907e-02
6570.42577174 -1.16086903e+01
6570.48126956 1.39763317e+01
6570.53676738 2.45960236e+01
6570.59226520 1.72599659e+01
6570.64776301 4.44831085e+00
6570.70326083 -7.70765018e+00
6570.75875865 -1.27439814e+01
6570.81425647 -2.08363304e+01
6570.86975428 -2.16446190e+01
6570.92525210 3.50370026e+00
6570.98074992 -7.28748894e+00
6571.03624774 6.84582329e+00
6571.09174555 -1.05312386e+01
6571.14724337 -1.58186302e+01
6571.20274119 2.04273548e+01
6571.25823901 2.23904190e+01
6571.31373682 3.19607735e+00
6571.36923464 1.17328339e+01
6571.42473246 2.30473824e+01
6571.48023028 -4.70905304e+00
6571.53572809 -8.16768646e-01
6571.59122591 6.90099525e+00
6571.64672373 -1.23447685e+01
6571.70222154 1.19819069e+00
6571.75771936 5.02119446e+00
6571.81321718 1.00288258e+01
6571.86871500 1.37152233e+01
6571.92421281 1.93790169e+01
6571.97971063 -1.44859600e+01
6572.03520845 7.41712952e+00
6572.09070627 -7.87928772e+00
6572.14620408 9.97270775e+00
6572.20170190 1.80877590e+01
6572.25719972 2.11205673e+00
6572.31269754 -8.91150665e+00
6572.36819535 1.94830875e+01
6572.42369317 -1.42487459e+01
6572.47919099 8.06121826e-02
6572.53468881 -1.28406696e+01
6572.59018662 -1.45653687e+01
6572.64568444 -8.54796886e+00
6572.70118226 5.44341660e+00
6572.75668008 1.19152069e-02
6572.81217789 -7.71516800e+00
6572.86767571 -8.91433716e-01
6572.92317353 -2.31651688e+00
6572.97867135 2.68093452e+01
6573.03416916 -2.87127686e+00
6573.08966698 5.58407402e+00
6573.14516480 -6.33918381e+00
6573.20066262 2.15597153e+01
6573.25616043 -4.35424995e+00
6573.31165825 2.51043510e+00
6573.36715607 2.16347542e+01
6573.42265389 1.53669968e+01
6573.47815170 -1.39999390e-01
6573.53364952 5.19051552e+00
6573.58914734 -1.53974628e+01
6573.64464516 -7.44134903e-01
6573.70014297 1.45702553e+00
6573.75564079 -1.05897961e+01
6573.81113861 -1.35081482e+00
6573.86663643 7.73476982e+00
6573.92213424 4.77035522e+00
6573.97763206 1.10434799e+01
6574.03312988 1.14465866e+01
6574.08862770 -9.08805847e-01
6574.14412551 1.41838589e+01
6574.19962333 1.60861874e+01
6574.25512115 1.47038898e+01
6574.31061896 -1.29764557e-01
6574.36611678 3.90682793e+00
6574.42161460 2.07194042e+01
6574.47711242 5.57558250e+00
6574.53261023 6.88314247e+00
6574.58810805 1.40438900e+01
6574.64360587 3.99242592e+00
6574.69910369 8.57400131e+00
6574.75460150 -7.44550705e-01
6574.81009932 -2.08502464e+01
6574.86559714 1.39220524e+01
6574.92109496 2.55163002e+01
6574.97659277 5.77165222e+00
6575.03209059 3.65653305e+01
6575.08758841 2.11914692e+01
6575.14308623 -6.78015041e+00
6575.19858404 1.90136147e+01
6575.25408186 -1.57116327e+01
6575.30957968 -7.04537201e+00
6575.36507750 6.78280449e+00
6575.42057531 -1.17834644e+01
6575.47607313 1.32050667e+01
6575.53157095 -1.67252274e+01
6575.58706877 4.38167572e+01
6575.64256658 -7.13369465e+00
6575.69806440 1.14902573e+01
6575.75356222 -1.03114462e+01
6575.80906004 6.38172722e+00
6575.86455785 9.93949699e+00
6575.92005567 8.45060921e+00
6575.97555349 -7.99279404e+00
6576.03105131 -5.86558151e+00
6576.08654912 -8.25191498e-01
6576.14204694 7.36793327e+00
6576.19754476 3.61833954e+00
6576.25304258 8.93085098e+00
6576.30854039 1.22067833e+00
6576.36403821 2.16914616e+01
6576.41953603 1.71498833e+01
6576.47503385 6.94770241e+00
6576.53053166 -1.66241989e+01
6576.58602948 1.35788517e+01
6576.64152730 6.13806725e+00
6576.69702512 4.21274376e+00
6576.75252293 -3.37741814e+01
6576.80802075 -1.76031570e+01
6576.86351857 -7.98571777e+00
6576.91901638 -1.38699837e+01
6576.97451420 -2.41130295e+01
6577.03001202 -1.16876354e+01
6577.08550984 5.75804138e+00
6577.14100765 1.22381973e+01
6577.19650547 2.38040886e+01
6577.25200329 1.86662216e+01
6577.30750111 2.88324776e+01
6577.36299892 1.26166573e+01
6577.41849674 -9.76372623e+00
6577.47399456 6.34212494e-02
6577.52949238 1.63520908e+01
6577.58499019 -4.04772949e+00
6577.64048801 6.03116798e+00
6577.69598583 2.23930264e+01
6577.75148365 2.67426167e+01
6577.80698146 1.17393131e+01
6577.86247928 6.89295197e+00
6577.91797710 2.16106110e+01
6577.97347492 5.22178650e-01
6578.02897273 -6.12835121e+00
6578.08447055 1.10327358e+01
6578.13996837 -6.34991264e+00
6578.19546619 6.43043518e-02
6578.25096400 -3.64530373e+00
6578.30646182 -2.42096100e+01
6578.36195964 -1.42077379e+01
6578.41745746 1.36515427e+01
6578.47295527 7.83354378e+00
6578.52845309 -7.60412979e+00
6578.58395091 -1.97689495e+01
6578.63944873 2.07044029e+00
6578.69494654 2.10404530e+01
6578.75044436 -2.13114090e+01
6578.80594218 2.48732586e+01
6578.86144000 -1.77396927e+01
6578.91693781 -5.44244766e-01
6578.97243563 -1.19994926e+00
6579.02793345 2.13690853e+01
6579.08343127 1.40358162e+00
6579.13892908 -6.56749916e+00
6579.19442690 -5.03210258e+00
6579.24992472 6.17000866e+00
6579.30542254 -7.38291740e+00
6579.36092035 -7.61157417e+00
6579.41641817 -4.96650314e+00
6579.47191599 3.42971039e+01
6579.52741381 4.06484413e+01
6579.58291162 6.38662338e+00
6579.63840944 1.30625916e+01
6579.69390726 2.49564571e+01
6579.74940507 -1.98396091e+01
6579.80490289 -1.90945129e+01
6579.86040071 -3.20975304e+00
6579.91589853 -8.26606560e+00
6579.97139634 5.80834389e+00
6580.02689416 -8.19924545e+00
6580.08239198 -9.52800751e+00
6580.13788980 1.45616150e+01
6580.19338761 1.43108711e+01
6580.24888543 -4.20284271e-02
6580.30438325 -9.14887142e+00
6580.35988107 2.16697178e+01
6580.41537888 -1.87189426e+01
6580.47087670 -2.59474354e+01
6580.52637452 8.39726257e+00
6580.58187234 1.09086933e+01
6580.63737015 2.93445683e+01
6580.69286797 1.89212189e+01
6580.74836579 4.03124847e+01
6580.80386361 -1.38615036e+00
6580.85936142 -1.12833214e+00
6580.91485924 9.66876984e+00
6580.97035706 -1.79100037e+00
6581.02585488 1.70174332e+01
6581.08135269 -1.20814438e+01
6581.13685051 -7.94800568e+00
6581.19234833 8.70256424e-01
6581.24784615 -2.14205093e+01
6581.30334396 1.45876331e+01
6581.35884178 4.55806160e+00
6581.41433960 9.44891548e+00
6581.46983742 -1.39741678e+01
6581.52533523 -1.02484140e+01
6581.58083305 5.10238075e+00
6581.63633087 5.74762535e+00
6581.69182869 1.42070751e+01
6581.74732650 1.12335453e+01
6581.80282432 9.85341644e+00
6581.85832214 6.30116844e+00
6581.91381996 1.96836109e+01
6581.96931777 -2.72770309e+00
6582.02481559 1.87207909e+01
6582.08031341 -2.95072346e+01
6582.13581123 5.36472702e+00
6582.19130904 3.93763733e+00
6582.24680686 1.29253407e+01
6582.30230468 -2.55875988e+01
6582.35780249 -7.31581402e+00
6582.41330031 -1.36904850e+01
6582.46879813 -8.74828339e+00
6582.52429595 2.39894886e+01
6582.57979376 -1.50140877e+01
6582.63529158 1.22902508e+01
6582.69078940 -1.34937944e+01
6582.74628722 1.35876198e+01
6582.80178503 -1.58055735e+01
6582.85728285 -1.36503754e+01
6582.91278067 -6.12973595e+00
6582.96827849 8.32839203e+00
6583.02377630 7.14799500e+00
6583.07927412 1.54864254e+01
6583.13477194 2.49426632e+01
6583.19026976 1.92151642e+01
6583.24576757 3.21637421e+01
6583.30126539 3.04766827e+01
6583.35676321 3.07835617e+01
6583.41226103 2.23594856e+01
6583.46775884 2.47099705e+01
6583.52325666 1.00399933e+01
6583.57875448 2.80958004e+01
6583.63425230 2.02279854e+01
6583.68975011 1.26140213e+01
6583.74524793 9.58055496e+00
6583.80074575 1.86937695e+01
6583.85624357 4.31691284e+01
6583.91174138 3.66186905e+01
6583.96723920 2.02159672e+01
6584.02273702 1.42481136e+01
6584.07823484 -1.52962093e+01
6584.13373265 2.35328903e+01
6584.18923047 8.45681763e+00
6584.24472829 1.63186855e+01
6584.30022611 -2.71978951e+00
6584.35572392 4.06171417e+00
6584.41122174 8.02162170e-01
6584.46671956 7.15420723e+00
6584.52221738 -6.80595779e+00
6584.57771519 2.36713600e+01
6584.63321301 -2.25081177e+01
6584.68871083 2.50739670e+01
6584.74420865 -9.81581688e+00
6584.79970646 -9.03282070e+00
6584.85520428 4.13439178e+00
6584.91070210 -1.37257710e+01
6584.96619991 -2.38192558e+00
6585.02169773 9.44599533e+00
6585.07719555 3.09401894e+00
6585.13269337 -9.77369881e+00
6585.18819118 1.51245384e+01
6585.24368900 -3.12846375e+00
6585.29918682 7.79836082e+00
6585.35468464 5.16830444e+00
6585.41018245 1.96919060e+00
6585.46568027 2.45892181e+01
6585.52117809 2.67315292e+00
6585.57667591 -3.10412216e+00
6585.63217372 -1.06221199e+00
6585.68767154 -6.79612541e+00
6585.74316936 -4.22568893e+00
6585.79866718 5.40884781e+00
6585.85416499 -1.87052574e+01
6585.90966281 7.19676208e+00
6585.96516063 -1.53994789e+01
6586.02065845 1.14073114e+01
6586.07615626 2.27052383e+01
6586.13165408 2.07357750e+01
6586.18715190 3.25379410e+01
6586.24264972 -1.76103802e+01
6586.29814753 -2.11297073e+01
6586.35364535 1.57314854e+01
6586.40914317 1.44209366e+01
6586.46464099 1.00342407e+01
6586.52013880 -1.86744690e+01
6586.57563662 3.64936829e-01
6586.63113444 2.25242710e+01
6586.68663226 1.60409222e+01
6586.74213007 -1.67413044e+00
6586.79762789 9.64430428e+00
6586.85312571 -2.23247108e+01
6586.90862353 6.17557335e+00
6586.96412134 3.32982635e+00
6587.01961916 -9.59164524e+00
6587.07511698 2.14183426e+00
6587.13061480 9.56883430e+00
6587.18611261 8.04550552e+00
6587.24161043 1.37665672e+01
6587.29710825 -3.80988503e+00
6587.35260607 7.48022079e-01
6587.40810388 -1.74581299e+01
6587.46360170 3.83192062e+00
6587.51909952 1.59395790e+01
6587.57459733 3.05378399e+01
6587.63009515 -5.78887939e+00
6587.68559297 -1.00564165e+01
6587.74109079 1.98373451e+01
6587.79658860 2.54999523e+01
6587.85208642 2.00666866e+01
6587.90758424 2.96379089e+00
6587.96308206 -1.56960297e+00
6588.01857987 1.75990429e+01
6588.07407769 1.84302788e+01
6588.12957551 1.47527542e+01
6588.18507333 3.88829498e+01
6588.24057114 -1.30235672e+01
6588.29606896 1.31603680e+01
6588.35156678 -6.39070129e+00
6588.40706460 -8.99213696e+00
6588.46256241 -1.26132383e+01
6588.51806023 1.63676891e+01
6588.57355805 2.44719505e+00
6588.62905587 1.75090790e-01
6588.68455368 -8.56193829e+00
6588.74005150 -3.64900208e+00
6588.79554932 -1.69480896e+00
6588.85104714 1.56805801e+00
6588.90654495 2.58467503e+01
6588.96204277 -2.93304443e+00
6589.01754059 -2.71795654e+00
6589.07303841 6.82472992e+00
6589.12853622 -2.27466736e+01
6589.18403404 -5.17143250e-01
6589.23953186 1.68152809e+00
6589.29502968 1.92309303e+01
6589.35052749 -2.78957424e+01
6589.40602531 1.37333851e+01
6589.46152313 -2.19095993e+01
6589.51702095 -6.64855957e+00
6589.57251876 1.87245560e+00
6589.62801658 -6.27302933e+00
6589.68351440 -5.31073761e+00
6589.73901222 2.52164822e+01
6589.79451003 -4.23858833e+00
6589.85000785 8.99327087e+00
6589.90550567 3.60505581e+00
6589.96100349 -5.78700638e+00
6590.01650130 1.05417671e+01
6590.07199912 -6.65089512e+00
6590.12749694 7.96560097e+00
6590.18299475 4.10020828e+00
6590.23849257 9.51169968e-01
6590.29399039 7.53831863e+00
6590.34948821 -9.27313709e+00
6590.40498602 2.09386444e+00
6590.46048384 1.54102268e+01
6590.51598166 9.34400940e+00
6590.57147948 4.65108871e-01
6590.62697729 -3.35143471e+00
6590.68247511 4.60385513e+00
6590.73797293 1.89883728e+01
6590.79347075 1.29433517e+01
6590.84896856 5.20329475e+00
6590.90446638 -2.78943634e+01
6590.95996420 -1.96169090e+01
6591.01546202 -2.76724091e+01
6591.07095983 -5.44176102e+00
6591.12645765 -9.62822533e+00
6591.18195547 3.59771729e+00
6591.23745329 -1.62778759e+01
6591.29295110 -2.37836647e+01
6591.34844892 2.37548256e+00
6591.40394674 3.47506142e+00
6591.45944456 3.81878757e+00
6591.51494237 9.92169952e+00
6591.57044019 -9.51177406e+00
6591.62593801 2.34715080e+00
6591.68143583 1.41017799e+01
6591.73693364 -1.56551895e+01
6591.79243146 6.18338776e+00
6591.84792928 5.50315285e+00
6591.90342710 1.33626480e+01
6591.95892491 1.48971004e+01
6592.01442273 1.00410137e+01
6592.06992055 2.08493042e+01
6592.12541837 7.26179886e+00
6592.18091618 2.11919327e+01
6592.23641400 2.45148277e+00
6592.29191182 -3.80486221e+01
6592.34740964 -8.62760544e-01
6592.40290745 2.01026287e+01
6592.45840527 -2.66170349e+01
6592.51390309 -7.06769943e-01
6592.56940091 -4.69848633e-01
6592.62489872 -9.64159107e+00
6592.68039654 2.72039948e+01
6592.73589436 -1.96805382e+00
6592.79139217 6.39488411e+00
6592.84688999 1.10293818e+01
6592.90238781 -1.68430729e+01
6592.95788563 -1.32503510e+01
6593.01338344 1.51759758e+01
6593.06888126 7.38723373e+00
6593.12437908 -4.39965630e+00
6593.17987690 3.56141739e+01
6593.23537471 2.81068649e+01
6593.29087253 -1.24305763e+01
6593.34637035 -1.68295288e+01
6593.40186817 -1.07937660e+01
6593.45736598 -8.06244755e+00
6593.51286380 -6.17528439e+00
6593.56836162 8.86061478e+00
6593.62385944 3.35966454e+01
6593.67935725 -1.18127403e+01
6593.73485507 -2.44639587e+01
6593.79035289 -2.83129921e+01
6593.84585071 9.96621132e+00
6593.90134852 2.43370667e+01
6593.95684634 9.12549210e+00
6594.01234416 -1.00288210e+01
6594.06784198 1.45236435e+01
6594.12333979 2.33274918e+01
6594.17883761 7.40067291e+00
6594.23433543 -7.17004871e+00
6594.28983325 -1.97296448e+01
6594.34533106 8.19328785e+00
6594.40082888 -1.33830261e+00
6594.45632670 -1.94574318e+01
6594.51182452 5.31719780e+00
6594.56732233 -2.18875313e+00
6594.62282015 -8.91275787e+00
6594.67831797 -4.94898415e+00
6594.73381579 1.68654346e+01
6594.78931360 -1.10093241e+01
6594.84481142 -2.23503876e+00
6594.90030924 -1.34690628e+01
6594.95580706 -6.82944584e+00
6595.01130487 -2.62974358e+00
6595.06680269 -1.54355240e+00
6595.12230051 -9.27219391e-01
6595.17779833 1.21482105e+01
6595.23329614 -1.30390463e+01
6595.28879396 2.96335297e+01
6595.34429178 1.60857906e+01
6595.39978959 1.24869223e+01
6595.45528741 -5.77855873e+00
6595.51078523 -2.13953781e+00
6595.56628305 -2.35412178e+01
6595.62178086 6.32409859e+00
6595.67727868 -5.80790520e+00
6595.73277650 -6.08404827e+00
6595.78827432 1.53952236e+01
6595.84377213 1.70240440e+01
6595.89926995 -9.96589947e+00
6595.95476777 1.36915665e+01
6596.01026559 1.94152927e+01
6596.06576340 1.68680077e+01
6596.12126122 -6.35455608e+00
6596.17675904 3.12254562e+01
6596.23225686 6.49993134e+00
6596.28775467 -1.85264778e+01
6596.34325249 1.79532795e+01
6596.39875031 2.42461319e+01
6596.45424813 1.86714706e+01
6596.50974594 -7.66533947e+00
6596.56524376 -1.41195860e+01
6596.62074158 3.43072014e+01
6596.67623940 1.34353962e+01
6596.73173721 -2.79051323e+01
6596.78723503 1.41972084e+01
6596.84273285 -7.78946209e+00
6596.89823067 9.37861061e+00
6596.95372848 -1.00265217e+00
6597.00922630 3.52928734e+00
6597.06472412 -8.09875774e+00
6597.12022194 2.29459724e+01
6597.17571975 -1.48372183e+01
6597.23121757 -2.33294334e+01
6597.28671539 7.46304512e-01
6597.34221321 1.50247746e+01
6597.39771102 1.75845222e+01
6597.45320884 -3.45163803e+01
6597.50870666 1.59473562e+01
6597.56420448 7.96381187e+00
6597.61970229 6.53711510e+00
6597.67520011 -8.76470566e-01
6597.73069793 1.08059311e+00
6597.78619575 -7.83824921e+00
6597.84169356 -1.34640083e+01
6597.89719138 -7.31507206e+00
6597.95268920 -1.92198658e+01
6598.00818702 -1.81824226e+01
6598.06368483 1.84928894e+00
6598.11918265 7.08729935e+00
6598.17468047 -5.92393684e+00
6598.23017828 9.86667633e+00
6598.28567610 -1.45395355e+01
6598.34117392 -1.93808327e+01
6598.39667174 -2.16211319e+01
6598.45216955 6.64457321e-01
6598.50766737 1.15750008e+01
6598.56316519 -1.80591488e+01
6598.61866301 9.48586082e+00
6598.67416082 1.34329605e+00
6598.72965864 1.47963390e+01
6598.78515646 -8.64290237e-01
6598.84065428 7.72730255e+00
6598.89615209 1.00113945e+01
6598.95164991 1.22435131e+01
6599.00714773 1.13506956e+01
6599.06264555 5.84873867e+00
6599.11814336 -1.34122429e+01
6599.17364118 2.85031662e+01
