# Rest-frame spectrum generated from: N1073C0002o_1d.fits
# lambda_Ha_obs = 6588.48400000 Angstrom
# lambda_Ha_rest = 6562.80000000 Angstrom
# z_Ha = 3.9135734747e-03
# v_Ha_relativistic = 1170.964010 km/s
# v_Ha_classical = 1173.259812 km/s
# columns: wavelength_rest[Angstrom] flux_or_counts

6544.27862149 5.30366287e+01
6544.33411749 5.30346146e+01
6544.38961348 5.30364380e+01
6544.44510947 5.30383339e+01
6544.50060547 5.30374107e+01
6544.55610146 5.30362053e+01
6544.61159745 5.30379677e+01
6544.66709344 5.30365829e+01
6544.72258944 5.30368500e+01
6544.77808543 5.30369415e+01
6544.83358142 5.30352936e+01
6544.88907742 5.30352783e+01
6544.94457341 5.30382729e+01
6545.00006940 5.30377083e+01
6545.05556539 5.30367851e+01
6545.11106139 5.30379372e+01
6545.16655738 5.30374222e+01
6545.22205337 5.30890121e+01
6545.27754936 4.96554260e+01
6545.33304536 4.57201958e+01
6545.38854135 3.58993454e+01
6545.44403734 3.37316208e+01
6545.49953334 3.34973373e+01
6545.55502933 1.67126579e+01
6545.61052532 -1.43521996e+01
6545.66602131 1.95862656e+01
6545.72151731 -1.41659641e+01
6545.77701330 1.43648682e+01
6545.83250929 2.43165894e+01
6545.88800529 -1.56490860e+01
6545.94350128 -2.80909882e+01
6545.99899727 1.51511078e+01
6546.05449326 -1.11897354e+01
6546.10998926 1.54160576e+01
6546.16548525 4.31370544e+00
6546.22098124 3.34102669e+01
6546.27647724 -9.18752003e+00
6546.33197323 -1.78122177e+01
6546.38746922 9.78708649e+00
6546.44296521 -2.54563389e+01
6546.49846121 1.24294510e+01
6546.55395720 -1.79198017e+01
6546.60945319 5.61487312e+01
6546.66494919 1.65766525e+00
6546.72044518 4.47938690e+01
6546.77594117 2.59399757e+01
6546.83143716 -1.12795010e+01
6546.88693316 -7.97228432e+00
6546.94242915 1.59937096e+01
6546.99792514 1.60311947e+01
6547.05342113 -1.50500307e+01
6547.10891713 2.13576794e+01
6547.16441312 2.67494030e+01
6547.21990911 -9.62619400e+00
6547.27540511 8.28134155e+00
6547.33090110 3.30570221e-01
6547.38639709 1.80446625e-01
6547.44189308 2.92747097e+01
6547.49738908 6.67933502e+01
6547.55288507 7.71700439e+01
6547.60838106 6.27385292e+01
6547.66387706 6.57244415e+01
6547.71937305 5.37467308e+01
6547.77486904 3.78862457e+01
6547.83036503 6.74689560e+01
6547.88586103 4.48874130e+01
6547.94135702 6.90990067e+01
6547.99685301 6.23658371e+01
6548.05234901 4.36541748e+01
6548.10784500 5.02879906e+01
6548.16334099 2.35356617e+01
6548.21883698 1.56048012e+01
6548.27433298 3.07186069e+01
6548.32982897 2.41690636e+01
6548.38532496 -3.55116081e+00
6548.44082095 2.88202000e+01
6548.49631695 1.99330444e+01
6548.55181294 3.11661339e+00
6548.60730893 -1.86112061e+01
6548.66280493 7.54804420e+00
6548.71830092 9.80880737e+00
6548.77379691 3.23169975e+01
6548.82929290 -1.08909035e+00
6548.88478890 1.02284470e+01
6548.94028489 7.01510811e+00
6548.99578088 8.88657570e+00
6549.05127688 1.66345177e+01
6549.10677287 8.81637383e+00
6549.16226886 -3.37779999e+00
6549.21776485 7.42911720e+00
6549.27326085 1.09391403e+01
6549.32875684 1.45556393e+01
6549.38425283 1.49409008e+01
6549.43974883 4.18049622e+00
6549.49524482 5.92131042e+00
6549.55074081 3.30803070e+01
6549.60623680 5.05027390e+00
6549.66173280 2.25669937e+01
6549.71722879 6.95259857e+00
6549.77272478 -2.12648239e+01
6549.82822078 -2.06128120e+01
6549.88371677 -9.62085724e-01
6549.93921276 5.64321518e+00
6549.99470875 2.42146530e+01
6550.05020475 -2.29833298e+01
6550.10570074 3.24587784e+01
6550.16119673 4.07169342e+00
6550.21669272 2.19379044e+00
6550.27218872 -1.82634296e+01
6550.32768471 1.52990341e+00
6550.38318070 1.15614376e+01
6550.43867670 -1.49571896e+01
6550.49417269 3.30031013e+00
6550.54966868 1.58681545e+01
6550.60516467 -1.48526001e+01
6550.66066067 -4.65732765e+00
6550.71615666 2.19712276e+01
6550.77165265 3.23377991e+00
6550.82714865 6.07609177e+00
6550.88264464 -5.78531456e+00
6550.93814063 1.19808693e+01
6550.99363662 1.62594299e+01
6551.04913262 2.20752258e+01
6551.10462861 6.85825348e+00
6551.16012460 5.52133179e+00
6551.21562060 8.91616821e+00
6551.27111659 -9.08332062e+00
6551.32661258 -6.11251831e+00
6551.38210857 -1.65168762e+00
6551.43760457 -2.79903297e+01
6551.49310056 -2.48623772e+01
6551.54859655 -2.05453491e+00
6551.60409254 9.77157974e+00
6551.65958854 -1.81631470e+01
6551.71508453 8.15270233e+00
6551.77058052 3.79114532e+01
6551.82607652 -2.31703377e+00
6551.88157251 -4.61808395e+00
6551.93706850 4.96225357e+00
6551.99256449 3.16007996e+00
6552.04806049 3.93708267e+01
6552.10355648 2.00363922e+00
6552.15905247 -1.23213501e+01
6552.21454847 1.80667877e+01
6552.27004446 -3.34165306e+01
6552.32554045 5.34270287e+00
6552.38103644 2.41206226e+01
6552.43653244 2.46296253e+01
6552.49202843 -5.28599167e+00
6552.54752442 1.28706417e+01
6552.60302042 9.09980965e+00
6552.65851641 -1.64554920e+01
6552.71401240 3.19165268e+01
6552.76950839 1.22373886e+01
6552.82500439 -3.45740700e+00
6552.88050038 4.08367157e+00
6552.93599637 2.99624786e+01
6552.99149237 1.24938068e+01
6553.04698836 7.47604370e+00
6553.10248435 3.77565002e+00
6553.15798034 4.93516922e+00
6553.21347634 2.11728935e+01
6553.26897233 3.82087708e+00
6553.32446832 1.87733440e+01
6553.37996431 1.66302376e+01
6553.43546031 -1.63035526e+01
6553.49095630 2.66535301e+01
6553.54645229 3.68251038e+00
6553.60194829 2.74325104e+01
6553.65744428 -2.91036739e+01
6553.71294027 4.01788864e+01
6553.76843626 2.86804581e+00
6553.82393226 1.93199921e+00
6553.87942825 -9.57800865e+00
6553.93492424 1.06840630e+01
6553.99042024 -2.17329445e+01
6554.04591623 -1.20056744e+01
6554.10141222 1.52000389e+01
6554.15690821 7.97479248e+00
6554.21240421 -1.02970123e-01
6554.26790020 -2.75993652e+01
6554.32339619 -8.76267242e+00
6554.37889219 1.09887161e+01
6554.43438818 -2.44265175e+00
6554.48988417 -1.35652704e+01
6554.54538016 2.84591866e+00
6554.60087616 2.83585587e+01
6554.65637215 7.29188538e+00
6554.71186814 3.14400864e+00
6554.76736413 9.50720215e+00
6554.82286013 5.02923965e+00
6554.87835612 -1.75106506e+01
6554.93385211 1.36613770e+01
6554.98934811 1.13954201e+01
6555.04484410 1.75192947e+01
6555.10034009 1.41157303e+01
6555.15583608 1.15187798e+01
6555.21133208 2.19880505e+01
6555.26682807 -1.21984158e+01
6555.32232406 -4.48455658e+01
6555.37782006 -1.83528118e+01
6555.43331605 2.89750690e+01
6555.48881204 3.00465641e+01
6555.54430803 9.36923218e+00
6555.59980403 -1.57135735e+01
6555.65530002 -2.51590767e+01
6555.71079601 -7.85795021e+00
6555.76629201 1.33300266e+01
6555.82178800 2.70747375e+00
6555.87728399 1.11793938e+01
6555.93277998 9.33631897e-01
6555.98827598 -1.93002815e+01
6556.04377197 7.41941643e+00
6556.09926796 1.95359573e+01
6556.15476396 -3.81446075e+00
6556.21025995 -3.10936565e+01
6556.26575594 -1.48622332e+01
6556.32125193 1.94616661e+01
6556.37674793 -6.04274368e+00
6556.43224392 3.67306900e+00
6556.48773991 1.65217571e+01
6556.54323590 -1.79925270e+01
6556.59873190 7.11904144e+00
6556.65422789 5.73562431e+00
6556.70972388 4.45220947e+01
6556.76521988 1.57505817e+01
6556.82071587 3.59405136e+00
6556.87621186 1.67585697e+01
6556.93170785 1.67195511e+01
6556.98720385 -4.46718979e+00
6557.04269984 4.67671165e+01
6557.09819583 -2.17435455e+01
6557.15369183 -2.12509422e+01
6557.20918782 1.11739273e+01
6557.26468381 1.64962044e+01
6557.32017980 -2.13195534e+01
6557.37567580 5.64562607e+00
6557.43117179 2.19445190e+01
6557.48666778 1.53646698e+01
6557.54216378 2.27579880e+01
6557.59765977 1.34031868e+01
6557.65315576 -9.50657272e+00
6557.70865175 -2.38996639e+01
6557.76414775 1.92187424e+01
6557.81964374 -4.08892632e+00
6557.87513973 -2.75277615e+01
6557.93063572 -1.67095089e+01
6557.98613172 1.10861931e+01
6558.04162771 -1.51761246e+00
6558.09712370 1.89954891e+01
6558.15261970 -2.85927315e+01
6558.20811569 8.80208397e+00
6558.26361168 -1.63906403e+01
6558.31910767 -1.05961857e+01
6558.37460367 3.97847366e+00
6558.43009966 1.59030838e+01
6558.48559565 2.17716637e+01
6558.54109165 -1.59758091e+01
6558.59658764 -2.73347092e+00
6558.65208363 -1.43288803e+00
6558.70757962 1.09305801e+01
6558.76307562 -1.11157265e+01
6558.81857161 -1.61833801e+01
6558.87406760 1.68748264e+01
6558.92956360 1.70867500e+01
6558.98505959 -5.48803711e+00
6559.04055558 1.88675175e+01
6559.09605157 1.71054077e+01
6559.15154757 6.03122520e+00
6559.20704356 -1.48986053e+00
6559.26253955 7.23776245e+00
6559.31803555 -1.80339165e+01
6559.37353154 7.65815735e+00
6559.42902753 -1.11641102e+01
6559.48452352 -1.78112793e+00
6559.54001952 4.85053635e+00
6559.59551551 -1.34347019e+01
6559.65101150 -5.11720657e+00
6559.70650749 -1.66845093e+01
6559.76200349 -1.00555611e+01
6559.81749948 -4.14355087e+00
6559.87299547 9.99315643e+00
6559.92849147 1.96791801e+01
6559.98398746 -1.38519449e+01
6560.03948345 -1.55810795e+01
6560.09497944 7.11398697e+00
6560.15047544 2.26417370e+01
6560.20597143 -2.05818787e+01
6560.26146742 2.71637955e+01
6560.31696342 1.10286713e+01
6560.37245941 3.28628540e+01
6560.42795540 2.31146774e+01
6560.48345139 1.20466194e+01
6560.53894739 6.50444031e+00
6560.59444338 5.71583824e+01
6560.64993937 3.32905617e+01
6560.70543537 2.54302444e+01
6560.76093136 -1.27761040e+01
6560.81642735 2.59132156e+01
6560.87192334 -5.84866905e+00
6560.92741934 -6.27083588e+00
6560.98291533 3.58451691e+01
6561.03841132 1.27963524e+01
6561.09390731 7.46492958e+00
6561.14940331 -2.18268719e+01
6561.20489930 -3.42535400e+00
6561.26039529 1.59637985e+01
6561.31589129 7.45010185e+00
6561.37138728 -4.40232849e+00
6561.42688327 1.42882233e+01
6561.48237926 5.24044075e+01
6561.53787526 3.31216812e+01
6561.59337125 3.53387947e+01
6561.64886724 6.83118591e+01
6561.70436324 4.10792809e+01
6561.75985923 5.30763016e+01
6561.81535522 8.49628906e+01
6561.87085121 6.40535660e+01
6561.92634721 5.63058586e+01
6561.98184320 8.57117081e+01
6562.03733919 1.36260590e+02
6562.09283519 1.49554764e+02
6562.14833118 2.07541809e+02
6562.20382717 2.40365799e+02
6562.25932316 2.71281250e+02
6562.31481916 3.59023041e+02
6562.37031515 4.04129181e+02
6562.42581114 5.04986206e+02
6562.48130714 6.19599609e+02
6562.53680313 7.27930237e+02
6562.59229912 7.49212708e+02
6562.64779511 8.57583801e+02
6562.70329111 9.23113281e+02
6562.75878710 9.67295349e+02
6562.81428309 9.47685547e+02
6562.86977908 9.51268860e+02
6562.92527508 8.67549561e+02
6562.98077107 7.69207275e+02
6563.03626706 6.93273376e+02
6563.09176306 5.98884583e+02
6563.14725905 5.23873718e+02
6563.20275504 4.72865631e+02
6563.25825103 3.48588287e+02
6563.31374703 2.40514267e+02
6563.36924302 1.80895462e+02
6563.42473901 8.98116302e+01
6563.48023501 7.47246552e+01
6563.53573100 7.83186493e+01
6563.59122699 3.92039795e+01
6563.64672298 3.75900307e+01
6563.70221898 4.62889061e+01
6563.75771497 3.46201859e+01
6563.81321096 3.14818687e+01
6563.86870696 -2.45261326e+01
6563.92420295 9.79966354e+00
6563.97969894 1.52373314e+01
6564.03519493 2.13930550e+01
6564.09069093 3.44132462e+01
6564.14618692 2.50044250e+01
6564.20168291 4.58329811e+01
6564.25717890 8.85248947e+00
6564.31267490 8.45497894e+00
6564.36817089 4.56658630e+01
6564.42366688 3.91301346e+00
6564.47916288 3.36564102e+01
6564.53465887 2.39000893e+00
6564.59015486 -1.53674698e+01
6564.64565085 2.90632629e+01
6564.70114685 2.59198647e+01
6564.75664284 -1.81199684e+01
6564.81213883 -2.88293495e+01
6564.86763483 3.66463165e+01
6564.92313082 -2.92142277e+01
6564.97862681 2.29076214e+01
6565.03412280 -6.45844841e+00
6565.08961880 -5.05891304e+01
6565.14511479 -1.39822502e+01
6565.20061078 -1.37609005e+01
6565.25610678 2.49651108e+01
6565.31160277 2.44238758e+01
6565.36709876 9.25518036e+00
6565.42259475 -8.23703003e+00
6565.47809075 2.67411385e+01
6565.53358674 -1.87236729e+01
6565.58908273 2.65136909e+01
6565.64457873 -2.31543236e+01
6565.70007472 1.02914581e+01
6565.75557071 -3.18857193e+00
6565.81106670 2.87387218e+01
6565.86656270 2.04170971e+01
6565.92205869 2.32753849e+01
6565.97755468 1.40613937e+00
6566.03305067 -5.15747070e-03
6566.08854667 4.43060837e+01
6566.14404266 1.37534027e+01
6566.19953865 1.89706192e+01
6566.25503465 2.55500259e+01
6566.31053064 1.16283035e+00
6566.36602663 -1.71249371e+01
6566.42152262 6.60175705e+00
6566.47701862 2.56724625e+01
6566.53251461 2.89646111e+01
6566.58801060 -3.15403023e+01
6566.64350660 1.77697277e+01
6566.69900259 3.14957294e+01
6566.75449858 -7.10430145e+00
6566.80999457 3.93350983e+00
6566.86549057 1.90774345e+00
6566.92098656 -6.13071442e+00
6566.97648255 -1.41943321e+01
6567.03197855 3.95924606e+01
6567.08747454 -9.20287895e+00
6567.14297053 4.04573250e+00
6567.19846652 1.36055717e+01
6567.25396252 1.11002693e+01
6567.30945851 8.98191643e+00
6567.36495450 6.17688370e+00
6567.42045049 2.85850906e+01
6567.47594649 2.91943378e+01
6567.53144248 1.36920433e+01
6567.58693847 2.47389603e+00
6567.64243447 -2.07992821e+01
6567.69793046 -1.43938103e+01
6567.75342645 -1.15020504e+01
6567.80892244 -1.16638088e+01
6567.86441844 -6.76202774e+00
6567.91991443 1.81380005e+01
6567.97541042 3.80291748e+01
6568.03090642 3.42752304e+01
6568.08640241 -1.06698971e+01
6568.14189840 2.34356880e+01
6568.19739439 3.48660507e+01
6568.25289039 1.22720547e+01
6568.30838638 4.41082077e+01
6568.36388237 -3.51370239e+00
6568.41937837 1.73509216e+01
6568.47487436 -2.77900696e+00
6568.53037035 -9.78515244e+00
6568.58586634 1.05074520e+01
6568.64136234 -8.21252251e+00
6568.69685833 5.96626854e+00
6568.75235432 8.85948181e+00
6568.80785032 8.53184128e+00
6568.86334631 -1.52479591e+01
6568.91884230 2.33368378e+01
6568.97433829 -7.51102448e-01
6569.02983429 -1.70930634e+01
6569.08533028 -1.38532372e+01
6569.14082627 9.45549393e+00
6569.19632226 2.57290955e+01
6569.25181826 -3.36199570e+00
6569.30731425 2.47059517e+01
6569.36281024 9.02769089e+00
6569.41830624 1.31895504e+01
6569.47380223 2.43907070e+01
6569.52929822 5.09083176e+00
6569.58479421 -8.49851036e+00
6569.64029021 -2.56285019e+01
6569.69578620 -1.83298912e+01
6569.75128219 -1.03371735e+01
6569.80677819 -1.72778702e+01
6569.86227418 1.21557999e+01
6569.91777017 5.80077744e+00
6569.97326616 3.28502655e-01
6570.02876216 1.55723801e+01
6570.08425815 -1.40647163e+01
6570.13975414 9.29759979e+00
6570.19525014 -2.40540562e+01
6570.25074613 7.35032082e+00
6570.30624212 -1.58817272e+01
6570.36173811 -1.43028259e+01
6570.41723411 1.66111870e+01
6570.47273010 3.35781097e+01
6570.52822609 -1.49147911e+01
6570.58372208 2.20055351e+01
6570.63921808 1.27842484e+01
6570.69471407 1.59953156e+01
6570.75021006 -4.45544815e+00
6570.80570606 -4.69417191e+00
6570.86120205 2.73658543e+01
6570.91669804 2.87982559e+00
6570.97219403 8.09507561e+00
6571.02769003 5.69507980e+00
6571.08318602 -5.68205261e+00
6571.13868201 7.16967773e+00
6571.19417801 2.03570976e+01
6571.24967400 -1.36538315e+00
6571.30516999 2.35383186e+01
6571.36066598 2.45758419e+01
6571.41616198 1.88298874e+01
6571.47165797 -2.83138199e+01
6571.52715396 -9.33447647e+00
6571.58264996 -9.06970596e+00
6571.63814595 -4.61444092e+00
6571.69364194 -4.41352654e+00
6571.74913793 1.08351593e+01
6571.80463393 -1.45159187e+01
6571.86012992 5.60443878e+00
6571.91562591 -1.52901115e+01
6571.97112191 -1.38696518e+01
6572.02661790 -1.00534592e+01
6572.08211389 -1.55724516e+01
6572.13760988 -7.09317780e+00
6572.19310588 7.12654114e+00
6572.24860187 2.07699375e+01
6572.30409786 -9.71438789e+00
6572.35959385 9.22597504e+00
6572.41508985 1.24825249e+01
6572.47058584 1.93958225e+01
6572.52608183 -1.21182251e+00
6572.58157783 -3.98807144e+00
6572.63707382 6.51535034e+00
6572.69256981 -1.99611073e+01
6572.74806580 9.85329056e+00
6572.80356180 3.81299973e+01
6572.85905779 3.06767273e+00
6572.91455378 6.92280960e+00
6572.97004978 2.57429218e+01
6573.02554577 2.67509499e+01
6573.08104176 2.28421783e+01
6573.13653775 3.76274872e+01
6573.19203375 1.90584641e+01
6573.24752974 1.69136353e+01
6573.30302573 7.94458199e+00
6573.35852173 3.63047295e+01
6573.41401772 -2.84888458e+00
6573.46951371 -5.02354774e+01
6573.52500970 -6.96195030e+00
6573.58050570 2.77495136e+01
6573.63600169 2.61523743e+01
6573.69149768 -9.52125168e+00
6573.74699367 -1.60536480e+01
6573.80248967 2.26303082e+01
6573.85798566 1.26823063e+01
6573.91348165 3.01133728e+01
6573.96897765 -1.45593872e+01
6574.02447364 6.48664474e+00
6574.07996963 -1.02215023e+01
6574.13546562 -1.47414780e+00
6574.19096162 1.24159622e+00
6574.24645761 2.36680031e+00
6574.30195360 1.53592567e+01
6574.35744960 -2.53723869e+01
6574.41294559 -1.36387520e+01
6574.46844158 7.91495514e+00
6574.52393757 6.44049072e+00
6574.57943357 4.79993057e+01
6574.63492956 2.85349960e+01
6574.69042555 1.21718979e+00
6574.74592155 3.60263062e+01
6574.80141754 2.23034077e+01
6574.85691353 -1.24144669e+01
6574.91240952 -1.49000702e+01
6574.96790552 -1.44524307e+01
6575.02340151 -1.54731255e+01
6575.07889750 1.45100746e+01
6575.13439350 -3.41417122e+00
6575.18988949 -1.74809189e+01
6575.24538548 1.82825623e+01
6575.30088147 1.98637238e+01
6575.35637747 3.66931992e+01
6575.41187346 -1.58927650e+01
6575.46736945 6.57119751e+00
6575.52286544 1.42025452e+01
6575.57836144 -5.95986176e+00
6575.63385743 4.79509735e+00
6575.68935342 1.20009708e+01
6575.74484942 -3.77416115e+01
6575.80034541 -8.25151062e+00
6575.85584140 7.46847153e+00
6575.91133739 -2.98452187e+00
6575.96683339 1.27742805e+01
6576.02232938 -1.69787693e+01
6576.07782537 -2.19984055e+00
6576.13332137 3.34335709e+01
6576.18881736 2.73597145e+00
6576.24431335 -3.66428947e+00
6576.29980934 1.15144672e+01
6576.35530534 -1.31376991e+01
6576.41080133 1.73880005e+00
6576.46629732 9.81640244e+00
6576.52179332 -5.79601288e-01
6576.57728931 -7.60600471e+00
6576.63278530 1.11878853e+01
6576.68828129 -3.36056480e+01
6576.74377729 1.73674793e+01
6576.79927328 1.05934067e+01
6576.85476927 -9.66735458e+00
6576.91026527 1.23994923e+01
6576.96576126 1.80064983e+01
6577.02125725 5.94764709e+00
6577.07675324 1.58584290e+01
6577.13224924 -1.04945145e+01
6577.18774523 1.14820137e+01
6577.24324122 -1.46106644e+01
6577.29873721 1.44383049e+01
6577.35423321 1.24106216e+00
6577.40972920 2.14702606e+00
6577.46522519 1.22291908e+01
6577.52072119 1.84300270e+01
6577.57621718 -4.34587517e+01
6577.63171317 1.99438705e+01
6577.68720916 1.08356056e+01
6577.74270516 4.05389977e+00
6577.79820115 -2.17064781e+01
6577.85369714 -3.68930817e-01
6577.90919314 3.04788628e+01
6577.96468913 1.83030090e+01
6578.02018512 7.54543686e+00
6578.07568111 3.93440437e+01
6578.13117711 1.58585510e+01
6578.18667310 2.25591507e+01
6578.24216909 -1.48301163e+01
6578.29766509 2.54385376e+00
6578.35316108 2.46849289e+01
6578.40865707 -5.34896469e+00
6578.46415306 -1.57335091e+01
6578.51964906 -1.06117268e+01
6578.57514505 -2.63360081e+01
6578.63064104 1.20708218e+01
6578.68613703 -3.35157852e+01
6578.74163303 -1.70896893e+01
6578.79712902 2.84959240e+01
6578.85262501 -1.63130379e+00
6578.90812101 -1.08777370e+01
6578.96361700 7.36988258e+00
6579.01911299 -6.55831718e+00
6579.07460898 2.00360146e+01
6579.13010498 -2.04130192e+01
6579.18560097 -1.76543465e+01
6579.24109696 2.07700634e+01
6579.29659296 7.42337227e+00
6579.35208895 2.35908642e+01
6579.40758494 -1.33175278e+00
6579.46308093 2.89875565e+01
6579.51857693 2.60536652e+01
6579.57407292 -1.71458588e+01
6579.62956891 -3.23830299e+01
6579.68506491 2.77552834e+01
6579.74056090 6.48811188e+01
6579.79605689 -2.17030334e+00
6579.85155288 -5.42167664e-01
6579.90704888 5.54140091e+00
6579.96254487 2.23823395e+01
6580.01804086 4.48975945e+00
6580.07353686 -1.68916149e+01
6580.12903285 1.07625237e+01
6580.18452884 -1.66762695e+01
6580.24002483 -6.58040237e+00
6580.29552083 3.16277390e+01
6580.35101682 1.71424809e+01
6580.40651281 1.61971931e+01
6580.46200880 3.49200439e+00
6580.51750480 -2.38420868e+00
6580.57300079 -1.88723240e+01
6580.62849678 1.11241837e+01
6580.68399278 1.84570694e+00
6580.73948877 -8.84627724e+00
6580.79498476 -1.13934402e+01
6580.85048075 2.17014675e+01
6580.90597675 -7.56804466e+00
6580.96147274 7.85457993e+00
6581.01696873 1.52442932e-01
6581.07246473 -3.79312897e+00
6581.12796072 3.44412651e+01
6581.18345671 1.10257187e+01
6581.23895270 -4.09118996e+01
6581.29444870 -1.47005005e+01
6581.34994469 1.71673965e+00
6581.40544068 -3.62537384e-01
6581.46093668 1.88188496e+01
6581.51643267 -1.61567688e-01
6581.57192866 1.11626778e+01
6581.62742465 1.66180172e+01
6581.68292065 -1.59271049e+01
6581.73841664 -1.29949665e+01
6581.79391263 -1.58524647e+01
6581.84940862 -2.83700390e+01
6581.90490462 -1.60218449e+01
6581.96040061 5.35298538e+00
6582.01589660 1.18514595e+01
6582.07139260 -9.28388786e+00
6582.12688859 2.32491798e+01
6582.18238458 2.33615494e+01
6582.23788057 -6.31250763e+00
6582.29337657 2.64693375e+01
6582.34887256 7.86750793e-01
6582.40436855 5.39157181e+01
6582.45986455 1.75880432e-01
6582.51536054 7.81703758e+00
6582.57085653 1.42916565e+01
6582.62635252 2.51639996e+01
6582.68184852 1.51935425e+01
6582.73734451 4.20587730e+01
6582.79284050 1.61628170e+01
6582.84833650 2.55155220e+01
6582.90383249 -3.33119774e+00
6582.95932848 -8.55919456e+00
6583.01482447 2.71120033e+01
6583.07032047 1.10939388e+01
6583.12581646 3.42169533e+01
6583.18131245 4.00723648e+01
6583.23680845 3.79402771e+01
6583.29230444 3.30997086e+01
6583.34780043 4.46728935e+01
6583.40329642 4.88374672e+01
6583.45879242 3.00379028e+01
6583.51428841 3.80170593e+01
6583.56978440 4.03923950e+01
6583.62528039 1.89690781e+01
6583.68077639 1.99928284e-02
6583.73627238 3.32395058e+01
6583.79176837 -1.52541466e+01
6583.84726437 4.65757751e+00
6583.90276036 4.34085083e+00
6583.95825635 2.39932384e+01
6584.01375234 -1.16756973e+01
6584.06924834 -9.76993942e+00
6584.12474433 3.25021896e+01
6584.18024032 2.77902412e+01
6584.23573632 1.42528152e+00
6584.29123231 -1.05772781e+01
6584.34672830 1.65381927e+01
6584.40222429 3.31118317e+01
6584.45772029 -1.96630249e+01
6584.51321628 1.99409943e+01
6584.56871227 -2.45233154e+00
6584.62420827 7.16214752e+00
6584.67970426 -1.88583755e+00
6584.73520025 4.60803986e+00
6584.79069624 1.07488899e+01
6584.84619224 1.65232735e+01
6584.90168823 1.41518059e+01
6584.95718422 1.42944183e+01
6585.01268021 1.62304497e+01
6585.06817621 1.37562447e+01
6585.12367220 1.53912582e+01
6585.17916819 4.89347191e+01
6585.23466419 1.22238960e+01
6585.29016018 1.29634972e+01
6585.34565617 -1.42041245e+01
6585.40115216 1.22657738e+01
6585.45664816 -4.93012619e+00
6585.51214415 2.44191513e+01
6585.56764014 8.12639999e+00
6585.62313614 1.68847847e+01
6585.67863213 -5.15395737e+00
6585.73412812 -1.40409470e+00
6585.78962411 5.30928802e+00
6585.84512011 2.42699642e+01
6585.90061610 -2.81445122e+01
6585.95611209 -2.32587833e+01
6586.01160809 7.46688843e+00
6586.06710408 -1.11482677e+01
6586.12260007 4.83528137e+00
6586.17809606 4.19862938e+00
6586.23359206 -4.18930359e+01
6586.28908805 4.97811890e+00
6586.34458404 -1.20536766e+01
6586.40008004 1.96549416e+00
6586.45557603 -3.26151314e+01
6586.51107202 3.69446373e+01
6586.56656801 -8.25170326e+00
6586.62206401 4.09384346e+00
6586.67756000 1.56850872e+01
6586.73305599 -2.23715477e+01
6586.78855198 -1.54244938e+01
6586.84404798 -5.20899582e+00
6586.89954397 -3.85099030e+00
6586.95503996 -8.06245804e+00
6587.01053596 1.38234978e+01
6587.06603195 -9.10026550e+00
6587.12152794 7.15990448e+00
6587.17702393 -1.48779106e+01
6587.23251993 1.39009972e+01
6587.28801592 -1.71249390e-01
6587.34351191 1.08019371e+01
6587.39900791 6.31972694e+00
6587.45450390 2.69209328e+01
6587.50999989 4.38948326e+01
6587.56549588 -1.26708708e+01
6587.62099188 6.17772293e+00
6587.67648787 -7.60213089e+00
6587.73198386 -3.81703911e+01
6587.78747986 1.33992157e+01
6587.84297585 -5.32633877e+00
6587.89847184 1.94076805e+01
6587.95396783 -9.95141792e+00
6588.00946383 3.20155411e+01
6588.06495982 1.01090508e+01
6588.12045581 -1.01847839e+00
6588.17595180 2.03701019e-01
6588.23144780 6.27131271e+00
6588.28694379 1.46523609e+01
6588.34243978 2.17620831e+01
6588.39793578 -1.19440460e+00
6588.45343177 -2.81429291e+00
6588.50892776 2.65890732e+01
6588.56442375 -1.29640903e+01
6588.61991975 1.87951241e+01
6588.67541574 6.31307030e+00
6588.73091173 8.72570038e+00
6588.78640773 1.62934265e+01
6588.84190372 3.24825630e+01
6588.89739971 1.84935246e+01
6588.95289570 -6.59494972e+00
6589.00839170 -2.12537632e+01
6589.06388769 5.22500229e+01
6589.11938368 3.34207993e+01
6589.17487968 -1.26506348e+01
6589.23037567 -1.83075886e+01
6589.28587166 -8.15718460e+00
6589.34136765 -2.25152931e+01
6589.39686365 5.35433006e+01
6589.45235964 -1.15232086e+01
6589.50785563 -2.97813683e+01
6589.56335163 -1.11827850e+00
6589.61884762 6.68187141e+00
6589.67434361 1.40117188e+01
6589.72983960 -3.85177231e+00
6589.78533560 -1.43729382e+01
6589.84083159 -3.15566826e+00
6589.89632758 -1.13871765e+01
6589.95182357 -6.11751556e-01
6590.00731957 1.00145302e+01
6590.06281556 -3.32107162e+01
6590.11831155 1.30407677e+01
6590.17380755 1.01777496e+01
6590.22930354 -6.98532104e+00
6590.28479953 -8.84953880e+00
6590.34029552 2.27699280e+00
6590.39579152 1.55079098e+01
6590.45128751 4.36944580e+00
6590.50678350 3.27929916e+01
6590.56227950 2.00895882e+00
6590.61777549 -5.20716667e+00
6590.67327148 1.83551750e+01
6590.72876747 -8.91018105e+00
6590.78426347 2.03615074e+01
6590.83975946 7.48098373e+00
6590.89525545 2.34653473e+00
6590.95075145 -8.38927650e+00
6591.00624744 -4.24367905e+00
6591.06174343 1.81119633e+01
6591.11723942 1.12269363e+01
6591.17273542 -4.85505676e+00
6591.22823141 2.53096008e+00
6591.28372740 4.47944641e-01
6591.33922339 -1.25486908e+01
6591.39471939 -1.66946678e+01
6591.45021538 1.74078274e+01
6591.50571137 7.93999100e+00
6591.56120737 -8.45591164e+00
6591.61670336 -5.90286636e+00
6591.67219935 3.39523697e+00
6591.72769534 4.58509827e+00
6591.78319134 2.58680916e+01
6591.83868733 -4.83346939e+00
6591.89418332 1.48278770e+01
6591.94967932 6.83498001e+00
6592.00517531 -7.87414551e+00
6592.06067130 -1.26414719e+01
6592.11616729 -1.95755424e+01
6592.17166329 -1.43538256e+01
6592.22715928 -6.33128738e+00
6592.28265527 -1.56798592e+01
6592.33815127 5.35786819e+00
6592.39364726 6.99319839e-01
6592.44914325 3.25261688e+00
6592.50463924 -1.14399347e+01
6592.56013524 -2.17494431e+01
6592.61563123 -1.25578117e+01
6592.67112722 -1.17246323e+01
6592.72662322 -2.30503941e+01
6592.78211921 2.81694069e+01
6592.83761520 1.42747879e-01
6592.89311119 -2.11107998e+01
6592.94860719 -1.37593727e+01
6593.00410318 1.52535763e+01
6593.05959917 1.42098312e+01
6593.11509516 -1.30741463e+01
6593.17059116 -1.24833412e+01
6593.22608715 2.80979156e+00
6593.28158314 4.33727264e+00
6593.33707914 -3.55438347e+01
6593.39257513 -2.90031204e+01
6593.44807112 8.87216949e+00
6593.50356711 -2.76928711e+00
6593.55906311 4.07640457e+00
6593.61455910 4.01128159e+01
6593.67005509 6.39285278e+00
6593.72555109 -1.03862991e+01
6593.78104708 2.33308754e+01
6593.83654307 -1.15064545e+01
6593.89203906 -1.53544407e+01
6593.94753506 2.47747269e+01
6594.00303105 -9.54837799e+00
6594.05852704 -1.25035954e+01
6594.11402304 -2.65181732e+01
6594.16951903 -1.48263569e+01
6594.22501502 6.51734066e+00
6594.28051101 1.50846233e+01
6594.33600701 8.14970398e+00
6594.39150300 7.51976013e-01
6594.44699899 9.93565750e+00
6594.50249498 -2.22821541e+01
6594.55799098 3.57838297e+00
6594.61348697 7.87278748e+00
6594.66898296 2.79959316e+01
6594.72447896 -1.26937847e+01
6594.77997495 1.81709061e+01
6594.83547094 3.70737686e+01
6594.89096693 -1.39025383e+01
6594.94646293 -1.94632740e+01
6595.00195892 6.55548096e-01
6595.05745491 -7.18128538e+00
6595.11295091 -9.41013718e+00
6595.16844690 1.23745403e+01
6595.22394289 1.70795193e+01
6595.27943888 -1.47063885e+01
6595.33493488 -1.17340450e+01
6595.39043087 -2.40055714e+01
6595.44592686 3.07434082e-01
6595.50142286 -1.19168606e+01
6595.55691885 -2.52011108e+00
6595.61241484 -1.04494610e+01
6595.66791083 -2.80061340e+00
6595.72340683 -2.47207642e+00
6595.77890282 -3.13240242e+00
6595.83439881 1.86319561e+01
6595.88989481 -3.06561947e+01
6595.94539080 -1.59149818e+01
6596.00088679 2.10314121e+01
6596.05638278 -1.79694443e+01
6596.11187878 7.67074203e+00
6596.16737477 2.77814674e+00
6596.22287076 -1.05357933e+02
6596.27836675 -1.90427780e+01
6596.33386275 -1.25162521e+02
6596.38935874 -1.98200340e+01
6596.44485473 -1.69144363e+01
6596.50035073 -4.02114334e+01
6596.55584672 -1.30372803e+02
6596.61134271 1.73835754e+01
6596.66683870 2.87473488e+00
6596.72233470 -9.07517242e+00
6596.77783069 -8.31185341e+00
6596.83332668 2.08009510e+01
6596.88882268 -2.52183094e+01
6596.94431867 -2.58574867e+00
6596.99981466 9.61499691e+00
6597.05531065 -2.40870132e+01
6597.11080665 1.35171223e+01
6597.16630264 1.19322853e+01
6597.22179863 8.46414375e+00
6597.27729463 -1.45478201e+01
6597.33279062 -4.93093109e+00
6597.38828661 4.36206284e+01
6597.44378260 -1.05434608e+00
6597.49927860 -2.57840405e+01
6597.55477459 -3.61560822e+00
6597.61027058 -2.40091038e+01
6597.66576657 1.00410194e+01
6597.72126257 -5.60156631e+00
6597.77675856 -1.96560307e+01
6597.83225455 1.05843163e+01
6597.88775055 -1.21286163e+01
6597.94324654 4.77495050e+00
6597.99874253 2.60742149e+01
6598.05423852 -9.69023895e+00
6598.10973452 -5.45819092e+00
6598.16523051 1.98581486e+01
6598.22072650 9.88162613e+00
6598.27622250 -5.48506165e+00
6598.33171849 -5.82153320e-01
6598.38721448 -6.56885719e+00
6598.44271047 2.78902130e+01
6598.49820647 1.30537386e+01
6598.55370246 5.23111725e+00
6598.60919845 1.15617752e+00
6598.66469445 -8.27955818e+00
6598.72019044 -1.77361431e+01
6598.77568643 4.55194473e+00
6598.83118242 -1.82862644e+01
6598.88667842 -8.08247566e+00
6598.94217441 -5.37348366e+00
6598.99767040 3.91607018e+01
6599.05316640 1.07874088e+01
6599.10866239 -1.19143457e+01
6599.16415838 3.03142242e+01
6599.21965437 -1.81755466e+01
6599.27515037 1.72453403e+01
6599.33064636 2.35064459e+00
6599.38614235 -3.62732315e+00
6599.44163834 -3.32560921e+00
6599.49713434 -2.67148666e+01
6599.55263033 -1.09008121e+00
6599.60812632 3.14768620e+01
6599.66362232 5.15952682e+00
6599.71911831 8.06548309e+00
6599.77461430 1.84637356e+00
6599.83011029 -1.10376940e+01
6599.88560629 -3.26141052e+01
6599.94110228 3.75358963e+00
6599.99659827 -9.89257622e+00
6600.05209427 -4.12607574e+00
6600.10759026 3.42109680e+00
6600.16308625 -3.75677681e+00
6600.21858224 3.41975975e+00
6600.27407824 -1.08402824e+01
6600.32957423 6.97203636e-01
6600.38507022 -7.07508564e+00
6600.44056622 2.17036762e+01
6600.49606221 -5.62306213e+00
6600.55155820 3.54504204e+01
