# Rest-frame spectrum generated from: N1073C0003o_1d.fits
# lambda_Ha_obs = 6588.48400000 Angstrom
# lambda_Ha_rest = 6562.80000000 Angstrom
# z_Ha = 3.9135734747e-03
# v_Ha_relativistic = 1170.964010 km/s
# v_Ha_classical = 1173.259812 km/s
# columns: wavelength_rest[Angstrom] flux_or_counts

6544.31169518 -6.36194420e+00
6544.36720604 -6.36222839e+00
6544.42271691 -6.36187553e+00
6544.47822777 -6.36264420e+00
6544.53373863 -6.36284256e+00
6544.58924949 -6.36308289e+00
6544.64476035 -6.36219788e+00
6544.70027122 -6.36241150e+00
6544.75578208 -6.36226463e+00
6544.81129294 -6.36253166e+00
6544.86680380 -6.36134529e+00
6544.92231466 -6.35995674e+00
6544.97782553 -6.36480522e+00
6545.03333639 -6.36290359e+00
6545.08884725 -6.36349106e+00
6545.14435811 -6.36194229e+00
6545.19986897 -6.36256409e+00
6545.25537983 -6.36240387e+00
6545.31089070 -5.54456902e+00
6545.36640156 -7.58038330e+00
6545.42191242 -6.36217880e+00
6545.47742328 -2.88499260e+00
6545.53293414 3.00432205e-01
6545.58844501 -8.59774971e+00
6545.64395587 -1.41732883e+01
6545.69946673 -2.79602585e+01
6545.75497759 -5.03585815e+00
6545.81048845 1.47416840e+01
6545.86599931 3.09912243e+01
6545.92151018 -3.59508133e+00
6545.97702104 3.11520157e+01
6546.03253190 -9.85443115e-01
6546.08804276 -2.64667702e+01
6546.14355362 3.07131767e+00
6546.19906449 2.02086945e+01
6546.25457535 1.21763630e+01
6546.31008621 -4.78946114e+00
6546.36559707 -1.46785736e+01
6546.42110793 -6.76173687e+00
6546.47661880 3.67596931e+01
6546.53212966 1.14619484e+01
6546.58764052 2.09517746e+01
6546.64315138 1.32612209e+01
6546.69866224 1.17988834e+01
6546.75417310 3.74685669e+00
6546.80968397 -2.35921040e+01
6546.86519483 2.00608692e+01
6546.92070569 1.35524521e+01
6546.97621655 -1.70183315e+01
6547.03172741 3.45951462e+00
6547.08723828 4.03994179e+01
6547.14274914 9.78133965e+00
6547.19826000 1.27649708e+01
6547.25377086 1.51493111e+01
6547.30928172 3.35376053e+01
6547.36479259 1.49062614e+01
6547.42030345 4.61105881e+01
6547.47581431 3.73364067e+01
6547.53132517 4.82911530e+01
6547.58683603 6.76733093e+01
6547.64234689 7.12253799e+01
6547.69785776 4.07375183e+01
6547.75336862 6.42873383e+01
6547.80887948 8.55639496e+01
6547.86439034 7.48042450e+01
6547.91990120 7.62990417e+01
6547.97541207 6.21806107e+01
6548.03092293 4.76967468e+01
6548.08643379 5.13385544e+01
6548.14194465 6.99569550e+01
6548.19745551 2.84497585e+01
6548.25296637 1.00595226e+01
6548.30847724 1.63293209e+01
6548.36398810 2.23248959e+01
6548.41949896 1.24121857e+00
6548.47500982 1.37783279e+01
6548.53052068 1.54022102e+01
6548.58603155 1.99280128e+01
6548.64154241 1.19485645e+01
6548.69705327 2.09756451e+01
6548.75256413 -2.22772827e+01
6548.80807499 1.55819702e+00
6548.86358586 -1.01118279e+00
6548.91909672 2.10634117e+01
6548.97460758 7.59576035e+00
6549.03011844 1.80318165e+01
6549.08562930 -4.36399269e+00
6549.14114016 6.16931343e+00
6549.19665103 2.25082378e+01
6549.25216189 -9.40035439e+00
6549.30767275 -1.14197845e+01
6549.36318361 2.72851601e+01
6549.41869447 -1.95518188e+01
6549.47420534 3.24314117e+01
6549.52971620 9.31401253e+00
6549.58522706 7.16125183e+01
6549.64073792 1.67994175e+01
6549.69624878 -1.76817322e+01
6549.75175964 -2.01696930e+01
6549.80727051 6.55110741e+00
6549.86278137 -5.96066284e+00
6549.91829223 2.71727676e+01
6549.97380309 2.86364555e+00
6550.02931395 -1.03029518e+01
6550.08482482 -2.29097118e+01
6550.14033568 1.46531582e+01
6550.19584654 9.85182762e+00
6550.25135740 1.73008347e+00
6550.30686826 5.38225937e+00
6550.36237913 2.98704147e-01
6550.41788999 1.17506561e+01
6550.47340085 3.30003738e+00
6550.52891171 7.12927246e+00
6550.58442257 -9.29660797e+00
6550.63993343 -2.24134598e+01
6550.69544430 -1.14865971e+01
6550.75095516 8.27609444e+00
6550.80646602 1.93802814e+01
6550.86197688 1.35105972e+01
6550.91748774 1.03877525e+01
6550.97299861 1.46569366e+01
6551.02850947 -1.88537445e+01
6551.08402033 -1.24769211e+00
6551.13953119 1.28471260e+01
6551.19504205 1.72233429e+01
6551.25055291 -6.67932892e+00
6551.30606378 -7.98313141e+00
6551.36157464 2.15973358e+01
6551.41708550 2.92975464e+01
6551.47259636 1.22550964e+01
6551.52810722 2.11723938e+01
6551.58361809 -4.46129227e+00
6551.63912895 1.39475403e+01
6551.69463981 -7.70602798e+00
6551.75015067 -1.54574585e+01
6551.80566153 -7.37074471e+00
6551.86117240 4.88973808e+00
6551.91668326 -2.82462692e+00
6551.97219412 2.44026375e+01
6552.02770498 1.52558556e+01
6552.08321584 -2.65496311e+01
6552.13872670 -3.92544746e+00
6552.19423757 -3.57895279e+00
6552.24974843 -5.74927521e+00
6552.30525929 3.69659805e+00
6552.36077015 -2.53173027e+01
6552.41628101 -8.49762630e+00
6552.47179188 2.28214054e+01
6552.52730274 2.14526749e+01
6552.58281360 8.77061081e+00
6552.63832446 2.41606522e+00
6552.69383532 1.41519432e+01
6552.74934618 2.52144337e+01
6552.80485705 1.77909813e+01
6552.86036791 1.77970619e+01
6552.91587877 1.00139227e+01
6552.97138963 1.57008133e+01
6553.02690049 -6.12064934e+00
6553.08241136 -5.13977623e+00
6553.13792222 -5.60045242e-01
6553.19343308 2.68405190e+01
6553.24894394 -8.59770489e+00
6553.30445480 2.80830975e+01
6553.35996567 1.73629684e+01
6553.41547653 -1.80495186e+01
6553.47098739 2.74487247e+01
6553.52649825 -1.97327423e+00
6553.58200911 -1.40708485e+01
6553.63751997 1.32753544e+01
6553.69303084 2.98780632e+00
6553.74854170 -8.43024635e+00
6553.80405256 -2.68137054e+01
6553.85956342 3.89089203e+01
6553.91507428 3.59940338e+00
6553.97058515 2.39404297e+00
6554.02609601 1.86162605e+01
6554.08160687 6.93446922e+00
6554.13711773 2.53296852e+01
6554.19262859 1.37902164e+01
6554.24813945 1.53281651e+01
6554.30365032 5.42701912e+00
6554.35916118 -6.08266258e+00
6554.41467204 -1.45305195e+01
6554.47018290 1.13901138e-01
6554.52569376 2.93384552e-01
6554.58120463 1.95995941e+01
6554.63671549 1.34268875e+01
6554.69222635 1.01052475e+01
6554.74773721 7.44075775e-02
6554.80324807 2.18206291e+01
6554.85875894 9.49857712e-01
6554.91426980 2.57154903e+01
6554.96978066 -8.49455452e+00
6555.02529152 -2.09841442e+01
6555.08080238 2.05841064e+01
6555.13631324 3.30160713e+00
6555.19182411 6.58841515e+00
6555.24733497 1.89995842e+01
6555.30284583 -6.19754791e+00
6555.35835669 -1.13412476e+00
6555.41386755 1.13712025e+01
6555.46937842 -1.82509708e+01
6555.52488928 2.31102371e+00
6555.58040014 9.39092445e+00
6555.63591100 -1.31484833e+01
6555.69142186 2.93991089e+00
6555.74693273 -9.67083168e+00
6555.80244359 -2.54867363e+00
6555.85795445 8.24214554e+00
6555.91346531 -1.53661041e+01
6555.96897617 -1.04346838e+01
6556.02448703 9.67280006e+00
6556.07999790 9.63592434e+00
6556.13550876 -1.44110851e+01
6556.19101962 2.69140186e+01
6556.24653048 -8.86445999e+00
6556.30204134 -1.44635773e+01
6556.35755221 2.86075783e+00
6556.41306307 -3.29710846e+01
6556.46857393 -6.42351532e+00
6556.52408479 4.94482803e+00
6556.57959565 -1.91158676e+01
6556.63510651 -1.39083939e+01
6556.69061738 -8.93682480e-01
6556.74612824 1.67432442e+01
6556.80163910 -1.33328838e+01
6556.85714996 -2.40282669e+01
6556.91266082 1.99776268e+01
6556.96817169 2.02845306e+01
6557.02368255 -2.80358887e+01
6557.07919341 -1.03943062e+00
6557.13470427 -1.50960264e+01
6557.19021513 -1.31510124e+01
6557.24572600 3.27011986e+01
6557.30123686 1.88075981e+01
6557.35674772 -5.20611954e+00
6557.41225858 3.81187210e+01
6557.46776944 -1.98808632e+01
6557.52328030 9.13036919e+00
6557.57879117 2.62574959e+01
6557.63430203 1.31170082e+00
6557.68981289 1.98958855e+01
6557.74532375 -5.48492622e+00
6557.80083461 2.61138439e+01
6557.85634548 -1.01006584e+01
6557.91185634 9.90867043e+00
6557.96736720 2.51270790e+01
6558.02287806 1.52665901e+00
6558.07838892 -7.84479713e+00
6558.13389978 2.05057011e+01
6558.18941065 -1.11748028e+01
6558.24492151 -2.98126240e+01
6558.30043237 -1.66294746e+01
6558.35594323 1.13693428e+00
6558.41145409 6.49375153e+00
6558.46696496 3.16270905e+01
6558.52247582 -1.43791008e+00
6558.57798668 7.62785912e+00
6558.63349754 -1.48008728e+00
6558.68900840 -2.78834152e+00
6558.74451927 4.92153168e+00
6558.80003013 3.24531021e+01
6558.85554099 -1.06779327e+01
6558.91105185 3.17817516e+01
6558.96656271 1.91393757e+01
6559.02207357 7.55868721e+00
6559.07758444 -1.58438873e+00
6559.13309530 1.20482635e+00
6559.18860616 8.59620094e+00
6559.24411702 4.17553902e+00
6559.29962788 2.16335926e+01
6559.35513875 1.05208588e+01
6559.41064961 3.73767662e+00
6559.46616047 6.45914841e+00
6559.52167133 4.62755890e+01
6559.57718219 4.45672607e+01
6559.63269305 4.89779358e+01
6559.68820392 2.10693188e+01
6559.74371478 1.45345812e+01
6559.79922564 -2.42894859e+01
6559.85473650 -1.00427237e+01
6559.91024736 -1.45048447e+01
6559.96575823 8.28646278e+00
6560.02126909 -3.23775291e+00
6560.07677995 -5.26192856e+00
6560.13229081 -2.38379288e+00
6560.18780167 6.38963795e+00
6560.24331254 -1.16053085e+01
6560.29882340 2.90114384e+01
6560.35433426 -1.33810959e+01
6560.40984512 -1.23608150e+01
6560.46535598 -1.72501736e+01
6560.52086684 2.47431221e+01
6560.57637771 -1.17533321e+01
6560.63188857 -1.18627214e+01
6560.68739943 1.90499382e+01
6560.74291029 3.18824081e+01
6560.79842115 -2.99163818e+00
6560.85393202 -2.04238644e+01
6560.90944288 5.74240341e+01
6560.96495374 2.30540237e+01
6561.02046460 1.77649918e+01
6561.07597546 -5.95008850e-01
6561.13148632 -3.86515236e+00
6561.18699719 -6.04521179e+00
6561.24250805 2.16936493e+01
6561.29801891 -7.36213303e+00
6561.35352977 3.03190861e+01
6561.40904063 3.06459427e+00
6561.46455150 8.73934364e+00
6561.52006236 5.75160217e+01
6561.57557322 4.29595985e+01
6561.63108408 4.17639160e+01
6561.68659494 3.87675743e+01
6561.74210581 4.64192581e+01
6561.79761667 6.63207016e+01
6561.85312753 5.41135559e+01
6561.90863839 8.72671890e+01
6561.96414925 1.01367630e+02
6562.01966011 1.36564514e+02
6562.07517098 1.26223953e+02
6562.13068184 1.78423767e+02
6562.18619270 2.31375580e+02
6562.24170356 2.47568634e+02
6562.29721442 3.46988007e+02
6562.35272529 3.96910370e+02
6562.40823615 5.14832642e+02
6562.46374701 5.64236084e+02
6562.51925787 6.04060181e+02
6562.57476873 7.49903076e+02
6562.63027959 8.51694031e+02
6562.68579046 9.39326477e+02
6562.74130132 9.82610840e+02
6562.79681218 1.04468481e+03
6562.85232304 9.65084900e+02
6562.90783390 9.20269836e+02
6562.96334477 8.60637268e+02
6563.01885563 8.00607971e+02
6563.07436649 6.72769958e+02
6563.12987735 5.76991760e+02
6563.18538821 4.52502594e+02
6563.24089908 3.63544373e+02
6563.29640994 2.88250000e+02
6563.35192080 2.17313354e+02
6563.40743166 1.47217224e+02
6563.46294252 8.99770203e+01
6563.51845338 8.17500610e+01
6563.57396425 8.38198700e+01
6563.62947511 4.35402718e+01
6563.68498597 1.85968246e+01
6563.74049683 -1.34784241e+01
6563.79600769 -2.78847046e+01
6563.85151856 1.73674049e+01
6563.90702942 3.00762939e+01
6563.96254028 3.81475639e+00
6564.01805114 -1.14424706e+00
6564.07356200 3.53661194e+01
6564.12907287 9.72774887e+00
6564.18458373 2.85605125e+01
6564.24009459 7.66224670e+00
6564.29560545 -2.45761013e+01
6564.35111631 -8.81750298e+00
6564.40662717 -6.86359978e+00
6564.46213804 1.99560585e+01
6564.51764890 1.64873600e+01
6564.57315976 -1.19540710e+01
6564.62867062 -1.99722691e+01
6564.68418148 6.62985992e+00
6564.73969235 -6.13783264e+00
6564.79520321 -8.20873642e+00
6564.85071407 3.15045757e+01
6564.90622493 2.79747543e+01
6564.96173579 2.49000397e+01
6565.01724665 2.03956585e+01
6565.07275752 2.33390026e+01
6565.12826838 3.79537125e+01
6565.18377924 -1.60362377e+01
6565.23929010 2.11471367e+01
6565.29480096 2.86576080e+00
6565.35031183 1.96052551e+01
6565.40582269 2.53536224e+00
6565.46133355 5.87478676e+01
6565.51684441 6.20904541e+00
6565.57235527 -1.65981941e+01
6565.62786614 4.11627769e+00
6565.68337700 1.11574612e+01
6565.73888786 4.72192383e+00
6565.79439872 -1.22619247e+01
6565.84990958 6.83317566e+00
6565.90542044 -6.32312965e+00
6565.96093131 4.95272064e+00
6566.01644217 -9.64827919e+00
6566.07195303 -1.39373398e+01
6566.12746389 1.49563255e+01
6566.18297475 -6.94429016e+00
6566.23848562 4.59766350e+01
6566.29399648 8.11866379e+00
6566.34950734 1.58798313e+01
6566.40501820 2.79411469e+01
6566.46052906 1.02339859e+01
6566.51603992 1.28212566e+01
6566.57155079 3.87921906e+00
6566.62706165 9.42281723e-01
6566.68257251 6.55193520e+00
6566.73808337 3.62177773e+01
6566.79359423 -1.99690666e+01
6566.84910510 5.66264725e+00
6566.90461596 1.28887005e+01
6566.96012682 -8.63907623e+00
6567.01563768 -5.00693970e+01
6567.07114854 -2.12662754e+01
6567.12665941 9.56392288e-01
6567.18217027 -2.08039513e+01
6567.23768113 7.97537613e+00
6567.29319199 -1.04814892e+01
6567.34870285 2.55935669e-01
6567.40421371 3.20326462e+01
6567.45972458 -6.42336082e+00
6567.51523544 8.44519520e+00
6567.57074630 7.71307564e+00
6567.62625716 -1.37198181e+01
6567.68176802 -6.12559128e+00
6567.73727889 2.95129375e+01
6567.79278975 4.01495743e+00
6567.84830061 5.37715721e+00
6567.90381147 6.95091248e-01
6567.95932233 -3.55634880e+00
6568.01483319 2.97089062e+01
6568.07034406 1.90076561e+01
6568.12585492 -4.16153908e+01
6568.18136578 2.01969070e+01
6568.23687664 5.16852188e+00
6568.29238750 5.63507462e+00
6568.34789837 -1.50637608e+01
6568.40340923 3.88866615e+00
6568.45892009 5.21480751e+00
6568.51443095 1.08037071e+01
6568.56994181 -1.34251795e+01
6568.62545268 1.81450272e+01
6568.68096354 -1.10353127e+01
6568.73647440 -8.11384010e+00
6568.79198526 3.13986378e+01
6568.84749612 3.50007324e+01
6568.90300698 2.87324753e+01
6568.95851785 1.75708771e-01
6569.01402871 1.84394264e+00
6569.06953957 1.68069630e+01
6569.12505043 1.55857353e+01
6569.18056129 1.43706131e+00
6569.23607216 -1.24723244e+01
6569.29158302 -5.71080780e+00
6569.34709388 -2.16454983e+01
6569.40260474 3.47503853e+00
6569.45811560 1.85674610e+01
6569.51362646 8.90624237e+00
6569.56913733 -1.73133869e+01
6569.62464819 9.27124405e+00
6569.68015905 -5.76195717e+00
6569.73566991 -1.68369408e+01
6569.79118077 1.11298809e+01
6569.84669164 1.67234612e+01
6569.90220250 9.22953415e+00
6569.95771336 1.44211597e+01
6570.01322422 3.87103729e+01
6570.06873508 1.83046856e+01
6570.12424595 -5.59431076e-01
6570.17975681 3.24848938e+01
6570.23526767 3.34530258e+01
6570.29077853 -8.61587524e-01
6570.34628939 2.76633511e+01
6570.40180025 3.93635101e+01
6570.45731112 2.52154160e+01
6570.51282198 8.60007477e+00
6570.56833284 -1.18151169e+01
6570.62384370 -4.17987823e-01
6570.67935456 7.24467087e+00
6570.73486543 -8.61423874e+00
6570.79037629 1.07873116e+01
6570.84588715 -1.18734531e+01
6570.90139801 2.48371716e+01
6570.95690887 1.08212261e+01
6571.01241973 -2.36936569e+01
6571.06793060 3.61567993e+01
6571.12344146 -6.34044075e+00
6571.17895232 2.63607407e+00
6571.23446318 2.54345207e+01
6571.28997404 1.90685844e+01
6571.34548491 3.04740143e+00
6571.40099577 1.11845169e+01
6571.45650663 4.99100113e+00
6571.51201749 1.25404739e+00
6571.56752835 4.40882874e+00
6571.62303922 3.66187363e+01
6571.67855008 1.91157818e+01
6571.73406094 -1.04647503e+01
6571.78957180 3.69348335e+01
6571.84508266 -3.52250366e+01
6571.90059352 -5.93345642e+00
6571.95610439 1.40729980e+01
6572.01161525 2.19192657e+01
6572.06712611 -1.34740105e+01
6572.12263697 -4.63092422e+01
6572.17814783 -2.00946369e+01
6572.23365870 1.85716743e+01
6572.28916956 -1.56717129e+01
6572.34468042 1.24223747e+01
6572.40019128 1.45805855e+01
6572.45570214 2.29012585e+01
6572.51121301 -1.34843693e+01
6572.56672387 4.70533943e+00
6572.62223473 -1.94968948e+01
6572.67774559 -8.15916157e+00
6572.73325645 4.08102684e+01
6572.78876731 -1.95365219e+01
6572.84427818 1.23858471e+01
6572.89978904 2.63611336e+01
6572.95529990 -1.16520166e+01
6573.01081076 1.75055523e+01
6573.06632162 3.43747711e+00
6573.12183249 -1.03641968e+01
6573.17734335 5.06610870e+00
6573.23285421 6.44885635e+00
6573.28836507 2.01331005e+01
6573.34387593 -1.75106812e+01
6573.39938679 -1.01254177e+01
6573.45489766 -1.51748486e+01
6573.51040852 -5.64470482e+00
6573.56591938 1.87405777e+01
6573.62143024 -1.64641876e+01
6573.67694110 -1.09752960e+01
6573.73245197 -5.10956955e+00
6573.78796283 1.31025505e+01
6573.84347369 2.52326546e+01
6573.89898455 -2.04321728e+01
6573.95449541 -4.61920547e+00
6574.01000628 1.80918064e+01
6574.06551714 -1.06122551e+01
6574.12102800 -2.42330761e+01
6574.17653886 1.18698540e+01
6574.23204972 2.69360466e+01
6574.28756058 -2.18819237e+01
6574.34307145 5.62257004e+00
6574.39858231 1.13611603e+00
6574.45409317 -1.09748888e+01
6574.50960403 2.51418533e+01
6574.56511489 -2.60618401e+00
6574.62062576 -2.33299065e+00
6574.67613662 7.18908691e+00
6574.73164748 1.46683292e+01
6574.78715834 3.08435268e+01
6574.84266920 2.90033035e+01
6574.89818006 1.20419617e+01
6574.95369093 1.93379402e+01
6575.00920179 1.48580627e+01
6575.06471265 1.43393898e+00
6575.12022351 -1.30311604e+01
6575.17573437 5.74795914e+00
6575.23124524 9.75563049e-01
6575.28675610 -1.02776489e+01
6575.34226696 1.05755825e+01
6575.39777782 -7.36319351e+00
6575.45328868 8.65570831e+00
6575.50879955 2.86066551e+01
6575.56431041 1.68499908e+01
6575.61982127 1.64109192e+01
6575.67533213 1.92814598e+01
6575.73084299 2.58048668e+01
6575.78635385 -3.72842407e+00
6575.84186472 -1.21399612e+01
6575.89737558 5.57872009e+00
6575.95288644 8.20217514e+00
6576.00839730 7.00677872e+00
6576.06390816 2.24868774e+01
6576.11941903 3.49201965e+00
6576.17492989 8.30494499e+00
6576.23044075 1.07277737e+01
6576.28595161 -1.23128033e+01
6576.34146247 1.58214302e+01
6576.39697333 3.54183426e+01
6576.45248420 1.36384048e+01
6576.50799506 -5.44800949e+00
6576.56350592 -2.46245003e+00
6576.61901678 -4.39030266e+00
6576.67452764 2.38834839e+01
6576.73003851 1.77584629e+01
6576.78554937 2.33629112e+01
6576.84106023 -5.29659271e+00
6576.89657109 -9.08032131e+00
6576.95208195 1.05183926e+01
6577.00759282 -4.28772736e+00
6577.06310368 -1.82193184e+01
6577.11861454 7.04795837e+00
6577.17412540 -1.91901951e+01
6577.22963626 -1.61263008e+01
6577.28514712 -1.35688057e+01
6577.34065799 1.37102928e+01
6577.39616885 3.14952087e+00
6577.45167971 -3.93662643e+00
6577.50719057 -3.58164139e+01
6577.56270143 3.03913574e+01
6577.61821230 -2.46888924e+00
6577.67372316 -1.92185402e+01
6577.72923402 -9.74677658e+00
6577.78474488 1.02344360e+01
6577.84025574 1.03211002e+01
6577.89576660 -1.27226353e+01
6577.95127747 -3.25682640e+00
6578.00678833 2.13600159e-01
6578.06229919 3.18472137e+01
6578.11781005 4.04928589e+00
6578.17332091 1.44093132e+01
6578.22883178 7.04677582e+00
6578.28434264 -7.57007980e+00
6578.33985350 -1.77347946e+01
6578.39536436 -2.43551464e+01
6578.45087522 2.57289124e+01
6578.50638609 -7.26870346e+00
6578.56189695 1.57681732e+01
6578.61740781 9.11688232e+00
6578.67291867 -6.54461098e+00
6578.72842953 -1.62390347e+01
6578.78394039 6.70352936e-01
6578.83945126 1.37933159e+01
6578.89496212 9.59475708e+00
6578.95047298 5.72539902e+00
6579.00598384 -2.68023872e+00
6579.06149470 -5.23469162e+00
6579.11700557 -1.87307053e+01
6579.17251643 1.82387714e+01
6579.22802729 2.10344563e+01
6579.28353815 3.89601898e+00
6579.33904901 -1.16636982e+01
6579.39455987 1.92617626e+01
6579.45007074 1.69550571e+01
6579.50558160 -8.53646088e+00
6579.56109246 -9.66267014e+00
6579.61660332 -2.67617340e+01
6579.67211418 9.75029182e+00
6579.72762505 2.56515141e+01
6579.78313591 -1.63241386e+01
6579.83864677 -4.63907623e+00
6579.89415763 -1.52982616e+01
6579.94966849 -8.41772079e+00
6580.00517936 5.30962372e+00
6580.06069022 -2.37913551e+01
6580.11620108 2.36333313e+01
6580.17171194 9.15591240e+00
6580.22722280 1.97538757e+00
6580.28273366 1.61376114e+01
6580.33824453 2.51286736e+01
6580.39375539 -1.27284470e+01
6580.44926625 1.01562500e+01
6580.50477711 1.55304909e+01
6580.56028797 -1.73939896e+01
6580.61579884 2.18476906e+01
6580.67130970 -1.43950920e+01
6580.72682056 -8.83377838e+00
6580.78233142 1.86888733e+01
6580.83784228 1.00667858e+01
6580.89335315 4.62331009e+00
6580.94886401 4.65182686e+00
6581.00437487 1.16753387e+00
6581.05988573 -9.28008080e+00
6581.11539659 9.27681160e+00
6581.17090745 -1.50623856e+01
6581.22641832 1.74832687e+01
6581.28192918 -1.60083466e+01
6581.33744004 -2.10462532e+01
6581.39295090 -2.44341278e+00
6581.44846176 -6.65776062e+00
6581.50397263 1.88175926e+01
6581.55948349 7.60199547e+00
6581.61499435 5.69514465e+00
6581.67050521 1.44575939e+01
6581.72601607 2.01325874e+01
6581.78152693 -6.65903282e+00
6581.83703780 -1.65881920e+01
6581.89254866 3.68651390e+00
6581.94805952 5.03609467e+00
6582.00357038 8.63599205e+00
6582.05908124 6.25559235e+00
6582.11459211 -6.95373535e+00
6582.17010297 -1.41204834e-01
6582.22561383 -2.29519653e+00
6582.28112469 1.24175034e+01
6582.33663555 4.63509369e+00
6582.39214642 6.07227325e+00
6582.44765728 2.47269821e+00
6582.50316814 2.11530647e+01
6582.55867900 2.39040184e+01
6582.61418986 1.16541481e+00
6582.66970072 -3.49045372e+00
6582.72521159 6.16342354e+00
6582.78072245 3.64347839e+01
6582.83623331 4.94580460e+01
6582.89174417 -2.11769104e+00
6582.94725503 1.21755772e+01
6583.00276590 1.63415585e+01
6583.05827676 1.91529083e+00
6583.11378762 3.84915924e+01
6583.16929848 3.35146255e+01
6583.22480934 5.07457542e+01
6583.28032020 4.79549789e+01
6583.33583107 5.46681671e+01
6583.39134193 3.11131058e+01
6583.44685279 6.98626022e+01
6583.50236365 1.86710873e+01
6583.55787451 3.04852943e+01
6583.61338538 3.67677841e+01
6583.66889624 3.43044205e+01
6583.72440710 5.67304802e+00
6583.77991796 -1.32384605e+01
6583.83542882 1.24130993e+01
6583.89093969 2.14502869e+01
6583.94645055 2.57111931e+00
6584.00196141 -7.73122787e-01
6584.05747227 -1.77109241e+01
6584.11298313 2.93122692e+01
6584.16849399 1.20633011e+01
6584.22400486 -5.60792542e+00
6584.27951572 -1.48972206e+01
6584.33502658 4.73447495e+01
6584.39053744 -4.39529228e+00
6584.44604830 2.31482964e+01
6584.50155917 3.15915298e+00
6584.55707003 1.76395874e+01
6584.61258089 4.15226364e+00
6584.66809175 -1.85399895e+01
6584.72360261 -1.63143539e+00
6584.77911347 -3.72847366e+00
6584.83462434 1.28490410e+01
6584.89013520 6.53757095e+00
6584.94564606 1.11053467e+00
6585.00115692 5.37908554e+00
6585.05666778 6.09429550e+00
6585.11217865 3.12163544e+00
6585.16768951 -2.80134087e+01
6585.22320037 -5.62997246e+00
6585.27871123 3.47462540e+01
6585.33422209 1.92181778e+01
6585.38973296 3.39064751e+01
6585.44524382 2.83299370e+01
6585.50075468 3.08685818e+01
6585.55626554 1.30214386e+01
6585.61177640 8.68037033e+00
6585.66728726 7.69848633e+00
6585.72279813 6.76301384e+00
6585.77830899 1.69020996e+01
6585.83381985 5.01028328e+01
6585.88933071 -1.45031986e+01
6585.94484157 -4.19212341e+00
6586.00035244 2.91790276e+01
6586.05586330 -1.10831108e+01
6586.11137416 2.82563839e+01
6586.16688502 3.33728790e+00
6586.22239588 2.05947666e+01
6586.27790674 2.74385357e+01
6586.33341761 -1.98259163e+01
6586.38892847 9.30827141e+00
6586.44443933 7.11010933e+00
6586.49995019 6.70575333e+00
6586.55546105 6.51183701e+00
6586.61097192 1.24567642e+01
6586.66648278 3.86634827e+00
6586.72199364 -2.19835300e+01
6586.77750450 -2.56152077e+01
6586.83301536 9.27977753e+00
6586.88852623 -3.26636124e+00
6586.94403709 1.41787453e+01
6586.99954795 9.61751556e+00
6587.05505881 -2.01014385e+01
6587.11056967 -5.36908722e+00
6587.16608053 -9.63193130e+00
6587.22159140 -2.86271935e+01
6587.27710226 1.29099751e+01
6587.33261312 1.45691223e+01
6587.38812398 -1.49529285e+01
6587.44363484 5.28500938e+00
6587.49914571 2.48118057e+01
6587.55465657 -3.18245029e+00
6587.61016743 6.33020020e+00
6587.66567829 4.50491943e+01
6587.72118915 3.61551018e+01
6587.77670001 2.74125481e+00
6587.83221088 6.99330521e+00
6587.88772174 -1.97537403e+01
6587.94323260 -3.61864548e+01
6587.99874346 1.28822861e+01
6588.05425432 -1.12115421e+01
6588.10976519 -3.86919022e+00
6588.16527605 5.77511215e+00
6588.22078691 4.29768944e+01
6588.27629777 -4.51083374e+00
6588.33180863 2.80198212e+01
6588.38731950 2.37368774e+01
6588.44283036 -3.94323540e+00
6588.49834122 9.50936985e+00
6588.55385208 1.64717922e+01
6588.60936294 1.18591728e+01
6588.66487380 -4.64966431e+01
6588.72038467 8.21249008e+00
6588.77589553 1.46636772e+01
6588.83140639 7.28010559e+00
6588.88691725 5.28987427e+01
6588.94242811 7.39169693e+00
6588.99793898 -2.22107544e+01
6589.05344984 2.19784927e+00
6589.10896070 -8.31279755e-02
6589.16447156 6.15597725e+00
6589.21998242 1.41001644e+01
6589.27549329 4.31101227e+00
6589.33100415 2.91484909e+01
6589.38651501 2.10621185e+01
6589.44202587 -1.09362984e+00
6589.49753673 3.48029060e+01
6589.55304759 9.71118546e+00
6589.60855846 -3.74180183e+01
6589.66406932 6.62517548e-02
6589.71958018 1.24791031e+01
6589.77509104 3.59780121e+00
6589.83060190 2.38425522e+01
6589.88611277 9.39350796e+00
6589.94162363 2.45933094e+01
6589.99713449 1.22622452e+01
6590.05264535 1.85120468e+01
6590.10815621 -3.50710678e+00
6590.16366707 -3.31419373e+00
6590.21917794 -1.09087324e+01
6590.27468880 6.73451614e+00
6590.33019966 8.49331093e+00
6590.38571052 -2.57738514e+01
6590.44122138 -7.69427586e+00
6590.49673225 -5.37990570e+00
6590.55224311 -2.45343666e+01
6590.60775397 8.62583160e+00
6590.66326483 -3.93151398e+01
6590.71877569 -1.68273144e+01
6590.77428656 1.98529053e+01
6590.82979742 1.48646812e+01
6590.88530828 1.54808998e+00
6590.94081914 -3.08414307e+01
6590.99633000 -1.11879187e+01
6591.05184086 -2.53821182e+00
6591.10735173 1.90376587e+01
6591.16286259 -8.94037437e+00
6591.21837345 6.92627335e+00
6591.27388431 8.99065781e+00
6591.32939517 -1.66648922e+01
6591.38490604 1.52425842e+01
6591.44041690 -1.08195724e+01
6591.49592776 7.64783859e+00
6591.55143862 2.91284599e+01
6591.60694948 -1.22510319e+01
6591.66246034 3.08425999e+01
6591.71797121 2.05119343e+01
6591.77348207 -1.62054710e+01
6591.82899293 1.10158644e+01
6591.88450379 2.02424622e+01
6591.94001465 4.09196472e+00
6591.99552552 1.06836052e+01
6592.05103638 4.38521957e+00
6592.10654724 1.41931725e+01
6592.16205810 1.06412907e+01
6592.21756896 -5.66375732e+00
6592.27307983 1.58414288e+01
6592.32859069 1.61404896e+01
6592.38410155 2.66994476e+01
6592.43961241 -2.97651424e+01
6592.49512327 1.43887177e+01
6592.55063413 1.37582207e+01
6592.60614500 -1.70377579e+01
6592.66165586 3.15748405e+00
6592.71716672 -1.81667328e-01
6592.77267758 -2.47364864e+01
6592.82818844 2.38860569e+01
6592.88369931 2.43109322e+00
6592.93921017 3.61801147e+00
6592.99472103 -3.85706520e+00
6593.05023189 -1.50501251e+00
6593.10574275 -5.89299583e+00
6593.16125361 1.30793695e+01
6593.21676448 -1.40471706e+01
6593.27227534 -1.69171200e+01
6593.32778620 -6.12387466e+00
6593.38329706 2.76908493e+00
6593.43880792 2.85476112e+01
6593.49431879 4.56315613e+01
6593.54982965 -1.84766922e+01
6593.60534051 2.85920753e+01
6593.66085137 1.18016968e+01
6593.71636223 2.24283638e+01
6593.77187310 2.32657604e+01
6593.82738396 -1.74447823e+01
6593.88289482 1.75858765e+01
6593.93840568 -1.05055866e+01
6593.99391654 -1.10931110e+01
6594.04942740 -1.14500303e+01
6594.10493827 2.74926758e+01
6594.16044913 1.64399681e+01
6594.21595999 3.95682449e+01
6594.27147085 6.10921860e+00
6594.32698171 7.65537262e+00
6594.38249258 1.10302982e+01
6594.43800344 -2.37460136e+00
6594.49351430 -4.22922611e+00
6594.54902516 2.64676380e+01
6594.60453602 2.09949398e+01
6594.66004688 -9.94320202e+00
6594.71555775 -1.96920853e+01
6594.77106861 5.17139435e+00
6594.82657947 7.37463379e+00
6594.88209033 -3.16473770e+00
6594.93760119 -4.02489471e+00
6594.99311206 -1.04881020e+01
6595.04862292 6.86008644e+00
6595.10413378 2.48117256e+01
6595.15964464 8.85871124e+00
6595.21515550 5.33617973e+00
6595.27066637 -4.01737976e+01
6595.32617723 1.11831589e+01
6595.38168809 1.44623508e+01
6595.43719895 -2.53133373e+01
6595.49270981 2.81031036e+00
6595.54822067 -8.35251045e+00
6595.60373154 -6.36418915e+00
6595.65924240 -1.87145042e+00
6595.71475326 -1.51793995e+01
6595.77026412 2.66184654e+01
6595.82577498 -8.05090046e+00
6595.88128585 3.21397667e+01
6595.93679671 3.24058304e+01
6595.99230757 1.65080070e+00
6596.04781843 4.67510414e+00
6596.10332929 -8.63180161e+00
6596.15884015 -1.19442558e+00
6596.21435102 -3.31192894e+01
6596.26986188 -5.13935776e+01
6596.32537274 -3.39273567e+01
6596.38088360 -1.19752335e+02
6596.43639446 8.81667137e+00
6596.49190533 -1.59683990e+01
6596.54741619 -2.91831970e+01
6596.60292705 -1.44433090e+02
6596.65843791 1.29218483e+01
6596.71394877 5.88931465e+00
6596.76945964 4.59699631e-01
6596.82497050 4.23037910e+00
6596.88048136 3.35262146e+01
6596.93599222 4.81003571e+00
6596.99150308 3.68011856e+00
6597.04701394 -4.24784946e+00
6597.10252481 5.39939499e+00
6597.15803567 6.21168900e+00
6597.21354653 -8.84349060e+00
6597.26905739 -4.07402229e+00
6597.32456825 -8.95192146e+00
6597.38007912 1.53690281e+01
6597.43558998 -9.46434212e+00
6597.49110084 1.79722939e+01
6597.54661170 1.04336472e+01
6597.60212256 -3.65043259e+00
6597.65763343 3.83121490e+00
6597.71314429 2.63945465e+01
6597.76865515 -2.32402649e+01
6597.82416601 -6.32209396e+00
6597.87967687 1.17739487e+01
6597.93518773 -2.25529442e+01
6597.99069860 4.09232521e+00
6598.04620946 -1.84279709e+01
6598.10172032 -5.68665695e+00
6598.15723118 1.66221123e+01
6598.21274204 2.41626835e+01
6598.26825291 8.55400658e+00
6598.32376377 -7.50813389e+00
6598.37927463 5.47000313e+00
6598.43478549 1.11888905e+01
6598.49029635 3.90194054e+01
6598.54580721 -2.16866913e+01
6598.60131808 -8.63041687e+00
6598.65682894 -3.88261032e+00
6598.71233980 1.21731186e+00
6598.76785066 -1.21800499e+01
6598.82336152 1.02977753e+00
6598.87887239 -6.01829529e-01
6598.93438325 1.58988199e+01
6598.98989411 1.02816772e+00
6599.04540497 5.77395630e+00
6599.10091583 -2.30856915e+01
6599.15642670 -7.36871338e+00
6599.21193756 2.52649117e+01
6599.26744842 1.37428875e+01
6599.32295928 1.68709545e+01
6599.37847014 7.54359245e+00
6599.43398100 1.87647800e+01
6599.48949187 2.17300529e+01
6599.54500273 9.54461098e+00
6599.60051359 -1.53599110e+01
6599.65602445 -2.04344139e+01
6599.71153531 -1.81760654e+01
6599.76704618 -1.17539949e+01
6599.82255704 -3.97911072e-01
6599.87806790 1.50541859e+01
6599.93357876 2.33123531e+01
6599.98908962 2.67173214e+01
6600.04460048 -9.63253975e-01
6600.10011135 -8.89824390e+00
6600.15562221 -5.54700470e+00
6600.21113307 -1.01550512e+01
6600.26664393 -8.27726364e-01
6600.32215479 2.07916393e+01
6600.37766566 -1.78167934e+01
6600.43317652 -2.80807476e+01
6600.48868738 -6.61148453e+00
6600.54419824 -6.99396133e+00
6600.59970910 1.36103745e+01
