# Rest-frame spectrum generated from: M66A0001o_1d.fits
# lambda_Ha_obs = 6575.61500000 Angstrom
# lambda_Ha_rest = 6562.80000000 Angstrom
# z_Ha = 1.9526726397e-03
# v_Ha_relativistic = 584.824988 km/s
# v_Ha_classical = 585.396530 km/s
# columns: wavelength_rest[Angstrom] flux_or_counts

6531.60967403 4.54785461e+01
6531.66587025 4.54782562e+01
6531.72206647 4.54635544e+01
6531.77826270 4.54788437e+01
6531.83445892 4.54781647e+01
6531.89065514 4.54623032e+01
6531.94685137 4.54787598e+01
6532.00304759 4.54794159e+01
6532.05924381 4.54786682e+01
6532.11544004 4.54623260e+01
6532.17163626 4.54798508e+01
6532.22783248 4.54774323e+01
6532.28402871 4.54864273e+01
6532.34022493 4.54795227e+01
6532.39642115 4.54635544e+01
6532.45261738 4.54792023e+01
6532.50881360 4.54808044e+01
6532.56500982 4.54794083e+01
6532.62120605 2.78833542e+01
6532.67740227 1.85453873e+01
6532.73359849 4.36983032e+01
6532.78979472 7.35296097e+01
6532.84599094 7.07587738e+01
6532.90218716 5.70394516e+01
6532.95838339 4.99039688e+01
6533.01457961 3.62090378e+01
6533.07077583 3.30872955e+01
6533.12697206 1.79155884e+01
6533.18316828 7.69438171e+00
6533.23936450 6.53653946e+01
6533.29556073 9.10364532e+01
6533.35175695 6.35171890e+01
6533.40795317 -2.90760803e+00
6533.46414940 3.45343933e+01
6533.52034562 1.00096817e+02
6533.57654184 6.52059174e+01
6533.63273807 8.44760513e+01
6533.68893429 1.09906464e+01
6533.74513051 2.06668930e+01
6533.80132673 5.88084335e+01
6533.85752296 3.16241074e+01
6533.91371918 -6.97631836e-02
6533.96991540 3.29483109e+01
6534.02611163 3.13458099e+01
6534.08230785 3.19631500e+01
6534.13850407 2.55627136e+01
6534.19470030 -3.90667725e+00
6534.25089652 1.12386963e+02
6534.30709274 4.37736130e+01
6534.36328897 3.40907898e+01
6534.41948519 4.46964340e+01
6534.47568141 2.17241821e+01
6534.53187764 2.65740967e+01
6534.58807386 -1.00078659e+01
6534.64427008 6.83134995e+01
6534.70046631 5.77539902e+01
6534.75666253 3.04722443e+01
6534.81285875 6.44889603e+01
6534.86905498 5.78209610e+01
6534.92525120 5.03154907e+01
6534.98144742 1.35006866e+01
6535.03764365 -4.90478516e+00
6535.09383987 4.85664520e+01
6535.15003609 5.02047272e+01
6535.20623232 -5.35969543e+00
6535.26242854 2.61755295e+01
6535.31862476 9.76076050e+01
6535.37482099 2.53362885e+01
6535.43101721 3.33514862e+01
6535.48721343 6.53241425e+01
6535.54340966 7.92809448e+01
6535.59960588 9.41032181e+01
6535.65580210 5.09996796e+01
6535.71199833 6.23132401e+01
6535.76819455 5.98234787e+01
6535.82439077 6.03935013e+01
6535.88058700 9.16462173e+01
6535.93678322 9.38142242e+01
6535.99297944 3.19570007e+01
6536.04917567 3.31791992e+01
6536.10537189 6.77702789e+01
6536.16156811 2.31053009e+01
6536.21776434 7.66171646e+01
6536.27396056 4.88846664e+01
6536.33015678 9.54681778e+01
6536.38635301 5.63321915e+01
6536.44254923 5.05536804e+01
6536.49874545 3.14907532e+01
6536.55494167 9.24413300e+01
6536.61113790 3.25869141e+01
6536.66733412 2.54440155e+01
6536.72353034 5.51927185e+01
6536.77972657 7.04149170e+01
6536.83592279 -4.74516220e+01
6536.89211901 2.05098953e+01
6536.94831524 5.13727798e+01
6537.00451146 1.65240021e+01
6537.06070768 -1.53509750e+01
6537.11690391 -5.39609070e+01
6537.17310013 9.00897217e+00
6537.22929635 3.56137772e+01
6537.28549258 -2.45525055e+01
6537.34168880 2.01452026e+01
6537.39788502 1.88011780e+01
6537.45408125 3.50371475e+01
6537.51027747 7.60315628e+01
6537.56647369 4.85556793e+01
6537.62266992 1.10692749e+01
6537.67886614 3.05732117e+01
6537.73506236 7.40629730e+01
6537.79125859 6.68938370e+01
6537.84745481 3.39400024e+01
6537.90365103 2.20188065e+01
6537.95984726 -8.54366302e+00
6538.01604348 -2.59298553e+01
6538.07223970 6.58779297e+01
6538.12843593 3.26801453e+01
6538.18463215 8.05120392e+01
6538.24082837 4.53955994e+01
6538.29702460 1.95200043e+01
6538.35322082 3.32641602e-02
6538.40941704 -1.30481796e+01
6538.46561327 1.51640091e+01
6538.52180949 -2.06582489e+01
6538.57800571 9.16479492e+00
6538.63420194 -3.77840881e+01
6538.69039816 4.08971634e+01
6538.74659438 6.04561462e+01
6538.80279061 6.54655838e+01
6538.85898683 8.33296051e+01
6538.91518305 2.32929306e+01
6538.97137928 4.72308578e+01
6539.02757550 8.43704224e+00
6539.08377172 -1.87819443e+01
6539.13996795 3.60966797e+01
6539.19616417 6.89135132e+01
6539.25236039 -4.76855469e+00
6539.30855662 -1.32716675e+01
6539.36475284 5.34448929e+01
6539.42094906 2.58827057e+01
6539.47714528 7.30201111e+01
6539.53334151 4.93968353e+01
6539.58953773 5.31768799e+00
6539.64573395 -2.10059967e+01
6539.70193018 2.33272247e+01
6539.75812640 9.53003387e+01
6539.81432262 8.16392975e+01
6539.87051885 3.98506622e+01
6539.92671507 -2.56104965e+01
6539.98291129 3.31879578e+01
6540.03910752 3.36617737e+01
6540.09530374 3.02334900e+01
6540.15149996 2.00712204e+01
6540.20769619 5.02609482e+01
6540.26389241 3.08134003e+01
6540.32008863 8.68830032e+01
6540.37628486 5.77311707e+01
6540.43248108 8.40099945e+01
6540.48867730 4.18055420e+01
6540.54487353 1.81169434e+01
6540.60106975 1.15452271e+01
6540.65726597 3.48066101e+01
6540.71346220 4.94885864e+01
6540.76965842 9.53515625e+01
6540.82585464 1.06248138e+02
6540.88205087 1.22914520e+02
6540.93824709 4.44087677e+01
6540.99444331 7.45990753e+01
6541.05063954 2.15580444e+01
6541.10683576 2.13739166e+01
6541.16303198 5.23433380e+01
6541.21922821 3.43473434e+01
6541.27542443 7.24712677e+01
6541.33162065 3.32587967e+01
6541.38781688 1.24481049e+01
6541.44401310 8.15196304e+01
6541.50020932 3.94851685e-01
6541.55640555 6.63059235e+00
6541.61260177 6.35197449e+01
6541.66879799 5.59272461e+01
6541.72499422 4.88376007e+01
6541.78119044 6.77564392e+01
6541.83738666 1.07589279e+02
6541.89358289 1.18782410e+02
6541.94977911 6.40561676e+01
6542.00597533 9.26084824e+01
6542.06217156 4.12073212e+01
6542.11836778 1.70138092e+01
6542.17456400 2.97754288e+01
6542.23076023 6.45837784e+01
6542.28695645 7.68981857e+01
6542.34315267 5.79783783e+01
6542.39934889 1.13487091e+01
6542.45554512 1.38098907e+02
6542.51174134 1.82686462e+01
6542.56793756 -1.40043335e+01
6542.62413379 1.20554413e+02
6542.68033001 3.96165390e+01
6542.73652623 3.23588562e+01
6542.79272246 7.41834183e+01
6542.84891868 3.72950821e+01
6542.90511490 6.64492569e+01
6542.96131113 1.00268646e+02
6543.01750735 -2.56107941e+01
6543.07370357 4.37462006e+01
6543.12989980 6.56285095e+00
6543.18609602 4.22790680e+01
6543.24229224 1.21969147e+01
6543.29848847 5.69751587e+01
6543.35468469 2.58435669e+01
6543.41088091 -2.82745056e+01
6543.46707714 1.55850983e+01
6543.52327336 6.60000076e+01
6543.57946958 3.73401718e+01
6543.63566581 1.10277962e+02
6543.69186203 3.22020416e+01
6543.74805825 1.73446350e+01
6543.80425448 3.17512360e+01
6543.86045070 7.89687347e+01
6543.91664692 7.14725494e+01
6543.97284315 3.43675995e+01
6544.02903937 3.38846130e+01
6544.08523559 6.33477325e+01
6544.14143182 8.96014404e+01
6544.19762804 5.79962234e+01
6544.25382426 3.89167938e+01
6544.31002049 7.74012299e+01
6544.36621671 3.16476593e+01
6544.42241293 7.41541901e+01
6544.47860916 7.52956848e+01
6544.53480538 6.75839539e+01
6544.59100160 1.16958160e+01
6544.64719783 -9.94099426e+00
6544.70339405 1.48621368e+01
6544.75959027 5.47010574e+01
6544.81578650 2.94730072e+01
6544.87198272 2.74526520e+01
6544.92817894 3.72701874e+01
6544.98437517 2.22474213e+01
6545.04057139 1.41797791e+01
6545.09676761 3.23532104e+00
6545.15296383 8.08295364e+01
6545.20916006 2.49869385e+01
6545.26535628 3.20127106e+01
6545.32155250 5.53684616e+01
6545.37774873 4.24013214e+01
6545.43394495 1.05088554e+02
6545.49014117 1.27354126e+01
6545.54633740 3.80134430e+01
6545.60253362 2.37787323e+01
6545.65872984 6.37531204e+01
6545.71492607 8.88412781e+01
6545.77112229 4.41697998e+01
6545.82731851 6.85681152e+01
6545.88351474 6.13875732e+01
6545.93971096 5.07443848e+01
6545.99590718 1.95451508e+01
6546.05210341 4.93327789e+01
6546.10829963 1.23836502e+02
6546.16449585 9.34839478e+01
6546.22069208 4.79592743e+01
6546.27688830 3.62627869e+01
6546.33308452 8.19926300e+01
6546.38928075 1.19948578e+01
6546.44547697 5.01171265e+01
6546.50167319 1.05190071e+02
6546.55786942 2.96094360e+01
6546.61406564 7.68605194e+01
6546.67026186 5.75570221e+01
6546.72645809 1.05003510e+02
6546.78265431 7.73472290e+01
6546.83885053 1.14516327e+02
6546.89504676 1.21146858e+02
6546.95124298 9.35080872e+01
6547.00743920 1.01180328e+02
6547.06363543 1.22533630e+02
6547.11983165 1.76115036e+02
6547.17602787 1.06097717e+02
6547.23222410 1.19239548e+02
6547.28842032 1.89932846e+02
6547.34461654 1.83875229e+02
6547.40081277 2.70974365e+02
6547.45700899 2.88911865e+02
6547.51320521 2.79177795e+02
6547.56940144 2.68385315e+02
6547.62559766 3.08922546e+02
6547.68179388 3.88831909e+02
6547.73799011 3.04198395e+02
6547.79418633 3.26600342e+02
6547.85038255 3.34484314e+02
6547.90657878 3.41119781e+02
6547.96277500 3.53417450e+02
6548.01897122 4.19858032e+02
6548.07516744 3.33695221e+02
6548.13136367 3.42189697e+02
6548.18755989 3.51924194e+02
6548.24375611 3.18924072e+02
6548.29995234 2.56492615e+02
6548.35614856 3.12025635e+02
6548.41234478 2.32986740e+02
6548.46854101 2.02842621e+02
6548.52473723 2.11456665e+02
6548.58093345 1.50447342e+02
6548.63712968 1.74075592e+02
6548.69332590 1.95295364e+02
6548.74952212 2.62097595e+02
6548.80571835 1.70236176e+02
6548.86191457 9.05660858e+01
6548.91811079 1.93959183e+02
6548.97430702 1.48154602e+02
6549.03050324 1.71818787e+02
6549.08669946 1.87620941e+02
6549.14289569 1.35547195e+02
6549.19909191 9.68443146e+01
6549.25528813 9.61441040e+01
6549.31148436 1.08262772e+02
6549.36768058 9.41314545e+01
6549.42387680 7.50679474e+01
6549.48007303 1.30441940e+02
6549.53626925 4.12099762e+01
6549.59246547 7.99100647e+01
6549.64866170 4.05996246e+01
6549.70485792 8.40836182e+01
6549.76105414 9.21672668e+01
6549.81725037 4.26150818e+01
6549.87344659 4.28108521e+01
6549.92964281 8.55618591e+01
6549.98583904 3.48923950e+01
6550.04203526 1.06100067e+02
6550.09823148 1.00678108e+02
6550.15442771 7.99659576e+01
6550.21062393 5.29537659e+01
6550.26682015 6.44349670e+01
6550.32301638 6.51289291e+01
6550.37921260 2.50399017e+01
6550.43540882 1.51873627e+01
6550.49160505 6.13367462e+01
6550.54780127 -2.82239380e+01
6550.60399749 1.81800079e+01
6550.66019372 6.58865814e+01
6550.71638994 4.11849670e+01
6550.77258616 2.15312195e+01
6550.82878238 3.38868103e+01
6550.88497861 3.09251556e+01
6550.94117483 7.63986053e+01
6550.99737105 4.31016998e+01
6551.05356728 9.28877563e+01
6551.10976350 6.84490967e+00
6551.16595972 1.78289795e+01
6551.22215595 7.18039703e+01
6551.27835217 6.48040390e+01
6551.33454839 3.00404053e+01
6551.39074462 -7.40478516e-01
6551.44694084 4.60455246e+01
6551.50313706 4.77825928e+01
6551.55933329 6.15433350e+01
6551.61552951 1.11859894e+01
6551.67172573 8.87870789e+00
6551.72792196 -1.37288361e+01
6551.78411818 3.36698914e+01
6551.84031440 4.19999695e+00
6551.89651063 -2.64317551e+01
6551.95270685 2.30785217e+01
6552.00890307 -8.81752014e+00
6552.06509930 2.77549286e+01
6552.12129552 2.55611191e+01
6552.17749174 8.02621307e+01
6552.23368797 5.13997803e+01
6552.28988419 3.26977997e+01
6552.34608041 2.50277710e+00
6552.40227664 2.09017029e+01
6552.45847286 5.05122986e+01
6552.51466908 3.76312103e+01
6552.57086531 -2.83704224e+01
6552.62706153 7.81958923e+01
6552.68325775 5.39527740e+01
6552.73945398 4.97969208e+01
6552.79565020 1.13240509e+01
6552.85184642 4.10958405e+01
6552.90804265 6.44400635e+01
6552.96423887 3.69133453e+01
6553.02043509 5.65084076e+01
6553.07663132 5.11930389e+01
6553.13282754 5.17704773e+00
6553.18902376 2.93196259e+01
6553.24521999 5.17740936e+01
6553.30141621 3.96647339e+01
6553.35761243 3.72929077e+01
6553.41380866 -1.35395050e+01
6553.47000488 6.56086731e+00
6553.52620110 4.89399414e+01
6553.58239733 8.53976440e+00
6553.63859355 -5.21038589e+01
6553.69478977 4.59838715e+01
6553.75098599 2.15608063e+01
6553.80718222 7.41386032e+01
6553.86337844 3.30514832e+01
6553.91957466 -2.88034058e+00
6553.97577089 2.22167511e+01
6554.03196711 -2.82185364e+00
6554.08816333 8.37385101e+01
6554.14435956 -4.24945908e+01
6554.20055578 6.16117554e+01
6554.25675200 2.82061462e+01
6554.31294823 4.88903503e+01
6554.36914445 9.61331177e+01
6554.42534067 1.05333298e+02
6554.48153690 4.13948059e+00
6554.53773312 6.14038696e+01
6554.59392934 8.37258377e+01
6554.65012557 2.37025299e+01
6554.70632179 5.27439423e+01
6554.76251801 3.61162567e+01
6554.81871424 4.49106216e+01
6554.87491046 -1.19839172e+01
6554.93110668 5.15949097e+01
6554.98730291 5.73220291e+01
6555.04349913 6.94697418e+01
6555.09969535 3.75506897e+01
6555.15589158 4.55724030e+01
6555.21208780 5.60838242e+01
6555.26828402 3.49885864e+01
6555.32448025 3.19215393e+01
6555.38067647 2.78924713e+01
6555.43687269 4.99372101e+01
6555.49306892 3.28631287e+01
6555.54926514 3.89694366e+01
6555.60546136 2.08062897e+01
6555.66165759 6.76663666e+01
6555.71785381 6.88240356e+01
6555.77405003 6.53510132e+01
6555.83024626 9.97434998e+00
6555.88644248 6.81914062e+01
6555.94263870 9.87530518e+01
6555.99883493 5.48673859e+01
6556.05503115 5.36409760e+01
6556.11122737 2.67040710e+01
6556.16742360 6.08710556e+01
6556.22361982 1.49471130e+01
6556.27981604 4.05033417e+01
6556.33601227 4.85353851e+01
6556.39220849 -2.15373840e+01
6556.44840471 7.32441940e+01
6556.50460094 1.56505554e+02
6556.56079716 5.16855316e+01
6556.61699338 1.01246307e+02
6556.67318960 4.61969986e+01
6556.72938583 5.16730499e+01
6556.78558205 2.35559998e+01
6556.84177827 -2.54073029e+01
6556.89797450 9.40439148e+01
6556.95417072 9.09192581e+01
6557.01036694 2.19095459e+01
6557.06656317 -5.26463318e+00
6557.12275939 2.81333771e+01
6557.17895561 4.22399597e+01
6557.23515184 1.88850555e+01
6557.29134806 5.11365585e+01
6557.34754428 1.36132965e+01
6557.40374051 1.81057053e+01
6557.45993673 2.58045807e+01
6557.51613295 8.73810730e+01
6557.57232918 6.18987122e+01
6557.62852540 5.92620239e+01
6557.68472162 2.65254669e+01
6557.74091785 6.74019928e+01
6557.79711407 -4.11274719e+00
6557.85331029 4.63552856e+01
6557.90950652 2.75098877e+01
6557.96570274 1.10707718e+02
6558.02189896 3.53514557e+01
6558.07809519 -2.59017944e+00
6558.13429141 4.93070068e+01
6558.19048763 9.36436462e+00
6558.24668386 7.39406128e+01
6558.30288008 6.40437317e+00
6558.35907630 2.61513672e+01
6558.41527253 6.16870880e+01
6558.47146875 5.22989349e+01
6558.52766497 9.22303772e+00
6558.58386120 2.22521210e+01
6558.64005742 9.63403397e+01
6558.69625364 1.12734734e+02
6558.75244987 1.27390709e+02
6558.80864609 3.33956909e+00
6558.86484231 5.49185257e+01
6558.92103854 1.12566261e+02
6558.97723476 -3.48776627e+01
6559.03343098 6.47371368e+01
6559.08962721 1.76069336e+01
6559.14582343 2.45599060e+01
6559.20201965 7.07106323e+01
6559.25821588 4.22396851e+01
6559.31441210 -3.04467163e+01
6559.37060832 4.00143585e+01
6559.42680454 -1.28238831e+01
6559.48300077 3.40928345e+01
6559.53919699 -8.20654297e+00
6559.59539321 3.81292725e+01
6559.65158944 8.48955078e+01
6559.70778566 9.26836090e+01
6559.76398188 1.98793488e+01
6559.82017811 1.17519577e+02
6559.87637433 2.20429382e+01
6559.93257055 4.26374054e+01
6559.98876678 3.44583588e+01
6560.04496300 5.58496704e+01
6560.10115922 1.67693085e+02
6560.15735545 1.31704315e+02
6560.21355167 7.23705597e+01
6560.26974789 8.68665848e+01
6560.32594412 6.79379730e+01
6560.38214034 6.17117920e+01
6560.43833656 8.16251831e+01
6560.49453279 1.02298187e+02
6560.55072901 4.88128052e+01
6560.60692523 7.49634857e+01
6560.66312146 1.26773300e+02
6560.71931768 1.63727905e+02
6560.77551390 1.27275482e+02
6560.83171013 1.38418701e+02
6560.88790635 8.80756378e+01
6560.94410257 1.47336258e+02
6561.00029880 1.41004868e+02
6561.05649502 1.41354568e+02
6561.11269124 1.80287430e+02
6561.16888747 3.10291199e+02
6561.22508369 2.79768127e+02
6561.28127991 2.67291077e+02
6561.33747614 3.31602539e+02
6561.39367236 3.32675415e+02
6561.44986858 3.39174255e+02
6561.50606481 3.95320831e+02
6561.56226103 4.48804199e+02
6561.61845725 5.40293884e+02
6561.67465348 6.34174927e+02
6561.73084970 7.07471619e+02
6561.78704592 8.27538086e+02
6561.84324215 1.00259027e+03
6561.89943837 1.10191284e+03
6561.95563459 1.14675476e+03
6562.01183082 1.30713159e+03
6562.06802704 1.46167188e+03
6562.12422326 1.62979041e+03
6562.18041949 1.82138550e+03
6562.23661571 2.00190955e+03
6562.29281193 2.20361108e+03
6562.34900815 2.26394263e+03
6562.40520438 2.30248315e+03
6562.46140060 2.60555200e+03
6562.51759682 2.66609766e+03
6562.57379305 2.74554858e+03
6562.62998927 2.90318994e+03
6562.68618549 2.90797437e+03
6562.74238172 3.06620337e+03
6562.79857794 3.02480933e+03
6562.85477416 2.96136743e+03
6562.91097039 2.83692041e+03
6562.96716661 2.75684766e+03
6563.02336283 2.61734546e+03
6563.07955906 2.42233911e+03
6563.13575528 2.27569043e+03
6563.19195150 2.00488110e+03
6563.24814773 1.97263904e+03
6563.30434395 1.81863647e+03
6563.36054017 1.57418774e+03
6563.41673640 1.57540161e+03
6563.47293262 1.49907874e+03
6563.52912884 1.33622559e+03
6563.58532507 1.26601501e+03
6563.64152129 1.33125317e+03
6563.69771751 1.21206616e+03
6563.75391374 1.16592456e+03
6563.81010996 1.16182764e+03
6563.86630618 1.05106274e+03
6563.92250241 9.46073608e+02
6563.97869863 9.59202637e+02
6564.03489485 9.05891479e+02
6564.09109108 7.79428162e+02
6564.14728730 5.54001648e+02
6564.20348352 5.52637939e+02
6564.25967975 5.35544983e+02
6564.31587597 4.39703613e+02
6564.37207219 4.89331421e+02
6564.42826842 4.50450867e+02
6564.48446464 3.73504547e+02
6564.54066086 3.39084930e+02
6564.59685709 4.41713257e+02
6564.65305331 3.85533875e+02
6564.70924953 2.27153412e+02
6564.76544576 2.08682510e+02
6564.82164198 1.63219879e+02
6564.87783820 2.29501480e+02
6564.93403443 2.02502136e+02
6564.99023065 1.67431412e+02
6565.04642687 1.10980850e+02
6565.10262310 1.42853668e+02
6565.15881932 4.51557617e+01
6565.21501554 1.47809265e+02
6565.27121176 1.00609253e+02
6565.32740799 1.14848892e+02
6565.38360421 8.87416840e+01
6565.43980043 5.44787598e+01
6565.49599666 1.55268478e+02
6565.55219288 2.33187256e+01
6565.60838910 5.39434357e+01
6565.66458533 4.03495026e+01
6565.72078155 4.59185486e+01
6565.77697777 5.35038605e+01
6565.83317400 7.02188416e+01
6565.88937022 5.51196594e+01
6565.94556644 9.19213104e+01
6566.00176267 8.09308395e+01
6566.05795889 3.10777283e+00
6566.11415511 4.75293579e+01
6566.17035134 7.94557495e+01
6566.22654756 2.19162903e+01
6566.28274378 -6.77621307e+01
6566.33894001 7.75524902e+00
6566.39513623 -7.13699341e-01
6566.45133245 -7.94174194e-01
6566.50752868 2.10967865e+01
6566.56372490 8.42544556e-01
6566.61992112 -3.99737549e+00
6566.67611735 1.49388885e+01
6566.73231357 3.39213104e+01
6566.78850979 -6.70733490e+01
6566.84470602 -3.50939026e+01
6566.90090224 1.30122070e+01
6566.95709846 3.48105164e+01
6567.01329469 -3.48048248e+01
6567.06949091 -9.87475586e+00
6567.12568713 1.32392120e+01
6567.18188336 -2.51334839e+01
6567.23807958 -8.29324188e+01
6567.29427580 2.44262695e+01
6567.35047203 -2.89325104e+01
6567.40666825 3.82443085e+01
6567.46286447 -3.33056641e+00
6567.51906070 -7.46019287e+01
6567.57525692 -6.02954102e+00
6567.63145314 7.18608093e+00
6567.68764937 2.32875061e+00
6567.74384559 2.93582306e+01
6567.80004181 3.02164307e+01
6567.85623804 -1.65560455e+01
6567.91243426 1.87592773e+01
6567.96863048 2.30776978e+01
6568.02482670 3.86576996e+01
6568.08102293 1.67306061e+01
6568.13721915 3.03298950e+01
6568.19341537 -4.31179810e+00
6568.24961160 -2.74242020e+01
6568.30580782 1.73690186e+01
6568.36200404 1.50358734e+01
6568.41820027 2.36586914e+01
6568.47439649 2.06184845e+01
6568.53059271 -3.12031250e+01
6568.58678894 1.13325836e+02
6568.64298516 1.20094452e+01
6568.69918138 7.68388977e+01
6568.75537761 -3.62861176e+01
6568.81157383 4.77285461e+01
6568.86777005 4.03947220e+01
6568.92396628 -4.50907898e+00
6568.98016250 5.56787262e+01
6569.03635872 4.82237320e+01
6569.09255495 5.50531082e+01
6569.14875117 4.74559631e+01
6569.20494739 5.56255646e+01
6569.26114362 -7.19142151e+00
6569.31733984 3.01143570e+01
6569.37353606 3.30901947e+01
6569.42973229 2.04775391e+01
6569.48592851 2.81037445e+01
6569.54212473 -1.99575195e+01
6569.59832096 1.87149353e+01
6569.65451718 7.59333801e+00
6569.71071340 3.20003204e+01
6569.76690963 4.27979279e+01
6569.82310585 2.84014130e+01
6569.87930207 -4.18641663e+00
6569.93549830 -1.08491669e+01
6569.99169452 2.18736572e+01
6570.04789074 4.24085388e+01
6570.10408697 2.80164032e+01
6570.16028319 -8.32389832e+00
6570.21647941 4.72624359e+01
6570.27267564 4.02702637e+01
6570.32887186 2.02555771e+01
6570.38506808 2.16199036e+01
6570.44126431 8.84434509e+00
6570.49746053 1.15105286e+01
6570.55365675 1.58379669e+01
6570.60985298 -3.23023071e+01
6570.66604920 2.18666992e+01
6570.72224542 2.45415726e+01
6570.77844165 9.62104797e+00
6570.83463787 5.92667389e+01
6570.89083409 4.23247681e+01
6570.94703031 6.82454529e+01
6571.00322654 5.17642899e+01
6571.05942276 -3.76053467e+01
6571.11561898 3.02551727e+01
6571.17181521 3.13465729e+01
6571.22801143 9.79281616e+00
6571.28420765 2.68181152e+01
6571.34040388 3.79691772e+01
6571.39660010 -5.19179764e+01
6571.45279632 4.58457718e+01
6571.50899255 4.90415649e+01
6571.56518877 3.08499146e+01
6571.62138499 3.05638123e+00
6571.67758122 -2.31251373e+01
6571.73377744 -3.38069153e+00
6571.78997366 2.70820770e+01
6571.84616989 7.91981812e+01
6571.90236611 6.80541992e-01
6571.95856233 1.07480804e+02
6572.01475856 8.82451630e+01
6572.07095478 1.03951035e+02
6572.12715100 9.73766937e+01
6572.18334723 1.09068573e+02
6572.23954345 1.47669098e+02
6572.29573967 1.22626541e+02
6572.35193590 1.20587906e+02
6572.40813212 7.51783142e+01
6572.46432834 5.72434692e+01
6572.52052457 1.27182388e+02
6572.57672079 1.30220947e+02
6572.63291701 9.88888245e+01
6572.68911324 1.09338654e+02
6572.74530946 9.10984192e+01
6572.80150568 1.05723724e+01
6572.85770191 1.18221909e+02
6572.91389813 8.08724365e+01
6572.97009435 7.68841248e+01
6573.02629058 8.36329346e+01
6573.08248680 1.00902023e+02
6573.13868302 3.61341095e+01
6573.19487925 7.15983734e+01
6573.25107547 8.26845398e+01
6573.30727169 7.36513977e+01
6573.36346792 9.29995422e+01
6573.41966414 5.36613464e+01
6573.47586036 1.29831207e+02
6573.53205659 7.88026886e+01
6573.58825281 4.68118439e+01
6573.64444903 7.03943176e+01
6573.70064526 8.99390411e+01
6573.75684148 5.83381653e+01
6573.81303770 3.36895142e+01
6573.86923392 1.49842834e+00
6573.92543015 -1.63610840e+00
6573.98162637 3.71264954e+01
6574.03782259 -7.23194885e+00
6574.09401882 1.06516724e+01
6574.15021504 3.31586990e+01
6574.20641126 1.62560425e+01
6574.26260749 3.65316162e+01
6574.31880371 7.46639709e+01
6574.37499993 5.50689240e+01
6574.43119616 8.21854553e+01
6574.48739238 3.90575256e+01
6574.54358860 1.82058716e+00
6574.59978483 3.33144531e+01
6574.65598105 4.86577148e+01
6574.71217727 8.06184692e+01
6574.76837350 8.00134506e+01
6574.82456972 8.68318176e+01
6574.88076594 4.38384705e+01
6574.93696217 -2.03128052e+01
6574.99315839 1.44532013e+01
6575.04935461 9.59400482e+01
6575.10555084 9.07985687e+01
6575.16174706 -2.42731094e+01
6575.21794328 6.25710754e+01
6575.27413951 3.79904251e+01
6575.33033573 3.26706543e+01
6575.38653195 3.52128296e+01
6575.44272818 4.49506912e+01
6575.49892440 6.43685760e+01
6575.55512062 5.62225800e+01
6575.61131685 7.97223282e+01
6575.66751307 3.06320648e+01
6575.72370929 3.72795105e+01
6575.77990552 1.04698029e+01
6575.83610174 -6.30111694e+00
6575.89229796 3.16657410e+01
6575.94849419 3.41262817e+00
6576.00469041 -5.25971985e+00
6576.06088663 2.62004852e+01
6576.11708286 1.74872437e+01
6576.17327908 3.01531525e+01
6576.22947530 2.42050781e+01
6576.28567153 7.40611267e+00
6576.34186775 2.90664520e+01
6576.39806397 1.22108459e+00
6576.45426020 2.59894562e+01
6576.51045642 1.10331291e+02
6576.56665264 2.98921585e+01
6576.62284886 5.21424255e+01
6576.67904509 2.81115723e+01
6576.73524131 9.06849136e+01
6576.79143753 8.47418671e+01
6576.84763376 3.32194519e+00
6576.90382998 6.54493256e+01
6576.96002620 1.03641052e+01
6577.01622243 1.45679321e+01
6577.07241865 7.86078110e+01
6577.12861487 4.11642914e+01
6577.18481110 3.86132202e+01
6577.24100732 8.54333954e+01
6577.29720354 1.39133148e+01
6577.35339977 8.64279327e+01
6577.40959599 1.42662201e+01
6577.46579221 1.79853058e+01
6577.52198844 4.05236664e+01
6577.57818466 3.43185425e+01
6577.63438088 9.17216034e+01
6577.69057711 4.72882538e+01
6577.74677333 5.55463104e+01
6577.80296955 2.09302521e+01
6577.85916578 3.19584656e+01
6577.91536200 3.60535278e+01
6577.97155822 2.15239563e+01
6578.02775445 1.16224060e+01
6578.08395067 2.37127991e+01
6578.14014689 1.73461304e+01
6578.19634312 2.26470642e+01
6578.25253934 2.32519684e+01
6578.30873556 1.12542992e+02
6578.36493179 4.09572601e+01
6578.42112801 7.53392334e+01
6578.47732423 4.26602936e+01
6578.53352046 5.00953674e+00
6578.58971668 2.83232880e+01
6578.64591290 9.24454803e+01
6578.70210913 9.07052689e+01
6578.75830535 7.19613647e+00
6578.81450157 5.34187317e+00
6578.87069780 1.52843018e+01
6578.92689402 4.07096252e+01
6578.98309024 7.60675659e+01
6579.03928647 8.56384735e+01
6579.09548269 1.82115784e+01
6579.15167891 4.57952118e+01
6579.20787514 7.26572876e+01
6579.26407136 3.44444885e+01
6579.32026758 2.86547089e+01
6579.37646381 5.34216766e+01
6579.43266003 7.48915558e+01
6579.48885625 3.92149811e+01
6579.54505247 4.64938965e+01
6579.60124870 6.54804077e+01
6579.65744492 6.47339935e+01
6579.71364114 7.21140289e+01
6579.76983737 4.10966492e+01
6579.82603359 6.83052902e+01
6579.88222981 7.82308884e+01
6579.93842604 1.35253143e+01
6579.99462226 9.72695084e+01
6580.05081848 4.62142181e+01
6580.10701471 6.66492310e+01
6580.16321093 6.21266174e+01
6580.21940715 -2.21031342e+01
6580.27560338 2.82188416e+01
6580.33179960 3.13742371e+01
6580.38799582 9.66848907e+01
6580.44419205 2.59968262e+01
6580.50038827 2.70044403e+01
6580.55658449 9.51840668e+01
6580.61278072 1.73738098e+01
6580.66897694 3.60102386e+01
6580.72517316 3.67698669e+00
6580.78136939 2.17523193e+01
6580.83756561 3.43358612e+01
6580.89376183 6.43748856e+01
6580.94995806 2.72764587e+00
6581.00615428 1.32863663e+02
6581.06235050 1.49367844e+02
6581.11854673 7.09368439e+01
6581.17474295 5.10776672e+01
6581.23093917 1.35541534e+01
6581.28713540 7.33587036e+01
6581.34333162 9.97994995e+01
6581.39952784 7.58418427e+01
6581.45572407 6.00923004e+01
6581.51192029 3.38187256e+01
6581.56811651 5.13093796e+01
6581.62431274 -1.98745422e+01
6581.68050896 6.64991455e+01
6581.73670518 3.72449799e+01
6581.79290141 4.08232880e+01
6581.84909763 7.44126129e+01
6581.90529385 1.37101318e+02
6581.96149008 1.34735138e+02
6582.01768630 7.49750061e+01
6582.07388252 9.97933273e+01
6582.13007875 1.21978943e+02
6582.18627497 9.38695374e+01
6582.24247119 1.48994217e+02
6582.29866741 1.45384796e+02
6582.35486364 1.71564835e+02
6582.41105986 1.31868118e+02
6582.46725608 1.17312576e+02
6582.52345231 1.11569931e+02
6582.57964853 1.75165100e+02
6582.63584475 2.55814148e+02
6582.69204098 3.12764557e+02
6582.74823720 3.25293030e+02
6582.80443342 3.26302246e+02
6582.86062965 4.17524475e+02
6582.91682587 4.79774689e+02
6582.97302209 4.53770203e+02
6583.02921832 5.02412781e+02
6583.08541454 5.14955261e+02
6583.14161076 4.87437195e+02
6583.19780699 5.90731567e+02
6583.25400321 5.75883667e+02
6583.31019943 6.89398865e+02
6583.36639566 5.97974487e+02
6583.42259188 6.17505981e+02
6583.47878810 6.79628357e+02
6583.53498433 6.69305237e+02
6583.59118055 5.86631104e+02
6583.64737677 5.51829651e+02
6583.70357300 5.28223999e+02
6583.75976922 5.39609314e+02
6583.81596544 4.29938477e+02
6583.87216167 3.99248322e+02
6583.92835789 3.16026733e+02
6583.98455411 3.46917145e+02
6584.04075034 3.28603302e+02
6584.09694656 3.81262360e+02
6584.15314278 3.02420441e+02
6584.20933901 3.25384766e+02
6584.26553523 2.80222778e+02
6584.32173145 3.00047058e+02
6584.37792768 2.81281342e+02
6584.43412390 2.77580353e+02
6584.49032012 2.45598053e+02
6584.54651635 2.36329819e+02
6584.60271257 1.64646347e+02
6584.65890879 1.59460022e+02
6584.71510502 1.36588013e+02
6584.77130124 1.30895706e+02
6584.82749746 1.03284912e+02
6584.88369369 6.78398285e+01
6584.93988991 6.99766693e+01
6584.99608613 8.16868134e+01
6585.05228236 7.70198135e+01
6585.10847858 1.05476791e+02
6585.16467480 8.07938843e+01
6585.22087102 9.39062195e+01
6585.27706725 8.72385635e+01
6585.33326347 7.10974426e+01
6585.38945969 6.90434418e+01
6585.44565592 5.52400970e+01
6585.50185214 4.52531738e+01
6585.55804836 3.14387054e+01
6585.61424459 1.01026581e+02
6585.67044081 6.31964569e+01
6585.72663703 1.12324860e+02
6585.78283326 6.25837708e+01
6585.83902948 7.67625351e+01
6585.89522570 4.04770966e+01
6585.95142193 5.68517761e+01
6586.00761815 7.93323517e+01
6586.06381437 -1.35603333e+00
6586.12001060 3.03956757e+01
6586.17620682 8.62706528e+01
6586.23240304 3.40818939e+01
6586.28859927 -2.07972717e+00
6586.34479549 2.15403290e+01
6586.40099171 5.43552246e+01
6586.45718794 9.04472046e+01
6586.51338416 6.72453918e+01
6586.56958038 1.01405167e+02
6586.62577661 6.38006287e+01
6586.68197283 -5.22261963e+01
6586.73816905 4.12967529e+01
6586.79436528 -5.20673523e+01
6586.85056150 4.90615845e+00
6586.90675772 -2.06535645e+01
6586.96295395 1.78658295e+01
6587.01915017 5.45594177e+01
6587.07534639 4.15002594e+01
6587.13154262 3.67876129e+01
6587.18773884 -1.95048065e+01
6587.24393506 4.25292969e+00
6587.30013129 5.46409912e+01
6587.35632751 -1.69090576e+01
6587.41252373 -2.40270844e+01
6587.46871996 -5.34953918e+01
6587.52491618 6.52306061e+01
6587.58111240 3.62642517e+01
6587.63730863 1.88300476e+01
6587.69350485 2.73736115e+01
6587.74970107 2.65453949e+01
6587.80589730 5.23809814e+01
6587.86209352 1.82096252e+01
6587.91828974 -1.47666321e+01
6587.97448597 8.90385437e+00
6588.03068219 -3.16676483e+01
6588.08687841 2.82335205e+01
6588.14307463 3.67106476e+01
6588.19927086 -7.44851685e+00
6588.25546708 2.24575043e+01
6588.31166330 6.69047546e+01
6588.36785953 -6.80223083e+00
6588.42405575 -4.35049438e+00
6588.48025197 7.75878906e+00
6588.53644820 2.76890106e+01
6588.59264442 2.97480011e+01
