# Rest-frame spectrum generated from: N1073X0004o_1d.fits
# lambda_Ha_obs = 6589.35500000 Angstrom
# lambda_Ha_rest = 6562.80000000 Angstrom
# z_Ha = 4.0462912172e-03
# v_Ha_relativistic = 1210.593438 km/s
# v_Ha_classical = 1213.047590 km/s
# columns: wavelength_rest[Angstrom] flux_or_counts

6528.02029911 -5.96115303e+00
6528.07635465 -5.96130180e+00
6528.13241020 -5.96115494e+00
6528.18846574 -5.96065712e+00
6528.24452128 -5.96100426e+00
6528.30057683 -5.96042061e+00
6528.35663237 -5.96101379e+00
6528.41268791 -5.96074677e+00
6528.46874346 -5.96089554e+00
6528.52479900 -5.96059418e+00
6528.58085454 -5.96220970e+00
6528.63691008 -5.96139336e+00
6528.69296563 -5.96084404e+00
6528.74902117 -5.96225357e+00
6528.80507671 -5.96366119e+00
6528.86113226 -5.96323586e+00
6528.91718780 -5.96158791e+00
6528.97324334 -5.96101379e+00
6529.02929889 -5.95957756e+00
6529.08535443 2.36903763e+00
6529.14140997 -8.93857765e+00
6529.19746551 -6.71003532e+00
6529.25352106 1.99054527e+00
6529.30957660 1.70364380e+01
6529.36563214 2.53546066e+01
6529.42168769 4.36594772e+00
6529.47774323 1.49350166e+01
6529.53379877 1.48364372e+01
6529.58985432 -8.53812408e+00
6529.64590986 2.11742592e+01
6529.70196540 7.07327271e+00
6529.75802095 -1.30336189e+01
6529.81407649 -1.08212814e+01
6529.87013203 1.45345383e+01
6529.92618757 7.17875290e+00
6529.98224312 2.66530991e+00
6530.03829866 1.64563370e+00
6530.09435420 1.46887035e+01
6530.15040975 2.21450653e+01
6530.20646529 7.35594940e+00
6530.26252083 1.78181076e+01
6530.31857638 6.02038956e+00
6530.37463192 3.94687653e-01
6530.43068746 8.51649857e+00
6530.48674301 -2.09406815e+01
6530.54279855 1.42682152e+01
6530.59885409 9.34012222e+00
6530.65490963 1.32845650e+01
6530.71096518 -1.30676842e+01
6530.76702072 1.23044853e+01
6530.82307626 3.86619873e+01
6530.87913181 2.10677261e+01
6530.93518735 2.05410423e+01
6530.99124289 6.93592682e+01
6531.04729844 2.70163727e+01
6531.10335398 -4.60259247e+00
6531.15940952 2.42325935e+01
6531.21546506 -1.31493416e+01
6531.27152061 -5.55795288e+00
6531.32757615 1.99143982e+00
6531.38363169 -1.39602737e+01
6531.43968724 3.74295731e+01
6531.49574278 1.47679024e+01
6531.55179832 -3.31874847e+00
6531.60785387 3.04000587e+01
6531.66390941 7.14396667e+00
6531.71996495 2.02535362e+01
6531.77602050 1.73540001e+01
6531.83207604 8.25893402e-01
6531.88813158 9.48856354e+00
6531.94418712 2.98674393e+00
6532.00024267 -8.94541740e+00
6532.05629821 1.43949890e+00
6532.11235375 8.00593567e+00
6532.16840930 -1.83650360e+01
6532.22446484 3.49847527e+01
6532.28052038 -2.86416798e+01
6532.33657593 1.59445267e+01
6532.39263147 2.99524879e+01
6532.44868701 1.53470955e+01
6532.50474256 -1.44481297e+01
6532.56079810 1.99560204e+01
6532.61685364 2.26872444e+01
6532.67290918 1.11195297e+01
6532.72896473 -1.42328377e+01
6532.78502027 2.49325180e+00
6532.84107581 -1.65943947e+01
6532.89713136 -1.61163635e+01
6532.95318690 1.70602417e+00
6533.00924244 2.38199234e+01
6533.06529799 -7.87417221e+00
6533.12135353 -1.60902710e+01
6533.17740907 7.13401794e-01
6533.23346461 1.26608200e+01
6533.28952016 -1.74662457e+01
6533.34557570 -6.69212341e-01
6533.40163124 1.73063278e+00
6533.45768679 -5.79425812e-01
6533.51374233 -3.62810707e+00
6533.56979787 -1.75873566e+00
6533.62585342 -1.69397583e+01
6533.68190896 2.74844704e+01
6533.73796450 -5.98452377e+00
6533.79402005 -2.34721546e+01
6533.85007559 4.81391563e+01
6533.90613113 2.20822372e+01
6533.96218667 -1.01101990e+01
6534.01824222 -1.70014153e+01
6534.07429776 -5.00923538e+00
6534.13035330 5.10406113e+00
6534.18640885 -2.85989075e+01
6534.24246439 -6.36693573e+00
6534.29851993 -3.55449524e+01
6534.35457548 1.71027794e+01
6534.41063102 4.22510643e+01
6534.46668656 2.15631809e+01
6534.52274211 3.21087837e+00
6534.57879765 1.20693779e+01
6534.63485319 4.32737350e+00
6534.69090873 2.07564354e+01
6534.74696428 -2.73341675e+01
6534.80301982 2.29219379e+01
6534.85907536 -1.05962887e+01
6534.91513091 -3.24964943e+01
6534.97118645 1.42620888e+01
6535.02724199 -3.76989594e+01
6535.08329754 1.43522263e+01
6535.13935308 2.18783607e+01
6535.19540862 -5.88977242e+00
6535.25146416 1.47317390e+01
6535.30751971 9.22733307e+00
6535.36357525 -8.09310913e+00
6535.41963079 1.89437027e+01
6535.47568634 -1.43512154e+00
6535.53174188 -1.48668900e+01
6535.58779742 -8.66912651e+00
6535.64385297 9.86580467e+00
6535.69990851 1.02725372e+01
6535.75596405 4.89694519e+01
6535.81201960 2.72727051e+01
6535.86807514 7.63993073e+00
6535.92413068 2.07785759e+01
6535.98018622 1.21851578e+01
6536.03624177 -7.23836136e+00
6536.09229731 -2.96461067e+01
6536.14835285 2.25069046e+00
6536.20440840 -7.95166779e+00
6536.26046394 9.44138527e+00
6536.31651948 4.34776497e+00
6536.37257503 -1.04044018e+01
6536.42863057 -4.96469116e+00
6536.48468611 1.00461903e+01
6536.54074166 3.31104393e+01
6536.59679720 2.82760086e+01
6536.65285274 -5.98627472e+00
6536.70890828 -3.84154892e+00
6536.76496383 3.03426018e+01
6536.82101937 -7.56802750e+00
6536.87707491 -8.70273590e+00
6536.93313046 2.70573273e+01
6536.98918600 6.01763153e+00
6537.04524154 -3.68578758e+01
6537.10129709 4.17464066e+00
6537.15735263 2.25813789e+01
6537.21340817 -1.08227177e+01
6537.26946371 2.48024578e+01
6537.32551926 2.82513275e+01
6537.38157480 1.50514946e+01
6537.43763034 -2.37983856e+01
6537.49368589 1.38571663e+01
6537.54974143 1.85357666e+00
6537.60579697 -3.68959541e+01
6537.66185252 -1.19192066e+01
6537.71790806 2.17609634e+01
6537.77396360 -2.98978424e+00
6537.83001915 2.15243187e+01
6537.88607469 -2.92983246e+00
6537.94213023 -1.20354118e+01
6537.99818577 1.91475105e+01
6538.05424132 -1.51550264e+01
6538.11029686 -9.46612167e+00
6538.16635240 3.30622635e+01
6538.22240795 -1.68002129e+00
6538.27846349 1.75606003e+01
6538.33451903 -9.93798065e+00
6538.39057458 2.07138329e+01
6538.44663012 5.99124908e-01
6538.50268566 3.72404213e+01
6538.55874121 -2.43637123e+01
6538.61479675 1.15256233e+01
6538.67085229 1.55093307e+01
6538.72690783 -1.90149670e+01
6538.78296338 -1.58390484e+01
6538.83901892 4.77254486e+00
6538.89507446 1.95917892e+00
6538.95113001 -4.42128868e+01
6539.00718555 -4.45087433e+00
6539.06324109 2.38819370e+01
6539.11929664 -1.21033134e+01
6539.17535218 -2.82584000e+00
6539.23140772 6.80603790e+00
6539.28746326 3.69074631e+01
6539.34351881 -7.35641479e-01
6539.39957435 -2.18144035e+01
6539.45562989 5.60615540e-01
6539.51168544 2.15345573e+01
6539.56774098 2.55955887e+00
6539.62379652 1.71758423e+01
6539.67985207 3.27974892e+00
6539.73590761 -2.69650764e+01
6539.79196315 -8.83919525e+00
6539.84801870 -1.39890289e+00
6539.90407424 1.38318634e+01
6539.96012978 9.11741638e+00
6540.01618532 1.52170448e+01
6540.07224087 4.00501251e-01
6540.12829641 -7.01353836e+00
6540.18435195 -7.85016632e+00
6540.24040750 2.74762611e+01
6540.29646304 -2.85706329e+00
6540.35251858 -1.15682716e+01
6540.40857413 5.95020294e-01
6540.46462967 3.83413696e+00
6540.52068521 1.51585712e+01
6540.57674076 -1.06933479e+01
6540.63279630 -2.38460579e+01
6540.68885184 1.22828484e+01
6540.74490738 3.51176338e+01
6540.80096293 2.18133965e+01
6540.85701847 3.51145134e+01
6540.91307401 7.10585785e+00
6540.96912956 -2.61459351e-01
6541.02518510 1.65165749e+01
6541.08124064 -5.25613022e+00
6541.13729619 2.13232841e+01
6541.19335173 -2.38880863e+01
6541.24940727 3.84041595e+00
6541.30546281 2.36035652e+01
6541.36151836 -3.40810394e+00
6541.41757390 1.55152760e+01
6541.47362944 2.44441795e+01
6541.52968499 1.89572220e+01
6541.58574053 2.84866333e+00
6541.64179607 3.62637978e+01
6541.69785162 -2.15449142e+00
6541.75390716 -3.53819580e+01
6541.80996270 1.88107681e+01
6541.86601825 1.99630661e+01
6541.92207379 -7.10937500e+00
6541.97812933 -1.06147461e+01
6542.03418487 -9.00050354e+00
6542.09024042 1.99792862e+01
6542.14629596 9.42774200e+00
6542.20235150 5.84120941e+00
6542.25840705 -1.08410378e+01
6542.31446259 -1.58593369e+00
6542.37051813 1.13471928e+01
6542.42657368 -2.96806335e+00
6542.48262922 3.00651207e+01
6542.53868476 1.64032497e+01
6542.59474031 -1.52218628e+00
6542.65079585 3.15133743e+01
6542.70685139 -1.94941444e+01
6542.76290693 -4.95576096e+00
6542.81896248 3.09746933e+00
6542.87501802 -5.10848999e+00
6542.93107356 2.19043121e+01
6542.98712911 2.32508469e+01
6543.04318465 3.05996246e+01
6543.09924019 1.28758316e+01
6543.15529574 8.69866943e+00
6543.21135128 -2.14797783e+01
6543.26740682 1.47178268e+01
6543.32346236 9.22931671e+00
6543.37951791 4.37440872e+00
6543.43557345 -9.95450592e+00
6543.49162899 1.89070854e+01
6543.54768454 -4.82833862e+00
6543.60374008 -2.42297783e+01
6543.65979562 -2.86865501e+01
6543.71585117 3.22501678e+01
6543.77190671 2.57717514e+00
6543.82796225 -2.33294735e+01
6543.88401780 5.36848793e+01
6543.94007334 -1.00076027e+01
6543.99612888 -2.23052063e+01
6544.05218442 1.30192947e+00
6544.10823997 -6.53322220e+00
6544.16429551 -2.50243340e+01
6544.22035105 -1.82031364e+01
6544.27640660 4.52618141e+01
6544.33246214 3.35066147e+01
6544.38851768 2.38701630e+00
6544.44457323 1.03127937e+01
6544.50062877 -1.71603565e+01
6544.55668431 -1.38621521e+01
6544.61273986 -5.19905090e-01
6544.66879540 1.19909592e+01
6544.72485094 1.65622826e+01
6544.78090648 -5.27317429e+00
6544.83696203 1.07233086e+01
6544.89301757 -3.75746155e+00
6544.94907311 -1.21216011e+01
6545.00512866 5.69897079e+00
6545.06118420 -1.48170242e+01
6545.11723974 -3.07001495e+00
6545.17329529 6.29713821e+00
6545.22935083 1.16501846e+01
6545.28540637 7.71002960e+00
6545.34146191 2.03600693e+00
6545.39751746 -2.42542267e+00
6545.45357300 1.36836891e+01
6545.50962854 -1.88304806e+01
6545.56568409 -1.17738132e+01
6545.62173963 -2.32105560e+01
6545.67779517 -2.58989716e+00
6545.73385072 -2.34968967e+01
6545.78990626 1.40212440e+01
6545.84596180 -3.34439926e+01
6545.90201735 1.59861755e+01
6545.95807289 -5.78481293e+00
6546.01412843 2.25339165e+01
6546.07018397 -2.83460293e+01
6546.12623952 -6.13799667e+00
6546.18229506 3.93924332e+00
6546.23835060 -2.15508804e+01
6546.29440615 1.39253922e+01
6546.35046169 1.87065506e+00
6546.40651723 -3.65455170e+01
6546.46257278 6.34864807e-01
6546.51862832 4.05209961e+01
6546.57468386 -2.33979568e+01
6546.63073941 4.20857620e+00
6546.68679495 9.58316803e+00
6546.74285049 1.43911057e+01
6546.79890603 -1.07759209e+01
6546.85496158 -2.47952423e+01
6546.91101712 -2.64097366e+01
6546.96707266 2.33235779e+01
6547.02312821 -2.58035545e+01
6547.07918375 8.52238083e+00
6547.13523929 2.94205399e+01
6547.19129484 2.19517708e+01
6547.24735038 -2.85767136e+01
6547.30340592 1.18069992e+01
6547.35946146 4.74034958e+01
6547.41551701 1.43438950e+01
6547.47157255 4.39811554e+01
6547.52762809 2.13016510e+01
6547.58368364 2.78222656e+00
6547.63973918 4.18440552e+01
6547.69579472 3.96811295e+00
6547.75185027 3.53286667e+01
6547.80790581 3.89697952e+01
6547.86396135 3.25502014e+00
6547.92001690 8.79173279e-02
6547.97607244 5.17402763e+01
6548.03212798 2.68927650e+01
6548.08818352 1.17469025e+00
6548.14423907 4.89825439e+01
6548.20029461 2.77874603e+01
6548.25635015 5.12971802e+01
6548.31240570 1.94941483e+01
6548.36846124 4.38717232e+01
6548.42451678 2.71564178e+01
6548.48057233 -1.07005310e+01
6548.53662787 -2.16234818e+01
6548.59268341 5.28641014e+01
6548.64873896 -1.23857460e+01
6548.70479450 2.96114216e+01
6548.76085004 3.05988960e+01
6548.81690558 -2.60200500e+00
6548.87296113 5.58244705e+01
6548.92901667 -4.24057770e+00
6548.98507221 -2.83714848e+01
6549.04112776 -4.89658356e-01
6549.09718330 9.91468811e+00
6549.15323884 -3.61869812e+00
6549.20929439 2.66915131e+00
6549.26534993 2.75677567e+01
6549.32140547 1.68726158e+01
6549.37746101 -4.75903320e+01
6549.43351656 1.67417221e+01
6549.48957210 2.35153160e+01
6549.54562764 3.97343369e+01
6549.60168319 -4.14623642e+00
6549.65773873 -1.93620377e+01
6549.71379427 4.30482979e+01
6549.76984982 1.90349693e+01
6549.82590536 -1.44647751e+01
6549.88196090 5.45214081e+00
6549.93801645 3.78358078e+00
6549.99407199 1.01669083e+01
6550.05012753 9.39891815e-01
6550.10618307 -9.19130707e+00
6550.16223862 -4.04967499e+00
6550.21829416 2.82838478e+01
6550.27434970 -4.97658157e+01
6550.33040525 -4.19020081e+00
6550.38646079 2.34896545e+01
6550.44251633 1.29763794e+00
6550.49857188 2.07552261e+01
6550.55462742 3.72758484e+00
6550.61068296 2.00379639e+01
6550.66673851 1.36928864e+01
6550.72279405 3.18011322e+01
6550.77884959 4.66482544e+01
6550.83490513 4.60838318e-01
6550.89096068 3.93901482e+01
6550.94701622 6.67866898e+01
6551.00307176 2.10606880e+01
6551.05912731 1.89117050e+01
6551.11518285 4.64802055e+01
6551.17123839 1.82135086e+01
6551.22729394 -3.79827499e+00
6551.28334948 -3.84904099e+00
6551.33940502 -2.73480587e+01
6551.39546056 -6.70339203e+00
6551.45151611 -2.15234337e+01
6551.50757165 -3.22415085e+01
6551.56362719 -4.71805191e+00
6551.61968274 -3.12876663e+01
6551.67573828 2.61190681e+01
6551.73179382 -1.32319717e+01
6551.78784937 -1.68289604e+01
6551.84390491 1.11220646e+01
6551.89996045 7.69981384e-01
6551.95601600 2.71373367e+00
6552.01207154 1.11490593e+01
6552.06812708 -1.79692936e+01
6552.12418262 -6.06753922e+00
6552.18023817 7.17132950e+00
6552.23629371 2.32060356e+01
6552.29234925 2.35779533e+01
6552.34840480 -3.58032227e-01
6552.40446034 6.32820129e-02
6552.46051588 -3.05167389e+00
6552.51657143 9.33766937e+00
6552.57262697 -1.10258789e+01
6552.62868251 2.01835632e-02
6552.68473806 2.03417244e+01
6552.74079360 -3.39716415e+01
6552.79684914 -2.06593323e+00
6552.85290468 -1.43956566e+01
6552.90896023 -4.46224747e+01
6552.96501577 -2.14416275e+01
6553.02107131 4.61207581e+00
6553.07712686 1.12830276e+01
6553.13318240 -2.96038628e+01
6553.18923794 5.45462799e+00
6553.24529349 1.74444466e+01
6553.30134903 1.93391190e+01
6553.35740457 -1.68865013e+01
6553.41346011 2.11016922e+01
6553.46951566 2.80540962e+01
6553.52557120 -2.13948364e+01
6553.58162674 1.51795654e+01
6553.63768229 2.89861946e+01
6553.69373783 -3.05039597e+00
6553.74979337 3.19225693e+00
6553.80584892 1.35715752e+01
6553.86190446 2.97762375e+01
6553.91796000 -6.83713531e+00
6553.97401555 -2.76983814e+01
6554.03007109 -2.31787338e+01
6554.08612663 2.17948456e+01
6554.14218217 -8.91049576e+00
6554.19823772 -2.72670403e+01
6554.25429326 -1.17214737e+01
6554.31034880 -1.42194748e+01
6554.36640435 1.20979004e+01
6554.42245989 3.02666626e+01
6554.47851543 2.60860062e+00
6554.53457098 3.53605614e+01
6554.59062652 -2.35377045e+01
6554.64668206 3.26911125e+01
6554.70273761 1.01096039e+01
6554.75879315 -1.19984474e+01
6554.81484869 -1.78101597e+01
6554.87090423 -2.45377998e+01
6554.92695978 -1.33172913e+01
6554.98301532 3.02671127e+01
6555.03907086 -2.67334557e+01
6555.09512641 1.15676231e+01
6555.15118195 8.25470352e+00
6555.20723749 4.21356659e+01
6555.26329304 -3.77498627e-01
6555.31934858 1.88259468e+01
6555.37540412 2.08442383e+01
6555.43145966 5.42382050e+00
6555.48751521 2.00026741e+01
6555.54357075 -1.80091591e+01
6555.59962629 1.55408211e+01
6555.65568184 1.71031113e+01
6555.71173738 2.96995926e+00
6555.76779292 7.59222794e+00
6555.82384847 -3.15160332e+01
6555.87990401 -7.84742355e+00
6555.93595955 7.57454300e+00
6555.99201510 2.35124741e+01
6556.04807064 -1.10947895e+01
6556.10412618 2.07010460e+01
6556.16018172 1.88972092e+00
6556.21623727 3.44403839e+01
6556.27229281 4.03196869e+01
6556.32834835 -6.04785919e+00
6556.38440390 -2.29789696e+01
6556.44045944 5.33317566e-01
6556.49651498 7.21189499e+00
6556.55257053 -1.55442734e+01
6556.60862607 4.91217041e+00
6556.66468161 1.33414459e+01
6556.72073715 2.94743729e+00
6556.77679270 -6.59320831e-01
6556.83284824 -1.28596230e+01
6556.88890378 1.25147476e+01
6556.94495933 1.97904053e+01
6557.00101487 -5.14299393e+00
6557.05707041 -9.40697098e+00
6557.11312596 -3.58219910e+00
6557.16918150 -3.54112244e+00
6557.22523704 1.82204781e+01
6557.28129259 -7.79203415e+00
6557.33734813 1.05281982e+01
6557.39340367 1.25492859e+01
6557.44945921 -1.96015968e+01
6557.50551476 4.20054626e+00
6557.56157030 3.16245270e+00
6557.61762584 -1.47756958e+00
6557.67368139 3.71576691e+00
6557.72973693 2.26869125e+01
6557.78579247 8.77375793e+00
6557.84184802 3.17280502e+01
6557.89790356 -2.77487946e+00
6557.95395910 1.64867859e+01
6558.01001465 1.21866226e+01
6558.06607019 8.20104599e+00
6558.12212573 6.14496841e+01
6558.17818127 6.54407120e+01
6558.23423682 -1.53341675e+01
6558.29029236 1.09173317e+01
6558.34634790 1.45064087e+01
6558.40240345 3.16326294e+01
6558.45845899 2.14719391e+00
6558.51451453 -2.25787563e+01
6558.57057008 2.49966774e+01
6558.62662562 -1.91473732e+01
6558.68268116 2.50661545e+01
6558.73873670 2.09333801e+00
6558.79479225 -2.50447063e+01
6558.85084779 5.65363350e+01
6558.90690333 1.71362991e+01
6558.96295888 -6.32709503e-01
6559.01901442 -4.17042542e+00
6559.07506996 2.11944313e+01
6559.13112551 -1.71291161e+01
6559.18718105 -1.91130829e+01
6559.24323659 -1.04781570e+01
6559.29929214 2.83194466e+01
6559.35534768 3.14557495e+01
6559.41140322 4.77810440e+01
6559.46745876 1.90436821e+01
6559.52351431 3.36084671e+01
6559.57956985 -2.71599426e+01
6559.63562539 4.09246941e+01
6559.69168094 -7.10719299e+00
6559.74773648 9.55542374e+00
6559.80379202 1.22772827e+01
6559.85984757 -1.51583862e+00
6559.91590311 1.43635292e+01
6559.97195865 3.33353119e+01
6560.02801420 -7.58066940e+00
6560.08406974 6.56395721e+00
6560.14012528 1.79201164e+01
6560.19618082 2.73876686e+01
6560.25223637 -8.73818207e+00
6560.30829191 -7.60122299e+00
6560.36434745 2.36989136e+01
6560.42040300 3.45616074e+01
6560.47645854 1.98537483e+01
6560.53251408 1.80054054e+01
6560.58856963 3.07880173e+01
6560.64462517 1.86404228e+01
6560.70068071 -3.75897598e+00
6560.75673625 7.55224991e+00
6560.81279180 5.73521423e+00
6560.86884734 2.53916168e+00
6560.92490288 -6.96252823e+00
6560.98095843 1.09555855e+01
6561.03701397 5.31169090e+01
6561.09306951 3.84093666e+01
6561.14912506 8.12545013e+00
6561.20518060 -2.22831669e+01
6561.26123614 -9.62265015e-01
6561.31729169 3.31711159e+01
6561.37334723 1.02040787e+01
6561.42940277 6.65234451e+01
6561.48545831 3.67885246e+01
6561.54151386 4.62094345e+01
6561.59756940 -5.29185104e+00
6561.65362494 6.64135361e+00
6561.70968049 4.75233307e+01
6561.76573603 -2.00416260e+01
6561.82179157 2.66697464e+01
6561.87784712 2.91456223e+01
6561.93390266 7.58953400e+01
6561.98995820 6.78962936e+01
6562.04601375 7.61537933e+01
6562.10206929 8.72307892e+01
6562.15812483 1.24513351e+02
6562.21418037 1.24191689e+02
6562.27023592 1.34447662e+02
6562.32629146 1.41546356e+02
6562.38234700 1.77210281e+02
6562.43840255 2.28579727e+02
6562.49445809 2.21086334e+02
6562.55051363 2.54019211e+02
6562.60656918 3.27167450e+02
6562.66262472 2.68627380e+02
6562.71868026 2.88337921e+02
6562.77473580 3.37324738e+02
6562.83079135 3.09771271e+02
6562.88684689 2.94268341e+02
6562.94290243 2.80181000e+02
6562.99895798 2.57072845e+02
6563.05501352 2.76222717e+02
6563.11106906 2.95010498e+02
6563.16712461 2.44978790e+02
6563.22318015 1.96011444e+02
6563.27923569 1.77086700e+02
6563.33529124 1.50133301e+02
6563.39134678 1.76889786e+02
6563.44740232 1.43715485e+02
6563.50345786 1.20484039e+02
6563.55951341 1.16678192e+02
6563.61556895 6.22426910e+01
6563.67162449 6.87222748e+01
6563.72768004 5.77925110e+01
6563.78373558 4.22353516e+01
6563.83979112 2.98295860e+01
6563.89584667 1.86605835e+01
6563.95190221 1.98860435e+01
6564.00795775 5.32230110e+01
6564.06401330 4.44083519e+01
6564.12006884 4.14266739e+01
6564.17612438 2.71880646e+01
6564.23217992 -1.75563049e+00
6564.28823547 1.29371338e+01
6564.34429101 4.28867302e+01
6564.40034655 1.82530479e+01
6564.45640210 4.68383789e+01
6564.51245764 6.17669945e+01
6564.56851318 1.37280273e+01
6564.62456873 4.99875259e+00
6564.68062427 3.42077065e+01
6564.73667981 -2.25248871e+01
6564.79273535 -4.96883850e+01
6564.84879090 1.73224373e+01
6564.90484644 -2.57048187e+01
6564.96090198 -9.45818710e+00
6565.01695753 -1.96976852e+00
6565.07301307 4.63871994e+01
6565.12906861 3.07828674e+01
6565.18512416 -2.18400574e+00
6565.24117970 -1.53030930e+01
6565.29723524 2.19586906e+01
6565.35329079 -1.15166817e+01
6565.40934633 -1.17314720e+01
6565.46540187 3.93931046e+01
6565.52145741 2.49493408e+00
6565.57751296 1.30461998e+01
6565.63356850 -1.66891708e+01
6565.68962404 -1.70298309e+01
6565.74567959 -1.72646713e+00
6565.80173513 4.23866272e-01
6565.85779067 1.51114426e+01
6565.91384622 -3.75752716e+01
6565.96990176 -9.73773956e-01
6566.02595730 8.50622559e+00
6566.08201285 -1.89176598e+01
6566.13806839 3.86041832e+01
6566.19412393 2.62001266e+01
6566.25017947 -2.23904057e+01
6566.30623502 1.55008965e+01
6566.36229056 -1.21093864e+01
6566.41834610 -2.85726547e+00
6566.47440165 1.55659981e+01
6566.53045719 1.29355812e+01
6566.58651273 8.64711761e-01
6566.64256828 -1.91400528e+00
6566.69862382 -1.12829895e+01
6566.75467936 -3.82511520e+00
6566.81073490 2.08873749e+01
6566.86679045 3.63153496e+01
6566.92284599 5.15202332e+00
6566.97890153 -3.44844284e+01
6567.03495708 -2.05004463e+01
6567.09101262 -3.06303387e+01
6567.14706816 2.23837929e+01
6567.20312371 3.61293259e+01
6567.25917925 2.08207054e+01
6567.31523479 -3.53422546e+00
6567.37129034 -2.56693668e+01
6567.42734588 2.24109840e+01
6567.48340142 -2.74345284e+01
6567.53945696 -1.33955498e+01
6567.59551251 7.38136292e+00
6567.65156805 -2.19912682e+01
6567.70762359 7.07117462e+00
6567.76367914 -4.27761459e+00
6567.81973468 -1.44501190e+01
6567.87579022 3.80829620e+00
6567.93184577 5.38749542e+01
6567.98790131 2.34596252e-01
6568.04395685 -7.09527206e+00
6568.10001240 -1.82638283e+01
6568.15606794 -2.59371624e+01
6568.21212348 -1.51199837e+01
6568.26817902 4.41081505e+01
6568.32423457 -2.77024574e+01
6568.38029011 3.04579430e+01
6568.43634565 -1.57178040e+01
6568.49240120 6.31740189e+00
6568.54845674 1.05892372e+01
6568.60451228 -2.82340698e+01
6568.66056783 4.17775726e+00
6568.71662337 1.67664413e+01
6568.77267891 -2.77571068e+01
6568.82873445 1.63195648e+01
6568.88479000 -5.83631897e+00
6568.94084554 -2.40234489e+01
6568.99690108 -8.94742966e+00
6569.05295663 -8.37150955e+00
6569.10901217 1.90572357e+00
6569.16506771 1.20406113e+01
6569.22112326 2.25991859e+01
6569.27717880 2.25374298e+01
6569.33323434 -1.95500183e+00
6569.38928989 1.31890488e+01
6569.44534543 2.25612259e+01
6569.50140097 -7.87583923e+00
6569.55745651 -3.30418396e+01
6569.61351206 -1.36103973e+01
6569.66956760 2.83322906e+00
6569.72562314 -2.31182365e+01
6569.78167869 2.75698090e+00
6569.83773423 4.17492676e+00
6569.89378977 3.40975189e+00
6569.94984532 2.00350952e+01
6570.00590086 4.66905365e+01
6570.06195640 1.52918320e+01
6570.11801195 3.95771790e+01
6570.17406749 -2.03658142e+01
6570.23012303 -1.60097771e+01
6570.28617857 5.19896698e+00
6570.34223412 9.65840912e+00
6570.39828966 -3.50940704e+00
6570.45434520 -2.02576065e+01
6570.51040075 2.91404419e+01
6570.56645629 1.64341660e+01
6570.62251183 1.95736923e+01
6570.67856738 1.10854340e+01
6570.73462292 1.88498077e+01
6570.79067846 2.96310959e+01
6570.84673400 2.21651535e+01
6570.90278955 1.66075821e+01
6570.95884509 3.94623337e+01
6571.01490063 3.80408859e+00
6571.07095618 -1.46633224e+01
6571.12701172 2.61793518e+01
6571.18306726 4.13320923e+00
6571.23912281 5.82334137e+00
6571.29517835 4.63713570e+01
6571.35123389 3.75537643e+01
6571.40728944 1.38370132e+01
6571.46334498 2.85999222e+01
6571.51940052 3.86689034e+01
6571.57545606 2.58313179e+01
6571.63151161 2.14804764e+01
6571.68756715 1.66942787e+01
6571.74362269 -1.08847771e+01
6571.79967824 4.67173615e+01
6571.85573378 -9.15748215e+00
6571.91178932 -4.90197296e+01
6571.96784487 1.35611992e+01
6572.02390041 2.20544968e+01
6572.07995595 1.53615227e+01
6572.13601150 3.44441071e+01
6572.19206704 4.09111481e+01
6572.24812258 6.76298523e+01
6572.30417812 5.08715057e+00
6572.36023367 2.80770302e+01
6572.41628921 3.45190811e+01
6572.47234475 3.11761703e+01
6572.52840030 2.74351578e+01
6572.58445584 -2.14401550e+01
6572.64051138 6.10165405e+00
6572.69656693 2.79679184e+01
6572.75262247 2.13747635e+01
6572.80867801 3.50622330e+01
6572.86473355 -1.66978188e+01
6572.92078910 -2.28833504e+01
6572.97684464 -2.69967690e+01
6573.03290018 1.06890869e+00
6573.08895573 1.73336868e+01
6573.14501127 3.88037949e+01
6573.20106681 -1.78417664e+01
6573.25712236 -1.25080566e+01
6573.31317790 -1.05810432e+01
6573.36923344 1.57523994e+01
6573.42528899 -1.27630310e+01
6573.48134453 -1.36226654e+00
6573.53740007 2.52006378e+01
6573.59345561 -1.54847908e+01
6573.64951116 1.78949661e+01
6573.70556670 -4.37182617e+00
6573.76162224 -1.34088020e+01
6573.81767779 2.54066734e+01
6573.87373333 -4.03248596e+00
6573.92978887 -1.07623062e+01
6573.98584442 -1.56325150e+00
6574.04189996 -1.63387871e+01
6574.09795550 -4.35707703e+01
6574.15401105 1.12962914e+01
6574.21006659 -7.01255417e+00
6574.26612213 4.05793381e+00
6574.32217767 -9.13293076e+00
6574.37823322 -4.76638794e-01
6574.43428876 -2.76906013e+01
6574.49034430 2.68453789e+01
6574.54639985 1.91278305e+01
6574.60245539 3.33548317e+01
6574.65851093 8.13658142e+00
6574.71456648 3.39735413e+00
6574.77062202 -3.39678955e+00
6574.82667756 1.52138100e+01
6574.88273310 2.86385002e+01
6574.93878865 -1.17393494e-01
6574.99484419 3.68109589e+01
6575.05089973 7.31429291e+00
6575.10695528 2.75682449e+00
6575.16301082 -1.18162842e+01
6575.21906636 1.40413666e+00
6575.27512191 3.54157677e+01
6575.33117745 1.00119400e+01
6575.38723299 2.00779839e+01
6575.44328854 2.93966675e+01
6575.49934408 -2.38248444e+00
6575.55539962 5.19845581e+00
6575.61145516 3.10889435e+00
6575.66751071 3.89228897e+01
6575.72356625 8.49324036e+00
6575.77962179 7.70224762e+00
6575.83567734 2.16576691e+01
6575.89173288 1.90128403e+01
6575.94778842 -1.66172028e+00
6576.00384397 2.73140182e+01
6576.05989951 -1.12564697e+01
6576.11595505 1.48898926e+01
6576.17201060 1.82199478e+01
6576.22806614 1.36454277e+01
6576.28412168 2.10306931e+01
6576.34017722 1.25030708e+01
6576.39623277 5.22042465e+00
6576.45228831 -1.21315689e+01
6576.50834385 2.34500885e+01
6576.56439940 -5.49553680e+00
6576.62045494 6.05971527e+00
6576.67651048 9.04665375e+00
6576.73256603 2.29086685e+01
6576.78862157 -7.65132523e+00
6576.84467711 -2.23688831e+01
6576.90073265 1.93231430e+01
6576.95678820 2.36732979e+01
6577.01284374 -1.00841255e+01
6577.06889928 -6.06436157e+00
6577.12495483 -4.69896317e+00
6577.18101037 2.11603699e+01
6577.23706591 -6.72720718e+00
6577.29312146 -1.67812347e+00
6577.34917700 -1.63873329e+01
6577.40523254 -4.67581673e+01
6577.46128809 8.68953323e+00
6577.51734363 -2.09204025e+01
6577.57339917 9.36027527e-01
6577.62945471 -2.82142639e+00
6577.68551026 -2.30101776e+00
6577.74156580 2.91926460e+01
6577.79762134 -3.83189735e+01
6577.85367689 1.41099243e+01
6577.90973243 3.29244461e+01
6577.96578797 8.58228302e+00
6578.02184352 7.97908783e-01
6578.07789906 8.48868942e+00
6578.13395460 6.43730164e+00
6578.19001015 -1.49729500e+01
6578.24606569 1.44077873e+01
6578.30212123 -1.94032631e+01
6578.35817677 1.15730515e+01
6578.41423232 5.72667923e+01
6578.47028786 -2.79754791e+01
6578.52634340 5.35758591e+00
6578.58239895 2.88949013e+01
6578.63845449 8.24902344e+00
6578.69451003 -3.53615570e+00
6578.75056558 -8.53218842e+00
6578.80662112 2.19211617e+01
6578.86267666 2.60452957e+01
6578.91873220 -1.28296280e+00
6578.97478775 3.98493958e+00
6579.03084329 2.59052391e+01
6579.08689883 -6.34685326e+00
6579.14295438 1.49697037e+01
6579.19900992 2.83918571e+01
6579.25506546 4.03223419e+00
6579.31112101 1.18218575e+01
6579.36717655 5.82816315e+00
6579.42323209 1.91600609e+01
6579.47928764 -1.04688835e+00
6579.53534318 2.87675095e+00
6579.59139872 -1.74590263e+01
6579.64745426 1.92774353e+01
6579.70350981 2.00497742e+01
6579.75956535 3.16411095e+01
6579.81562089 -1.05397453e+01
6579.87167644 2.34308548e+01
6579.92773198 -1.42831020e+01
6579.98378752 -3.04890518e+01
6580.03984307 2.27866440e+01
6580.09589861 3.07073250e+01
6580.15195415 -1.10588150e+01
6580.20800970 7.51154327e+00
6580.26406524 1.22865944e+01
6580.32012078 -1.41386871e+01
6580.37617632 -1.44173546e+01
6580.43223187 1.27610893e+01
6580.48828741 8.47823715e+00
6580.54434295 5.79978561e+00
6580.60039850 -1.86750641e+01
6580.65645404 -2.60867138e+01
6580.71250958 -1.27882233e+01
6580.76856513 1.16776161e+01
6580.82462067 8.12654114e+00
6580.88067621 2.54592361e+01
6580.93673175 1.44522858e+01
6580.99278730 1.30364723e+01
6581.04884284 -1.27667503e+01
6581.10489838 -1.42290497e+00
6581.16095393 -3.26161575e+00
6581.21700947 3.76791382e+00
6581.27306501 -2.13515205e+01
6581.32912056 1.62394257e+01
6581.38517610 -4.16465759e+00
6581.44123164 -1.44602966e+00
6581.49728719 1.66400681e+01
6581.55334273 5.03434753e+00
6581.60939827 3.71343994e+00
6581.66545381 5.24330444e+01
6581.72150936 -2.33919830e+01
6581.77756490 -6.07984161e+00
6581.83362044 -4.11473198e+01
6581.88967599 1.66193085e+01
6581.94573153 1.17894173e+01
6582.00178707 2.07132683e+01
6582.05784262 1.27911873e+01
6582.11389816 2.93056183e+01
6582.16995370 1.16805458e+01
6582.22600925 2.09027596e+01
6582.28206479 -1.35632973e+01
6582.33812033 -4.58046074e+01
6582.39417587 2.75832634e+01
6582.45023142 4.17822800e+01
6582.50628696 1.29286499e+01
6582.56234250 -1.07538261e+01
6582.61839805 -8.85996628e+00
6582.67445359 -9.95129395e+00
6582.73050913 1.97879791e+01
6582.78656468 -9.05533600e+00
6582.84262022 -3.05434895e+01
6582.89867576 2.01815968e+01
6582.95473130 -3.95529175e+00
6583.01078685 -6.78538132e+00
6583.06684239 4.92041779e+00
6583.12289793 1.08457642e+01
6583.17895348 3.52747421e+01
6583.23500902 -9.78050232e-02
6583.29106456 -2.51448555e+01
6583.34712011 1.59056625e+01
6583.40317565 3.19275780e+01
6583.45923119 2.22387848e+01
6583.51528674 5.57251740e+01
6583.57134228 1.46593857e+00
6583.62739782 3.67218857e+01
6583.68345336 1.32073956e+01
6583.73950891 2.80605316e-01
6583.79556445 -2.68062973e+01
6583.85161999 5.96878052e+00
6583.90767554 -2.40375023e+01
6583.96373108 1.74624557e+01
6584.01978662 6.38067284e+01
6584.07584217 3.91856995e+01
6584.13189771 -2.26322556e+00
6584.18795325 -1.57246094e+01
6584.24400880 1.90245667e+01
6584.30006434 4.68106079e+00
6584.35611988 5.24072266e+00
6584.41217542 3.34004669e+01
6584.46823097 -7.69981384e-01
6584.52428651 1.07683468e+01
6584.58034205 1.48083439e+01
6584.63639760 -1.44689140e+01
6584.69245314 -7.29483795e+00
6584.74850868 -8.54445267e+00
6584.80456423 1.14051666e+01
6584.86061977 1.86982384e+01
