# Rest-frame spectrum generated from: N1073X0003o_1d.fits
# lambda_Ha_obs = 6589.35500000 Angstrom
# lambda_Ha_rest = 6562.80000000 Angstrom
# z_Ha = 4.0462912172e-03
# v_Ha_relativistic = 1210.593438 km/s
# v_Ha_classical = 1213.047590 km/s
# columns: wavelength_rest[Angstrom] flux_or_counts

6528.00960021 2.37214241e+01
6528.06565911 2.37204895e+01
6528.12171802 2.37218132e+01
6528.17777692 2.37211456e+01
6528.23383582 2.37221909e+01
6528.28989472 2.37210274e+01
6528.34595362 2.37205429e+01
6528.40201252 2.40439987e+01
6528.45807142 2.43519936e+01
6528.51413032 2.46494751e+01
6528.57018922 2.80138245e+01
6528.62624812 2.82847557e+01
6528.68230702 2.85442352e+01
6528.73836593 2.88098068e+01
6528.79442483 2.90712585e+01
6528.85048373 2.93191833e+01
6528.90654263 2.95544243e+01
6528.96260153 2.97756081e+01
6529.01866043 2.99855232e+01
6529.07471933 3.01809464e+01
6529.13077823 3.59745026e+01
6529.18683713 3.63120041e+01
6529.24289603 4.91424904e+01
6529.29895493 5.68840561e+01
6529.35501383 6.89490891e+00
6529.41107274 1.24683037e+01
6529.46713164 1.76733932e+01
6529.52319054 -1.06259155e+00
6529.57924944 3.57082825e+01
6529.63530834 3.63431587e+01
6529.69136724 2.50953674e+00
6529.74742614 7.39034271e+00
6529.80348504 3.22875977e+00
6529.85954394 -1.69214439e+00
6529.91560284 -2.06306534e+01
6529.97166174 -8.91415405e+00
6530.02772064 3.15547142e+01
6530.08377955 2.09951897e+01
6530.13983845 -1.95536423e+00
6530.19589735 2.77450943e+00
6530.25195625 -2.26808167e+01
6530.30801515 -7.10348511e+00
6530.36407405 1.19141293e+01
6530.42013295 2.06608582e+01
6530.47619185 -3.79862976e+00
6530.53225075 9.26877594e+00
6530.58830965 -5.36851501e+00
6530.64436855 3.75144196e+00
6530.70042746 -3.51997643e+01
6530.75648636 -3.49420891e+01
6530.81254526 2.24858284e+01
6530.86860416 -6.25950241e+00
6530.92466306 4.04668427e+01
6530.98072196 1.16425171e+01
6531.03678086 -1.31218948e+01
6531.09283976 -3.97084236e+00
6531.14889866 4.14874420e+01
6531.20495756 3.95361633e+01
6531.26101646 8.57576752e+01
6531.31707536 2.07761803e+01
6531.37313427 3.92903900e+00
6531.42919317 -2.33188095e+01
6531.48525207 1.53189468e+00
6531.54131097 4.51836433e+01
6531.59736987 4.02193031e+01
6531.65342877 1.76271057e+00
6531.70948767 -1.95486450e+01
6531.76554657 -5.10712814e+00
6531.82160547 -6.53614426e+00
6531.87766437 -3.73240662e+00
6531.93372327 3.43820572e+01
6531.98978217 2.46249924e+01
6532.04584108 4.88757896e+01
6532.10189998 3.26307640e+01
6532.15795888 -2.80538559e+00
6532.21401778 1.39896774e+01
6532.27007668 -3.90348969e+01
6532.32613558 5.39507675e+00
6532.38219448 -7.82394409e-01
6532.43825338 -4.17431259e+00
6532.49431228 -2.35747528e+00
6532.55037118 2.34063911e+01
6532.60643008 7.09991455e-01
6532.66248899 1.43608093e-01
6532.71854789 3.10509109e+00
6532.77460679 1.09317780e+01
6532.83066569 1.92218742e+01
6532.88672459 3.32614937e+01
6532.94278349 -8.52661133e-01
6532.99884239 1.21455574e+01
6533.05490129 1.56502895e+01
6533.11096019 1.36117172e+01
6533.16701909 2.34463844e+01
6533.22307799 -3.51981926e+00
6533.27913689 9.08028603e+00
6533.33519580 -9.08298492e-01
6533.39125470 -4.94555283e+00
6533.44731360 2.25983143e+01
6533.50337250 8.25483704e+00
6533.55943140 2.34849472e+01
6533.61549030 -1.25383034e+01
6533.67154920 5.68464279e+00
6533.72760810 2.80158157e+01
6533.78366700 -4.51510506e+01
6533.83972590 -2.22629566e+01
6533.89578480 4.09106064e+00
6533.95184370 -5.81247711e+00
6534.00790261 -2.46473484e+01
6534.06396151 7.37089920e+00
6534.12002041 1.78691750e+01
6534.17607931 -1.04422112e+01
6534.23213821 -2.11703987e+01
6534.28819711 2.90825424e+01
6534.34425601 -3.02551651e+00
6534.40031491 1.93083134e+01
6534.45637381 2.26402016e+01
6534.51243271 2.30367165e+01
6534.56849161 -1.42601166e+01
6534.62455052 1.30475082e+01
6534.68060942 9.35760498e+00
6534.73666832 1.76013432e+01
6534.79272722 4.80982971e+00
6534.84878612 7.26544952e+00
6534.90484502 1.16497421e+00
6534.96090392 2.21844406e+01
6535.01696282 3.96029510e+01
6535.07302172 -6.02268219e+00
6535.12908062 -2.68458557e+00
6535.18513952 4.56874847e+00
6535.24119842 2.44292068e+01
6535.29725733 1.42736702e+01
6535.35331623 -2.15049591e+01
6535.40937513 1.04511490e+01
6535.46543403 3.46788864e+01
6535.52149293 3.72165527e+01
6535.57755183 1.04915142e+01
6535.63361073 -1.70781822e+01
6535.68966963 1.63339157e+01
6535.74572853 1.52480698e+00
6535.80178743 -2.41739693e+01
6535.85784633 2.87187119e+01
6535.91390523 3.01799488e+01
6535.96996414 -6.12439728e+00
6536.02602304 1.01817322e+00
6536.08208194 -4.55530548e+00
6536.13814084 2.80384140e+01
6536.19419974 2.28844833e+01
6536.25025864 2.38374329e+00
6536.30631754 1.05741119e+00
6536.36237644 -3.31054306e+00
6536.41843534 -1.26773148e+01
6536.47449424 -5.10561142e+01
6536.53055314 1.57263451e+01
6536.58661205 2.69105453e+01
6536.64267095 2.23941498e+01
6536.69872985 5.58524170e+01
6536.75478875 7.84336472e+00
6536.81084765 -1.28586540e+01
6536.86690655 -5.61305237e+00
6536.92296545 -1.49980259e+01
6536.97902435 5.08081818e+01
6537.03508325 2.28711891e+01
6537.09114215 3.68914795e+00
6537.14720105 -9.79913712e+00
6537.20325995 -2.18329239e+00
6537.25931886 3.19164696e+01
6537.31537776 1.57023621e+00
6537.37143666 1.47972107e-01
6537.42749556 -4.67682495e+01
6537.48355446 -1.22207375e+01
6537.53961336 2.23936310e+01
6537.59567226 7.36065674e+00
6537.65173116 -1.08588066e+01
6537.70779006 2.23859291e+01
6537.76384896 7.23996353e+00
6537.81990786 -5.18775558e+00
6537.87596676 -2.44093437e+01
6537.93202567 -1.74158058e+01
6537.98808457 4.15938835e+01
6538.04414347 -2.00920067e+01
6538.10020237 -1.85162125e+01
6538.15626127 -1.34289474e+01
6538.21232017 -9.19995499e+00
6538.26837907 1.95365868e+01
6538.32443797 -2.63892155e+01
6538.38049687 6.97832108e+00
6538.43655577 1.97976837e+01
6538.49261467 1.06760139e+01
6538.54867358 -3.00369606e+01
6538.60473248 -5.07309723e+00
6538.66079138 1.63682137e+01
6538.71685028 -1.05091743e+01
6538.77290918 1.18449364e+01
6538.82896808 5.54564247e+01
6538.88502698 4.29429932e+01
6538.94108588 -2.29607506e+01
6538.99714478 1.53549805e+01
6539.05320368 -3.05403137e+00
6539.10926258 -3.24144096e+01
6539.16532148 9.78326035e+00
6539.22138039 -9.39687347e+00
6539.27743929 -3.26546822e+01
6539.33349819 -1.56299286e+01
6539.38955709 3.57275810e+01
6539.44561599 -1.35258102e+01
6539.50167489 2.14439774e+00
6539.55773379 1.26551285e+01
6539.61379269 1.20498886e+01
6539.66985159 -1.47470818e+01
6539.72591049 -3.38884888e+01
6539.78196939 -3.85559845e+00
6539.83802829 -4.77430801e+01
6539.89408720 2.91177101e+01
6539.95014610 -1.95290375e+01
6540.00620500 1.29677582e+01
6540.06226390 -9.18550110e+00
6540.11832280 5.24692154e+00
6540.17438170 -1.85558739e+01
6540.23044060 1.45944595e+01
6540.28649950 -4.46474838e+00
6540.34255840 -2.54398689e+01
6540.39861730 8.19435120e-01
6540.45467620 -1.56469154e+01
6540.51073511 1.60848198e+01
6540.56679401 -1.53730278e+01
6540.62285291 -1.99154205e+01
6540.67891181 -4.29093552e+00
6540.73497071 -4.92870331e+00
6540.79102961 1.13693542e+01
6540.84708851 -6.40354156e-01
6540.90314741 8.45540619e+00
6540.95920631 1.38870392e+01
6541.01526521 1.89940414e+01
6541.07132411 6.64787292e+00
6541.12738301 2.41419182e+01
6541.18344192 3.74133415e+01
6541.23950082 2.53625488e+00
6541.29555972 -2.24325142e+01
6541.35161862 2.62572861e+01
6541.40767752 3.07075863e+01
6541.46373642 -2.21321011e+01
6541.51979532 2.54705009e+01
6541.57585422 -6.46286011e-02
6541.63191312 4.58807297e+01
6541.68797202 1.05669556e+01
6541.74403092 -1.16777973e+01
6541.80008982 -8.16858673e+00
6541.85614873 5.60501862e+01
6541.91220763 3.25543518e+01
6541.96826653 2.31278610e+01
6542.02432543 8.38602448e+00
6542.08038433 -5.59388733e+00
6542.13644323 1.11110153e+01
6542.19250213 -3.41942596e+00
6542.24856103 4.31700134e+00
6542.30461993 1.66437950e+01
6542.36067883 3.97400284e+00
6542.41673773 3.87420387e+01
6542.47279664 3.29101906e+01
6542.52885554 -1.70906067e+01
6542.58491444 -2.36728001e+01
6542.64097334 4.58710136e+01
6542.69703224 -6.09935379e+00
6542.75309114 -2.62381401e+01
6542.80915004 -1.03939056e+00
6542.86520894 3.30573349e+01
6542.92126784 2.82548523e+01
6542.97732674 1.99817848e+01
6543.03338564 9.85145950e+00
6543.08944454 -1.81825256e+00
6543.14550345 2.95509872e+01
6543.20156235 -4.26642113e+01
6543.25762125 8.28660202e+00
6543.31368015 2.99660645e+01
6543.36973905 -1.72179070e+01
6543.42579795 1.00599556e+01
6543.48185685 9.52702713e+00
6543.53791575 -2.18876381e+01
6543.59397465 1.63524895e+01
6543.65003355 1.19761467e+01
6543.70609245 5.40142059e+01
6543.76215135 -6.35900879e+00
6543.81821026 2.18783951e+00
6543.87426916 2.74790611e+01
6543.93032806 2.97964783e+01
6543.98638696 -8.96794891e+00
6544.04244586 1.11175079e+01
6544.09850476 3.87001381e+01
6544.15456366 2.34402466e+01
6544.21062256 1.71773987e+01
6544.26668146 2.29871521e+01
6544.32274036 3.32573242e+01
6544.37879926 7.38559341e+00
6544.43485816 -6.64781380e+00
6544.49091707 -2.38585930e+01
6544.54697597 1.36553802e+01
6544.60303487 -1.62232666e+01
6544.65909377 4.61279678e+00
6544.71515267 3.67715263e+01
6544.77121157 -2.93304024e+01
6544.82727047 -1.05100288e+01
6544.88332937 1.67965279e+01
6544.93938827 -5.64222679e+01
6544.99544717 2.66190109e+01
6545.05150607 2.86583519e+01
6545.10756498 9.90347672e+00
6545.16362388 -2.33471298e+00
6545.21968278 2.77947998e+01
6545.27574168 -4.73018265e+00
6545.33180058 1.85660782e+01
6545.38785948 -3.38041687e+00
6545.44391838 4.44649887e+00
6545.49997728 1.14445572e+01
6545.55603618 -1.94208527e+01
6545.61209508 6.42281723e+00
6545.66815398 1.49421120e+01
6545.72421288 -1.84952545e+01
6545.78027179 -2.28621063e+01
6545.83633069 7.13187027e+00
6545.89238959 -3.45861053e+00
6545.94844849 2.47917938e+00
6546.00450739 1.45551491e+01
6546.06056629 3.97073669e+01
6546.11662519 2.38368645e+01
6546.17268409 1.60696335e+01
6546.22874299 1.63452148e+00
6546.28480189 -2.64358730e+01
6546.34086079 1.35752106e+01
6546.39691969 3.78094788e+01
6546.45297860 -7.05212402e+00
6546.50903750 3.32912979e+01
6546.56509640 6.13154602e+00
6546.62115530 9.29796600e+00
6546.67721420 -5.04959145e+01
6546.73327310 -2.00597496e+01
6546.78933200 1.88271179e+01
6546.84539090 8.17876434e+00
6546.90144980 -5.03120422e-02
6546.95750870 -3.25427628e+00
6547.01356760 -3.66613770e+00
6547.06962651 -2.68696060e+01
6547.12568541 1.16710625e+01
6547.18174431 4.66616440e+01
6547.23780321 6.86382599e+01
6547.29386211 2.49387779e+01
6547.34992101 4.58780212e+01
6547.40597991 7.01953125e+00
6547.46203881 1.84464722e+01
6547.51809771 2.05981331e+01
6547.57415661 3.11493454e+01
6547.63021551 -1.36167145e+00
6547.68627441 1.48484802e+01
6547.74233332 3.25291672e+01
6547.79839222 -3.20048904e+00
6547.85445112 1.36609497e+01
6547.91051002 1.12221375e+01
6547.96656892 -1.40372238e+01
6548.02262782 3.31784706e+01
6548.07868672 8.21669006e+00
6548.13474562 2.70638199e+01
6548.19080452 1.90893745e+01
6548.24686342 2.78794174e+01
6548.30292232 4.99930267e+01
6548.35898122 2.13897705e+01
6548.41504013 2.03500137e+01
6548.47109903 1.90579987e+01
6548.52715793 -1.30361061e+01
6548.58321683 3.19470711e+01
6548.63927573 2.75920906e+01
6548.69533463 8.42527008e+00
6548.75139353 2.56206512e+01
6548.80745243 1.19489517e+01
6548.86351133 4.06472740e+01
6548.91957023 6.34169693e+01
6548.97562913 4.52543831e+00
6549.03168804 1.05216599e+00
6549.08774694 2.84732475e+01
6549.14380584 1.54778290e+01
6549.19986474 -5.38688278e+00
6549.25592364 7.62587738e+00
6549.31198254 -5.04980087e+01
6549.36804144 2.23399658e+01
6549.42410034 3.63843536e+00
6549.48015924 -3.18340874e+01
6549.53621814 7.22348022e+00
6549.59227704 1.75420990e+01
6549.64833594 -7.73701859e+00
6549.70439485 2.35535583e+01
6549.76045375 1.72805290e+01
6549.81651265 6.94981003e+00
6549.87257155 3.58553505e+01
6549.92863045 3.48952751e+01
6549.98468935 1.12149239e+01
6550.04074825 1.33377762e+01
6550.09680715 1.68550453e+01
6550.15286605 1.95474243e+00
6550.20892495 1.25012283e+01
6550.26498385 7.13359070e+00
6550.32104275 1.16141014e+01
6550.37710166 7.10601807e+00
6550.43316056 1.17932816e+01
6550.48921946 1.00602722e+00
6550.54527836 3.79330139e+01
6550.60133726 8.78750610e+00
6550.65739616 -1.91735229e+01
6550.71345506 2.29515533e+01
6550.76951396 4.42280579e+00
6550.82557286 -2.63664627e+01
6550.88163176 -2.84086761e+01
6550.93769066 3.18797035e+01
6550.99374957 1.70903854e+01
6551.04980847 -1.46931725e+01
6551.10586737 1.69544334e+01
6551.16192627 1.89561844e+00
6551.21798517 -1.32893295e+01
6551.27404407 1.62979088e+01
6551.33010297 -3.18510437e+00
6551.38616187 5.29536057e+00
6551.44222077 1.44715881e+00
6551.49827967 1.89824066e+01
6551.55433857 4.11865425e+01
6551.61039747 -2.32077026e+00
6551.66645638 -5.37567139e-01
6551.72251528 9.04584885e+00
6551.77857418 4.41609840e+01
6551.83463308 4.42479973e+01
6551.89069198 -2.30075378e+01
6551.94675088 1.33953094e+00
6552.00280978 9.20379639e-01
6552.05886868 1.50755844e+01
6552.11492758 8.66819000e+00
6552.17098648 -3.02766380e+01
6552.22704538 4.30570221e+00
6552.28310428 1.67521400e+01
6552.33916319 -4.37333679e+00
6552.39522209 2.37586403e+01
6552.45128099 6.00591278e+00
6552.50733989 -1.65799561e+01
6552.56339879 2.38565865e+01
6552.61945769 2.27834015e+01
6552.67551659 5.25229263e+00
6552.73157549 3.91749191e+00
6552.78763439 7.47621918e+00
6552.84369329 -5.90413666e+00
6552.89975219 3.16336975e+01
6552.95581110 3.67013779e+01
6553.01187000 2.48065643e+01
6553.06792890 1.12799530e+01
6553.12398780 9.54474640e+00
6553.18004670 -6.95520401e+00
6553.23610560 1.42496796e+01
6553.29216450 -5.09384270e+01
6553.34822340 7.76034546e+00
6553.40428230 -1.59722710e+01
6553.46034120 -6.53763962e+01
6553.51640010 -1.80193481e+01
6553.57245900 3.48198891e+01
6553.62851791 -2.71631622e+01
6553.68457681 8.32339478e+00
6553.74063571 -2.35614243e+01
6553.79669461 -9.43517303e+00
6553.85275351 8.17093277e+00
6553.90881241 -5.99373627e+00
6553.96487131 -1.27606087e+01
6554.02093021 -1.02104645e+01
6554.07698911 1.75999985e+01
6554.13304801 1.20017357e+01
6554.18910691 2.72582893e+01
6554.24516581 -1.95529785e+01
6554.30122472 1.58554077e+01
6554.35728362 1.94393501e+01
6554.41334252 -1.42626076e+01
6554.46940142 2.56415939e+01
6554.52546032 -3.48198700e+00
6554.58151922 2.35393219e+01
6554.63757812 3.82334900e+00
6554.69363702 1.77028809e+01
6554.74969592 -9.93487549e+00
6554.80575482 2.40173340e+00
6554.86181372 1.14023972e+00
6554.91787263 -1.45718575e+01
6554.97393153 8.02066040e+00
6555.02999043 -1.27512817e+01
6555.08604933 -6.73027039e-01
6555.14210823 1.94417381e+01
6555.19816713 -3.86360474e+01
6555.25422603 4.33967285e+01
6555.31028493 3.98027573e+01
6555.36634383 3.40266380e+01
6555.42240273 4.37841797e+00
6555.47846163 1.20289917e+01
6555.53452053 1.96624603e+01
6555.59057944 1.28365593e+01
6555.64663834 -1.88288040e+01
6555.70269724 -4.60892105e+00
6555.75875614 -3.02658081e-01
6555.81481504 2.25108719e+00
6555.87087394 -1.03701363e+01
6555.92693284 1.19369965e+01
6555.98299174 -3.37292099e+00
6556.03905064 -3.71074829e+01
6556.09510954 -2.06669044e+01
6556.15116844 5.10113678e+01
6556.20722734 2.28952026e+00
6556.26328625 -1.68812943e+00
6556.31934515 -6.58111954e+00
6556.37540405 1.86596298e+01
6556.43146295 2.92093506e+01
6556.48752185 -1.72987747e+00
6556.54358075 -4.03163528e+00
6556.59963965 1.55160561e+01
6556.65569855 2.46113510e+01
6556.71175745 2.65250340e+01
6556.76781635 9.89613724e+00
6556.82387525 1.40017052e+01
6556.87993416 2.87074280e+01
6556.93599306 1.52158966e+01
6556.99205196 3.02222481e+01
6557.04811086 4.86980057e+00
6557.10416976 -1.54786987e+01
6557.16022866 -3.52531967e+01
6557.21628756 2.18917389e+01
6557.27234646 -1.33525734e+01
6557.32840536 -1.28867455e+01
6557.38446426 4.65951538e+00
6557.44052316 6.94450760e+00
6557.49658206 5.89950943e+00
6557.55264097 1.32425385e+01
6557.60869987 2.55970268e+01
6557.66475877 -1.13217354e+01
6557.72081767 1.81723099e+01
6557.77687657 2.39740944e+01
6557.83293547 1.62940826e+01
6557.88899437 -1.34156418e+00
6557.94505327 7.63974762e+00
6558.00111217 1.51832047e+01
6558.05717107 2.60797882e+00
6558.11322997 2.84449120e+01
6558.16928887 2.05708122e+01
6558.22534778 2.54598579e+01
6558.28140668 -3.85179138e+00
6558.33746558 -1.81993752e+01
6558.39352448 -1.91318893e+01
6558.44958338 5.49209595e-01
6558.50564228 -1.72961922e+01
6558.56170118 2.31257439e+01
6558.61776008 2.05290146e+01
6558.67381898 -2.44320107e+01
6558.72987788 -3.65600586e+00
6558.78593678 1.54803619e+01
6558.84199569 6.96010132e+01
6558.89805459 5.93400955e+01
6558.95411349 4.56633759e+00
6559.01017239 -1.19454803e+01
6559.06623129 -3.72239113e+01
6559.12229019 -2.54353352e+01
6559.17834909 -5.72306061e+00
6559.23440799 -2.82141075e+01
6559.29046689 -8.63412857e+00
6559.34652579 -1.58078232e+01
6559.40258469 6.89494171e+01
6559.45864359 -1.53419800e+01
6559.51470250 3.75137367e+01
6559.57076140 -5.59539337e+01
6559.62682030 -4.83156586e+00
6559.68287920 3.16977119e+01
6559.73893810 5.53343582e+00
6559.79499700 -3.11803818e+00
6559.85105590 -2.13013000e+01
6559.90711480 -2.03350258e+01
6559.96317370 -7.99938583e+00
6560.01923260 -2.76599121e+00
6560.07529150 2.07307816e+01
6560.13135040 -2.80902977e+01
6560.18740931 4.18512459e+01
6560.24346821 6.46208572e+00
6560.29952711 2.91305542e+00
6560.35558601 1.83868675e+01
6560.41164491 1.99624901e+01
6560.46770381 5.73425026e+01
6560.52376271 3.43817139e+01
6560.57982161 3.81109047e+01
6560.63588051 1.23150063e+01
6560.69193941 2.79253922e+01
6560.74799831 2.97513695e+01
6560.80405722 -4.57870102e+00
6560.86011612 1.70345993e+01
6560.91617502 2.28763390e+01
6560.97223392 -5.52854156e+00
6561.02829282 1.60057487e+01
6561.08435172 -6.28288269e-01
6561.14041062 -7.47422409e+00
6561.19646952 2.76178894e+01
6561.25252842 5.48310852e+00
6561.30858732 2.25738449e+01
6561.36464622 2.42935867e+01
6561.42070512 2.25119400e+01
6561.47676403 4.00321732e+01
6561.53282293 3.15574379e+01
6561.58888183 4.09235458e+01
6561.64494073 6.89315796e+01
6561.70099963 1.07674026e+01
6561.75705853 5.65027618e+01
6561.81311743 6.11945190e+01
6561.86917633 2.91422615e+01
6561.92523523 7.92252579e+01
6561.98129413 2.35522270e+01
6562.03735303 7.83743286e+00
6562.09341193 7.40906830e+01
6562.14947084 9.39963989e+01
6562.20552974 1.19893265e+02
6562.26158864 1.15095360e+02
6562.31764754 1.40902191e+02
6562.37370644 1.51633820e+02
6562.42976534 2.15324326e+02
6562.48582424 2.64203979e+02
6562.54188314 2.42810303e+02
6562.59794204 2.89681763e+02
6562.65400094 2.85418152e+02
6562.71005984 2.85806915e+02
6562.76611874 2.91666290e+02
6562.82217765 2.97651367e+02
6562.87823655 2.92195831e+02
6562.93429545 2.44735504e+02
6562.99035435 2.63314026e+02
6563.04641325 3.14575867e+02
6563.10247215 2.59180908e+02
6563.15853105 2.01262344e+02
6563.21458995 1.95696518e+02
6563.27064885 1.66131927e+02
6563.32670775 1.75167969e+02
6563.38276665 1.49505585e+02
6563.43882556 1.35368240e+02
6563.49488446 1.04464455e+02
6563.55094336 7.91696701e+01
6563.60700226 8.11556168e+01
6563.66306116 8.08870087e+01
6563.71912006 5.95260277e+01
6563.77517896 5.63247528e+01
6563.83123786 4.06596451e+01
6563.88729676 1.65555458e+01
6563.94335566 -1.81382751e+00
6563.99941456 7.30042877e+01
6564.05547346 1.98730621e+01
6564.11153237 3.14351578e+01
6564.16759127 4.48520546e+01
6564.22365017 -5.93605042e-01
6564.27970907 -7.85843658e+00
6564.33576797 6.29824715e+01
6564.39182687 1.28059311e+01
6564.44788577 2.84189835e+01
6564.50394467 -3.27223206e+00
6564.56000357 -5.47424316e-01
6564.61606247 -9.37507629e+00
6564.67212137 1.23105621e+01
6564.72818027 -9.13757324e-01
6564.78423918 8.01416016e+00
6564.84029808 -1.09078522e+01
6564.89635698 -1.21674194e+01
6564.95241588 3.04609566e+01
6565.00847478 5.55479774e+01
6565.06453368 -1.99569321e+01
6565.12059258 4.20624008e+01
6565.17665148 2.77020874e+01
6565.23271038 1.95873985e+01
6565.28876928 5.11133575e+00
6565.34482818 -2.45461655e+00
6565.40088709 2.20388832e+01
6565.45694599 2.71974716e+01
6565.51300489 -1.71501427e+01
6565.56906379 -1.65321083e+01
6565.62512269 1.35592003e+01
6565.68118159 2.77509346e+01
6565.73724049 -2.90770912e+01
6565.79329939 1.79572487e+01
6565.84935829 -1.21662903e+00
6565.90541719 -6.72988129e+00
6565.96147609 1.16592712e+01
6566.01753499 -2.53606262e+01
6566.07359390 -2.65560818e+01
6566.12965280 -3.57611732e+01
6566.18571170 -6.76966858e+00
6566.24177060 2.97821121e+01
6566.29782950 -2.83015976e+01
6566.35388840 3.13388214e+01
6566.40994730 -5.99838257e-01
6566.46600620 6.72130280e+01
6566.52206510 1.98997841e+01
6566.57812400 -3.66286850e+00
6566.63418290 3.94277306e+01
6566.69024180 -1.66115608e+01
6566.74630071 5.79848099e+00
6566.80235961 8.88706741e+01
6566.85841851 -1.92372894e+01
6566.91447741 -4.68547821e-01
6566.97053631 -2.02722168e+00
6567.02659521 1.28285217e+00
6567.08265411 4.45982475e+01
6567.13871301 4.66808319e-01
6567.19477191 2.08892822e-02
6567.25083081 1.07994614e+01
6567.30688971 -1.26348457e+01
6567.36294862 1.24712868e+01
6567.41900752 3.31955490e+01
6567.47506642 7.31746674e+00
6567.53112532 1.43995438e+01
6567.58718422 2.04318695e+01
6567.64324312 2.32218170e+01
6567.69930202 -7.22629547e+00
6567.75536092 1.98690186e+01
6567.81141982 2.10733109e+01
6567.86747872 -5.83032990e+00
6567.92353762 -1.36901245e+01
6567.97959652 2.87780762e+00
6568.03565543 2.62166443e+01
6568.09171433 -1.19813461e+01
6568.14777323 -1.65745163e+00
6568.20383213 -1.30502777e+01
6568.25989103 2.17841721e+01
6568.31594993 7.43583298e+00
6568.37200883 3.80725861e-01
6568.42806773 -2.38623047e+00
6568.48412663 1.80698318e+01
6568.54018553 2.39586639e+00
6568.59624443 -8.13363647e+00
6568.65230333 2.19971085e+01
6568.70836224 5.35021973e+00
6568.76442114 1.90852737e+00
6568.82048004 -1.35333862e+01
6568.87653894 2.63326263e+00
6568.93259784 -2.16040840e+01
6568.98865674 1.19266319e+01
6569.04471564 -2.74431610e+01
6569.10077454 3.43140411e+00
6569.15683344 5.69611855e+01
6569.21289234 -2.38653297e+01
6569.26895124 -1.93390656e+00
6569.32501015 1.00256386e+01
6569.38106905 3.90264206e+01
6569.43712795 2.54654160e+01
6569.49318685 2.58204575e+01
6569.54924575 2.42395859e+01
6569.60530465 -7.07476807e+00
6569.66136355 -5.64579010e+00
6569.71742245 3.19683533e+01
6569.77348135 -2.56107330e+01
6569.82954025 -4.47254944e+00
6569.88559915 2.15531921e+01
6569.94165805 2.46486282e+01
6569.99771696 -1.76526413e+01
6570.05377586 -9.40286255e+00
6570.10983476 -1.72103195e+01
6570.16589366 -2.44671097e+01
6570.22195256 -2.46617889e+01
6570.27801146 1.14311142e+01
6570.33407036 2.65245056e+01
6570.39012926 -1.49925613e+01
6570.44618816 4.30424271e+01
6570.50224706 9.68183899e+00
6570.55830596 -3.13527260e+01
6570.61436486 1.31185379e+01
6570.67042377 -9.44316101e+00
6570.72648267 6.52878113e+01
6570.78254157 3.12299576e+01
6570.83860047 3.78491974e+00
6570.89465937 1.09074020e+01
6570.95071827 3.96320343e+00
6571.00677717 6.12148552e+01
6571.06283607 2.05602112e+01
6571.11889497 -6.97962952e+00
6571.17495387 -2.24994392e+01
6571.23101277 -1.11585159e+01
6571.28707168 1.29645348e+01
6571.34313058 4.65596771e+00
6571.39918948 4.50880852e+01
6571.45524838 1.02888069e+01
6571.51130728 -3.00184517e+01
6571.56736618 -1.80231552e+01
6571.62342508 2.21970177e+01
6571.67948398 4.67367401e+01
6571.73554288 -6.51263046e+00
6571.79160178 2.06082191e+01
6571.84766068 2.78185196e+01
6571.90371958 3.65010071e+00
6571.95977849 6.79581451e+00
6572.01583739 -2.02916641e+01
6572.07189629 4.24057388e+00
6572.12795519 -2.26258850e+00
6572.18401409 1.79846039e+01
6572.24007299 -1.88013268e+01
6572.29613189 -1.14688339e+01
6572.35219079 3.30852318e+01
6572.40824969 -4.53714371e+01
6572.46430859 8.65457916e+00
6572.52036749 -6.32134247e+00
6572.57642639 2.39274216e+00
6572.63248530 -1.39040985e+01
6572.68854420 -3.57901382e+00
6572.74460310 3.06060791e-01
6572.80066200 -2.48906708e+00
6572.85672090 2.19418831e+01
6572.91277980 2.34832764e+00
6572.96883870 -1.88599014e+01
6573.02489760 -3.86942062e+01
6573.08095650 3.30090675e+01
6573.13701540 -2.26002693e+01
6573.19307430 -1.66601982e+01
6573.24913321 3.10608063e+01
6573.30519211 1.66405182e+01
6573.36125101 -9.16145325e+00
6573.41730991 1.53296280e+01
6573.47336881 -9.55536652e+00
6573.52942771 -5.22463989e+00
6573.58548661 -2.27633667e+00
6573.64154551 -8.74561310e+00
6573.69760441 2.53668594e+00
6573.75366331 5.81219482e+00
6573.80972221 2.95666275e+01
6573.86578111 -5.47256851e+00
6573.92184002 -1.48016472e+01
6573.97789892 -3.55553741e+01
6574.03395782 -2.47294617e+01
6574.09001672 6.68050156e+01
6574.14607562 2.66521492e+01
6574.20213452 -2.17769547e+01
6574.25819342 6.25633240e+00
6574.31425232 3.11808472e+01
6574.37031122 -2.52765846e+01
6574.42637012 1.02303810e+01
6574.48242902 1.73937531e+01
6574.53848792 7.82801056e+00
6574.59454683 -3.88579636e+01
6574.65060573 -1.93806953e+01
6574.70666463 1.35998611e+01
6574.76272353 -9.01336670e+00
6574.81878243 -4.13369827e+01
6574.87484133 -5.86608887e-01
6574.93090023 1.69601440e+01
6574.98695913 -2.63990211e+01
6575.04301803 -4.03448906e+01
6575.09907693 3.16531601e+01
6575.15513583 -6.69790649e+00
6575.21119474 3.07194214e+01
6575.26725364 6.27596664e+00
6575.32331254 -6.84905243e+00
6575.37937144 2.73945236e+01
6575.43543034 -4.86910477e+01
6575.49148924 -1.43251381e+01
6575.54754814 -1.30533371e+01
6575.60360704 5.57489090e+01
6575.65966594 3.39503708e+01
6575.71572484 5.16045380e+00
6575.77178374 -3.75910759e+01
6575.82784264 -1.13297501e+01
6575.88390155 -1.31171837e+01
6575.93996045 -3.27430496e+01
6575.99601935 1.68937683e-01
6576.05207825 -9.42762756e+00
6576.10813715 -3.03930664e+00
6576.16419605 1.04172745e+01
6576.22025495 1.24071388e+01
6576.27631385 -3.30833244e+01
6576.33237275 -9.02606201e+00
6576.38843165 -4.03204346e+01
6576.44449055 2.70809555e+01
6576.50054945 -1.86028442e+01
6576.55660836 -6.59165192e+00
6576.61266726 -3.44087753e+01
6576.66872616 2.74345093e+01
6576.72478506 -7.38533783e+00
6576.78084396 -4.41686516e+01
6576.83690286 -2.37731209e+01
6576.89296176 8.58571625e+00
6576.94902066 1.71813240e+01
6577.00507956 2.90109062e+01
6577.06113846 4.55786896e+00
6577.11719736 -3.11645889e+00
6577.17325627 -1.48408661e+01
6577.22931517 1.18193169e+01
6577.28537407 -4.66690826e+00
6577.34143297 1.49281464e+01
6577.39749187 1.18812294e+01
6577.45355077 1.49498405e+01
6577.50960967 -3.57662964e+00
6577.56566857 -2.67083130e+01
6577.62172747 -2.55437775e+01
6577.67778637 -2.48598022e+01
6577.73384527 1.04603958e+01
6577.78990417 -2.07579384e+01
6577.84596308 4.32159462e+01
6577.90202198 -2.38336105e+01
6577.95808088 -2.19496002e+01
6578.01413978 -2.59878883e+01
6578.07019868 -1.68962059e+01
6578.12625758 3.40951996e+01
6578.18231648 1.34483871e+01
6578.23837538 1.40446129e+01
6578.29443428 -5.29611969e+00
6578.35049318 -1.69505882e+01
6578.40655208 3.59640694e+01
6578.46261098 -1.96894836e+01
6578.51866989 5.57540131e+00
6578.57472879 2.87799721e+01
6578.63078769 1.91411629e+01
6578.68684659 -1.09237404e+01
6578.74290549 1.89175110e+01
6578.79896439 3.02490425e+01
6578.85502329 -4.51688004e+00
6578.91108219 -7.34688568e+00
6578.96714109 -8.12916946e+00
6579.02319999 -1.42973862e+01
6579.07925889 -4.57521820e+00
6579.13531779 -1.32055168e+01
6579.19137670 -4.31066895e+00
6579.24743560 6.55969620e-01
6579.30349450 -2.97321720e+01
6579.35955340 -2.04931602e+01
6579.41561230 8.87184143e+00
6579.47167120 3.36378403e+01
6579.52773010 8.67309570e-02
6579.58378900 1.10260277e+01
6579.63984790 3.38489075e+01
6579.69590680 1.40545578e+01
6579.75196570 2.21120796e+01
6579.80802461 -3.40404510e+00
6579.86408351 1.82029190e+01
6579.92014241 6.61279678e+00
6579.97620131 2.93038483e+01
6580.03226021 1.84070969e+00
6580.08831911 -2.42976036e+01
6580.14437801 -1.44162216e+01
6580.20043691 8.91024780e+00
6580.25649581 4.95208588e+01
6580.31255471 -1.25742416e+01
6580.36861361 -3.97259636e+01
6580.42467251 3.00723991e+01
6580.48073142 2.74072266e+00
6580.53679032 1.47010231e+01
6580.59284922 1.63182602e+01
6580.64890812 6.22217941e+00
6580.70496702 -2.96807365e+01
6580.76102592 -3.74979286e+01
6580.81708482 1.68404007e+00
6580.87314372 2.24781799e+00
6580.92920262 -2.56100082e+00
6580.98526152 2.12931290e+01
6581.04132042 3.07936859e+00
6581.09737932 2.87803650e-01
6581.15343823 -1.18348160e+01
6581.20949713 4.06924896e+01
6581.26555603 -9.54826355e-01
6581.32161493 -1.53514519e+01
6581.37767383 -2.55392914e+01
6581.43373273 -1.94387360e+01
6581.48979163 2.26567078e+00
6581.54585053 -1.50891571e+01
6581.60190943 -1.08737183e+00
6581.65796833 -2.16220779e+01
6581.71402723 -1.57015190e+01
6581.77008614 -2.53677368e+00
6581.82614504 -2.29277382e+01
6581.88220394 -3.61549377e-01
6581.93826284 -3.02853203e+01
6581.99432174 -5.59550858e+00
6582.05038064 4.52735176e+01
6582.10643954 3.37375374e+01
6582.16249844 8.23537445e+00
6582.21855734 2.00848236e+01
6582.27461624 5.35203934e+00
6582.33067514 -1.78623886e+01
6582.38673404 2.68883514e+00
6582.44279295 5.82872009e+00
6582.49885185 -2.30158081e+01
6582.55491075 -8.04434967e+00
6582.61096965 -1.48401890e+01
6582.66702855 -4.79543686e+01
6582.72308745 1.44988632e+01
6582.77914635 1.49765282e+01
6582.83520525 -2.83679504e+01
6582.89126415 2.65195923e+01
6582.94732305 -1.70346909e+01
6583.00338195 3.63381577e+00
6583.05944085 1.33414688e+01
6583.11549976 1.96864185e+01
6583.17155866 -2.77268219e+00
6583.22761756 -4.04436493e+00
6583.28367646 -4.08882332e+01
6583.33973536 1.26106224e+01
6583.39579426 5.00584564e+01
6583.45185316 -2.29330826e+00
6583.50791206 9.58170700e+00
6583.56397096 1.92588654e+01
6583.62002986 9.11048126e+00
6583.67608876 1.95428238e+01
6583.73214767 -1.34350815e+01
6583.78820657 2.62432709e+01
6583.84426547 5.80954361e+00
6583.90032437 -2.10830307e+00
6583.95638327 -1.43017769e+01
6584.01244217 2.16437836e+01
6584.06850107 1.73458900e+01
6584.12455997 3.40658569e+00
6584.18061887 -3.38451767e+01
6584.23667777 2.52544727e+01
6584.29273667 -1.63004169e+01
6584.34879557 -1.64054222e+01
6584.40485448 -1.32819538e+01
6584.46091338 5.30594673e+01
6584.51697228 1.74573326e+01
6584.57303118 1.14019127e+01
6584.62909008 -1.72362595e+01
6584.68514898 3.49498749e+01
6584.74120788 3.69162941e+01
6584.79726678 -1.08686028e+01
6584.85332568 -5.36749649e+01
