# Rest-frame spectrum generated from: M106B0001o_1d.fits
# lambda_Ha_obs = 6575.56600000 Angstrom
# lambda_Ha_rest = 6562.80000000 Angstrom
# z_Ha = 1.9452063144e-03
# v_Ha_relativistic = 582.591002 km/s
# v_Ha_classical = 583.158182 km/s
# columns: wavelength_rest[Angstrom] flux_or_counts

6531.40298383 -7.92259598e+00
6531.45930447 -7.92292786e+00
6531.51562510 -7.92166901e+00
6531.57194574 -7.92259216e+00
6531.62826637 -7.92263412e+00
6531.68458701 -7.92228699e+00
6531.74090764 -7.92218018e+00
6531.79722828 -7.92332077e+00
6531.85354891 -7.92231750e+00
6531.90986955 -7.92222595e+00
6531.96619019 -7.92391586e+00
6532.02251082 -7.92259216e+00
6532.07883146 -7.92464447e+00
6532.13515209 -7.92404556e+00
6532.19147273 -7.92535400e+00
6532.24779336 -7.92594147e+00
6532.30411400 -7.92587280e+00
6532.36043463 -7.92674637e+00
6532.41675527 -7.92733002e+00
6532.47307591 -1.35561943e+01
6532.52939654 -1.41662941e+01
6532.58571718 4.04234543e+01
6532.64203781 2.14944267e+01
6532.69835845 -2.67849770e+01
6532.75467908 -2.77328186e+01
6532.81099972 -4.62945557e+00
6532.86732035 2.93347931e+01
6532.92364099 -1.29181595e+01
6532.97996163 2.02993698e+01
6533.03628226 2.35058403e+01
6533.09260290 2.01918335e+01
6533.14892353 4.17159500e+01
6533.20524417 2.24277763e+01
6533.26156480 5.84525299e+00
6533.31788544 -8.37247849e+00
6533.37420607 -4.60372162e+00
6533.43052671 2.47688980e+01
6533.48684735 4.83383713e+01
6533.54316798 5.55836372e+01
6533.59948862 5.67620850e+00
6533.65580925 -1.13884735e+00
6533.71212989 1.11251488e+01
6533.76845052 -1.07155724e+01
6533.82477116 1.41001816e+01
6533.88109179 1.61545258e+01
6533.93741243 4.70041161e+01
6533.99373307 1.96584053e+01
6534.05005370 9.48786926e+00
6534.10637434 6.13792725e+01
6534.16269497 5.12134933e+01
6534.21901561 -4.02478027e+00
6534.27533624 1.14612961e+01
6534.33165688 -2.86526108e+01
6534.38797751 -3.71090164e+01
6534.44429815 7.16934204e-01
6534.50061879 3.34701462e+01
6534.55693942 1.72680206e+01
6534.61326006 1.75614510e+01
6534.66958069 9.23473358e-01
6534.72590133 -6.09782028e+00
6534.78222196 1.22903671e+01
6534.83854260 -2.30355835e+00
6534.89486323 3.31981544e+01
6534.95118387 -1.00883484e-01
6535.00750451 -1.60171051e+01
6535.06382514 -4.68510437e+00
6535.12014578 -9.98503876e+00
6535.17646641 1.88674316e+01
6535.23278705 3.65078545e+01
6535.28910768 3.56769600e+01
6535.34542832 1.75147858e+01
6535.40174895 -1.43068275e+01
6535.45806959 1.47580566e+01
6535.51439023 2.89012260e+01
6535.57071086 1.75053711e+01
6535.62703150 2.89929733e+01
6535.68335213 6.48095703e+01
6535.73967277 3.41973877e+01
6535.79599340 1.84143066e-01
6535.85231404 -1.48998032e+01
6535.90863467 3.35600586e+01
6535.96495531 7.19651794e+00
6536.02127595 -4.28023529e+00
6536.07759658 2.79010773e-01
6536.13391722 1.04561653e+01
6536.19023785 7.84615326e+00
6536.24655849 -3.02143860e+00
6536.30287912 3.14270020e-01
6536.35919976 1.81015167e+01
6536.41552039 7.77171326e+01
6536.47184103 3.84289513e+01
6536.52816167 -9.57943344e+00
6536.58448230 4.44109421e+01
6536.64080294 -3.05290985e+00
6536.69712357 1.83115234e+01
6536.75344421 4.75712967e+01
6536.80976484 1.16104736e+01
6536.86608548 -4.90859222e+00
6536.92240611 -1.75470390e+01
6536.97872675 -5.00603485e+00
6537.03504738 -3.86978531e+00
6537.09136802 8.48889160e+00
6537.14768866 4.29988747e+01
6537.20400929 1.52010612e+01
6537.26032993 3.29865761e+01
6537.31665056 4.25581512e+01
6537.37297120 4.55331802e+01
6537.42929183 1.16642189e+01
6537.48561247 -8.70806885e+00
6537.54193310 3.72551460e+01
6537.59825374 -1.96921539e+00
6537.65457438 8.11535263e+00
6537.71089501 3.68500290e+01
6537.76721565 5.28019257e+01
6537.82353628 -6.31311798e+00
6537.87985692 -8.90549088e+00
6537.93617755 2.38383331e+01
6537.99249819 2.55944977e+01
6538.04881882 -1.13965530e+01
6538.10513946 1.09418831e+01
6538.16146010 1.75166016e+01
6538.21778073 3.50478401e+01
6538.27410137 5.25215797e+01
6538.33042200 1.17742310e+01
6538.38674264 -1.68331375e+01
6538.44306327 3.85866165e+01
6538.49938391 2.07473755e+00
6538.55570454 6.08373413e+01
6538.61202518 -1.15310211e+01
6538.66834582 -3.60688019e+00
6538.72466645 2.65655518e+01
6538.78098709 8.91024780e+00
6538.83730772 3.78076935e+00
6538.89362836 -1.39086533e+01
6538.94994899 -2.13299522e+01
6539.00626963 -1.39480667e+01
6539.06259026 1.45124435e+01
6539.11891090 1.92743073e+01
6539.17523154 1.70154800e+01
6539.23155217 8.35380554e-01
6539.28787281 1.13444748e+01
6539.34419344 1.85368881e+01
6539.40051408 2.24678040e+00
6539.45683471 2.75080566e+01
6539.51315535 3.95445404e+01
6539.56947598 3.19927444e+01
6539.62579662 2.95204163e+01
6539.68211726 1.89139328e+01
6539.73843789 7.29988098e-01
6539.79475853 4.48904724e+01
6539.85107916 6.30903931e+01
6539.90739980 3.30260544e+01
6539.96372043 3.35105286e+01
6540.02004107 1.72868423e+01
6540.07636170 3.11306000e+00
6540.13268234 -1.38117142e+01
6540.18900298 -3.37980652e+00
6540.24532361 3.25027390e+01
6540.30164425 -1.60236359e+00
6540.35796488 -2.07541275e+01
6540.41428552 1.76480408e+01
6540.47060615 5.24050903e+00
6540.52692679 -5.94297028e+00
6540.58324742 2.41977386e+01
6540.63956806 -3.92936707e+00
6540.69588870 1.62427979e+01
6540.75220933 3.09423523e+01
6540.80852997 -1.28725891e+01
6540.86485060 -2.32559204e+00
6540.92117124 1.94260864e+01
6540.97749187 3.26244812e+01
6541.03381251 6.60056305e+00
6541.09013314 -1.31254616e+01
6541.14645378 -4.51783142e+01
6541.20277442 -3.39358521e+00
6541.25909505 1.92970123e+01
6541.31541569 1.57235489e+01
6541.37173632 7.26757812e+00
6541.42805696 6.03210030e+01
6541.48437759 -2.86452484e+00
6541.54069823 1.10145111e+01
6541.59701886 5.13793526e+01
6541.65333950 1.57159157e+01
6541.70966014 2.93174744e-01
6541.76598077 9.48985291e+00
6541.82230141 3.17272949e+01
6541.87862204 3.56461945e+01
6541.93494268 -1.63650513e+01
6541.99126331 -3.45216751e+01
6542.04758395 4.42650833e+01
6542.10390458 3.68841553e+00
6542.16022522 -2.08980255e+01
6542.21654586 3.72989731e+01
6542.27286649 2.57127686e+01
6542.32918713 3.06661148e+01
6542.38550776 4.94364510e+01
6542.44182840 1.49604797e+00
6542.49814903 1.82557335e+01
6542.55446967 -2.54312439e+01
6542.61079030 2.95938416e+01
6542.66711094 4.89396362e+01
6542.72343158 -1.10186157e+01
6542.77975221 2.53820496e+01
6542.83607285 3.29030914e+01
6542.89239348 -7.58902740e+00
6542.94871412 8.75346375e+00
6543.00503475 3.33329086e+01
6543.06135539 -3.80121384e+01
6543.11767602 3.83332214e+01
6543.17399666 3.24443436e+01
6543.23031729 -5.15993118e+00
6543.28663793 6.99251556e+00
6543.34295857 -3.49456787e-01
6543.39927920 3.39278030e+01
6543.45559984 4.44552994e+01
6543.51192047 -3.00985985e+01
6543.56824111 -1.18242836e+01
6543.62456174 -2.96693306e+01
6543.68088238 -3.36253967e+01
6543.73720301 -4.50280762e+00
6543.79352365 4.89787941e+01
6543.84984429 6.42068481e+00
6543.90616492 8.86479950e+00
6543.96248556 -1.09225502e+01
6544.01880619 3.27871704e+00
6544.07512683 1.20563431e+01
6544.13144746 -2.86286697e+01
6544.18776810 1.05510330e+00
6544.24408873 -8.33146667e+00
6544.30040937 2.57529678e+01
6544.35673001 3.07856369e+01
6544.41305064 -1.29319458e+01
6544.46937128 6.84931946e+00
6544.52569191 -7.93698120e+00
6544.58201255 3.40489578e+01
6544.63833318 3.91807632e+01
6544.69465382 4.86874962e+01
6544.75097445 1.82162094e+01
6544.80729509 1.18580322e+01
6544.86361573 3.61784859e+01
6544.91993636 1.95362282e+01
6544.97625700 2.14696579e+01
6545.03257763 3.68946762e+01
6545.08889827 -2.33073196e+01
6545.14521890 7.39691925e+00
6545.20153954 7.73766327e+00
6545.25786017 1.39235344e+01
6545.31418081 3.61177216e+01
6545.37050145 -3.90042915e+01
6545.42682208 3.59128876e+01
6545.48314272 6.00035133e+01
6545.53946335 1.68292236e+01
6545.59578399 2.89289246e+01
6545.65210462 8.82878113e+00
6545.70842526 2.00547523e+01
6545.76474589 3.14406624e+01
6545.82106653 4.71717834e-01
6545.87738717 3.50333443e+01
6545.93370780 2.89241333e+01
6545.99002844 -1.57732544e+01
6546.04634907 1.04814911e+01
6546.10266971 7.22357178e+00
6546.15899034 1.96202316e+01
6546.21531098 2.02177963e+01
6546.27163161 1.02393799e+01
6546.32795225 3.37234726e+01
6546.38427289 4.65252151e+01
6546.44059352 5.86311646e+01
6546.49691416 3.77574539e+01
6546.55323479 3.02619934e+01
6546.60955543 1.51726837e+01
6546.66587606 2.05465698e+01
6546.72219670 4.90846176e+01
6546.77851733 4.37016830e+01
6546.83483797 -1.31316376e+00
6546.89115861 5.10311813e+01
6546.94747924 2.89394226e+01
6547.00379988 8.03437881e+01
6547.06012051 8.01730499e+01
6547.11644115 1.01558838e+02
6547.17276178 8.92416534e+01
6547.22908242 1.35596970e+02
6547.28540305 9.54897995e+01
6547.34172369 2.03533524e+02
6547.39804433 1.81758911e+02
6547.45436496 2.50074219e+02
6547.51068560 2.27359894e+02
6547.56700623 2.82798645e+02
6547.62332687 2.75172699e+02
6547.67964750 3.20872620e+02
6547.73596814 3.32848328e+02
6547.79228877 3.43556061e+02
6547.84860941 3.59053772e+02
6547.90493005 4.02982483e+02
6547.96125068 3.64927765e+02
6548.01757132 3.61257812e+02
6548.07389195 3.03166718e+02
6548.13021259 2.70593903e+02
6548.18653322 3.25275665e+02
6548.24285386 3.12132690e+02
6548.29917449 3.07254456e+02
6548.35549513 2.69790894e+02
6548.41181577 2.27562408e+02
6548.46813640 1.47681641e+02
6548.52445704 1.48165817e+02
6548.58077767 1.39490204e+02
6548.63709831 9.71689148e+01
6548.69341894 1.09191498e+02
6548.74973958 6.89523468e+01
6548.80606021 4.55985107e+01
6548.86238085 5.45451813e+01
6548.91870149 1.45908508e+01
6548.97502212 4.25597610e+01
6549.03134276 1.35504074e+01
6549.08766339 5.77872696e+01
6549.14398403 1.21068573e+01
6549.20030466 -1.11492157e+00
6549.25662530 4.00018616e+01
6549.31294593 6.22130585e+00
6549.36926657 5.82390900e+01
6549.42558720 6.76418304e+00
6549.48190784 1.04731216e+01
6549.53822848 3.41995316e+01
6549.59454911 -1.05535355e+01
6549.65086975 2.31483078e+01
6549.70719038 3.86734009e-01
6549.76351102 -1.05534973e+01
6549.81983165 -9.61050415e+00
6549.87615229 1.52666016e+01
6549.93247292 6.75284882e+01
6549.98879356 4.22190857e+01
6550.04511420 -4.18112183e+00
6550.10143483 -4.29820023e+01
6550.15775547 4.12355042e+00
6550.21407610 3.33854675e-01
6550.27039674 3.34204407e+01
6550.32671737 -2.09304047e+00
6550.38303801 2.74748459e+01
6550.43935864 3.17380829e+01
6550.49567928 2.03410950e+01
6550.55199992 3.80951004e+01
6550.60832055 3.71272964e+01
6550.66464119 2.64175720e+01
6550.72096182 3.10689163e+01
6550.77728246 3.95558472e+01
6550.83360309 2.05606537e+01
6550.88992373 -3.25073242e+00
6550.94624436 1.10993958e+00
6551.00256500 1.89865875e+00
6551.05888564 5.76713562e+00
6551.11520627 2.85754204e+01
6551.17152691 7.35584259e+00
6551.22784754 -8.14035034e+00
6551.28416818 -4.96470642e+00
6551.34048881 1.67372742e+01
6551.39680945 7.47814178e+00
6551.45313008 4.70969162e+01
6551.50945072 4.11325684e+01
6551.56577136 1.70263901e+01
6551.62209199 4.15074196e+01
6551.67841263 2.79051666e+01
6551.73473326 4.69340515e+00
6551.79105390 2.76356735e+01
6551.84737453 8.42761993e+00
6551.90369517 1.62608261e+01
6551.96001580 -3.08665466e+00
6552.01633644 -3.04558792e+01
6552.07265708 1.60868378e+01
6552.12897771 -8.55479431e+00
6552.18529835 -1.21656265e+01
6552.24161898 1.62374878e+01
6552.29793962 3.15485802e+01
6552.35426025 1.80501556e+00
6552.41058089 1.22366104e+01
6552.46690152 5.84159851e+00
6552.52322216 -2.29681168e+01
6552.57954280 1.01610718e+01
6552.63586343 2.89306564e+01
6552.69218407 -1.15600433e+01
6552.74850470 -3.44489975e+01
6552.80482534 -2.65823517e+01
6552.86114597 6.15953140e+01
6552.91746661 4.57050323e+00
6552.97378724 1.81357040e+01
6553.03010788 5.71728783e+01
6553.08642852 3.37920074e+01
6553.14274915 2.84323044e+01
6553.19906979 2.46637764e+01
6553.25539042 8.10597229e+00
6553.31171106 2.49829407e+01
6553.36803169 1.16485291e+01
6553.42435233 3.61610870e+01
6553.48067296 3.36516800e+01
6553.53699360 5.13724518e+00
6553.59331424 -4.93370934e+01
6553.64963487 1.12472229e+01
6553.70595551 3.71911011e+01
6553.76227614 2.93778839e+01
6553.81859678 3.14622040e+01
6553.87491741 7.59150696e+00
6553.93123805 1.25160675e+01
6553.98755868 -1.43234634e+01
6554.04387932 1.39274597e+00
6554.10019996 2.49440765e+00
6554.15652059 -1.78914490e+01
6554.21284123 2.87516022e+00
6554.26916186 -2.00186577e+01
6554.32548250 3.02391739e+01
6554.38180313 2.56645203e-01
6554.43812377 1.32023544e+01
6554.49444440 3.22600250e+01
6554.55076504 2.88102036e+01
6554.60708568 3.55307083e+01
6554.66340631 1.58490791e+01
6554.71972695 1.72499924e+01
6554.77604758 7.65551758e+00
6554.83236822 4.37284088e+00
6554.88868885 -3.93520355e+00
6554.94500949 2.67275848e+01
6555.00133012 8.94640350e+00
6555.05765076 2.36920776e+01
6555.11397140 3.31222076e+01
6555.17029203 -1.91546631e+00
6555.22661267 9.68306732e+00
6555.28293330 1.83613586e+00
6555.33925394 -1.80844345e+01
6555.39557457 2.07476273e+01
6555.45189521 8.23397446e+00
6555.50821584 -4.60813980e+01
6555.56453648 -2.96142578e+01
6555.62085712 8.26258087e+00
6555.67717775 -1.26641617e+01
6555.73349839 -3.14367371e+01
6555.78981902 3.36304092e+01
6555.84613966 1.04556046e+01
6555.90246029 5.19595337e+00
6555.95878093 -2.00440063e+01
6556.01510156 9.92472839e+00
6556.07142220 3.92136993e+01
6556.12774283 1.65301056e+01
6556.18406347 -8.55975342e+00
6556.24038411 2.29806747e+01
6556.29670474 -2.46914520e+01
6556.35302538 -1.52964325e+01
6556.40934601 -6.53238678e+00
6556.46566665 1.84835739e+01
6556.52198728 -5.76329041e+00
6556.57830792 -5.48880768e+00
6556.63462855 1.43552551e+01
6556.69094919 2.24349289e+01
6556.74726983 2.15912323e+01
6556.80359046 -1.03907928e+01
6556.85991110 -5.22060394e+00
6556.91623173 -1.41051483e+00
6556.97255237 -3.10177231e+01
6557.02887300 -1.53635254e+01
6557.08519364 6.07055893e+01
6557.14151427 4.96921310e+01
6557.19783491 -1.34359741e+00
6557.25415555 3.64442291e+01
6557.31047618 -3.26051788e+01
6557.36679682 -1.36951027e+01
6557.42311745 -6.94437408e+00
6557.47943809 3.49524536e+01
6557.53575872 8.62079239e+00
6557.59207936 2.83912888e+01
6557.64839999 -3.45442505e+01
6557.70472063 -4.31521950e+01
6557.76104127 -2.80965424e+00
6557.81736190 -3.44989243e+01
6557.87368254 6.31714630e+00
6557.93000317 2.86716080e+01
6557.98632381 -7.32315063e-01
6558.04264444 -4.73991394e+00
6558.09896508 -1.37440872e+01
6558.15528571 2.38810730e+00
6558.21160635 -1.58868370e+01
6558.26792699 -2.02164230e+01
6558.32424762 2.46117706e+01
6558.38056826 5.29556274e+01
6558.43688889 6.86821976e+01
6558.49320953 4.81493378e+00
6558.54953016 5.23079338e+01
6558.60585080 3.76691284e+01
6558.66217143 4.62387924e+01
6558.71849207 1.30540619e+01
6558.77481271 -9.69288635e+00
6558.83113334 6.30924530e+01
6558.88745398 -1.82952881e-01
6558.94377461 6.36417465e+01
6559.00009525 -2.66569290e+01
6559.05641588 1.09711456e+01
6559.11273652 3.77432556e+01
6559.16905715 4.10481415e+01
6559.22537779 1.55398407e+01
6559.28169843 1.14513626e+01
6559.33801906 -4.71419525e+00
6559.39433970 3.56577682e+01
6559.45066033 1.93621635e+01
6559.50698097 2.76043320e+01
6559.56330160 -5.75603485e+00
6559.61962224 3.97574615e+00
6559.67594287 6.56856384e+01
6559.73226351 4.40397110e+01
6559.78858415 2.29897385e+01
6559.84490478 5.30641937e+00
6559.90122542 5.03168640e+01
6559.95754605 1.55120621e+01
6560.01386669 -2.97035217e-01
6560.07018732 3.69730530e+01
6560.12650796 5.69759521e+01
6560.18282859 -2.78749847e+00
6560.23914923 6.96749115e+00
6560.29546987 2.36346664e+01
6560.35179050 2.02411957e+01
6560.40811114 2.30420532e+01
6560.46443177 3.32602997e+01
6560.52075241 7.79795761e+01
6560.57707304 2.95304108e+01
6560.63339368 -1.01942902e+01
6560.68971431 4.30410080e+01
6560.74603495 6.78133545e+01
6560.80235559 5.11987000e+01
6560.85867622 6.23882446e+01
6560.91499686 7.40521622e+01
6560.97131749 8.83420029e+01
6561.02763813 1.24307495e+02
6561.08395876 8.35047379e+01
6561.14027940 1.05195320e+02
6561.19660003 1.21170364e+02
6561.25292067 7.04386368e+01
6561.30924131 1.42630951e+02
6561.36556194 1.78775574e+02
6561.42188258 1.84572113e+02
6561.47820321 1.93941055e+02
6561.53452385 2.50406830e+02
6561.59084448 2.71605011e+02
6561.64716512 3.30994324e+02
6561.70348575 3.87016571e+02
6561.75980639 4.29883240e+02
6561.81612703 5.05067566e+02
6561.87244766 6.22574524e+02
6561.92876830 7.60081787e+02
6561.98508893 8.64314880e+02
6562.04140957 1.01963611e+03
6562.09773020 1.20714832e+03
6562.15405084 1.37366333e+03
6562.21037147 1.60795679e+03
6562.26669211 1.83435657e+03
6562.32301274 2.12250342e+03
6562.37933338 2.39186426e+03
6562.43565402 2.73824487e+03
6562.49197465 2.91659790e+03
6562.54829529 3.13036377e+03
6562.60461592 3.19161084e+03
6562.66093656 3.47185107e+03
6562.71725719 3.39554956e+03
6562.77357783 3.48288818e+03
6562.82989846 3.57282275e+03
6562.88621910 3.38009668e+03
6562.94253974 3.42143579e+03
6562.99886037 3.03264771e+03
6563.05518101 3.02974561e+03
6563.11150164 2.79788452e+03
6563.16782228 2.64216040e+03
6563.22414291 2.34609082e+03
6563.28046355 2.16966357e+03
6563.33678418 1.79534460e+03
6563.39310482 1.73316284e+03
6563.44942546 1.37315918e+03
6563.50574609 1.27908203e+03
6563.56206673 1.07649658e+03
6563.61838736 9.25564087e+02
6563.67470800 7.03074951e+02
6563.73102863 6.40138794e+02
6563.78734927 5.53819580e+02
6563.84366990 4.70814392e+02
6563.89999054 3.39143494e+02
6563.95631118 2.83636780e+02
6564.01263181 2.82727112e+02
6564.06895245 2.13727356e+02
6564.12527308 1.81378983e+02
6564.18159372 1.03853989e+02
6564.23791435 1.17481110e+02
6564.29423499 9.79796143e+01
6564.35055562 1.00869934e+02
6564.40687626 5.81575470e+01
6564.46319690 7.71619720e+01
6564.51951753 5.93297729e+01
6564.57583817 6.32639465e+01
6564.63215880 6.62317429e+01
6564.68847944 4.79811172e+01
6564.74480007 2.71959915e+01
6564.80112071 1.56400986e+01
6564.85744134 4.75573807e+01
6564.91376198 -4.01012421e+00
6564.97008262 1.31561127e+01
6565.02640325 -2.06602936e+01
6565.08272389 3.72687073e+01
6565.13904452 1.65270844e+01
6565.19536516 2.93145752e+00
6565.25168579 -1.09758759e+01
6565.30800643 -8.50656128e+00
6565.36432706 3.08228455e+01
6565.42064770 1.89609909e+01
6565.47696834 1.74385910e+01
6565.53328897 2.54355850e+01
6565.58960961 -3.47349548e+00
6565.64593024 2.24698563e+01
6565.70225088 5.06637878e+01
6565.75857151 1.66049957e+00
6565.81489215 -3.60102539e+01
6565.87121278 -2.49701233e+01
6565.92753342 -1.24762688e+01
6565.98385406 3.82187805e+01
6566.04017469 1.99366379e+01
6566.09649533 -2.29130516e+01
6566.15281596 2.15807495e+01
6566.20913660 1.60878906e+01
6566.26545723 3.33315392e+01
6566.32177787 6.48056030e-01
6566.37809850 -2.07200813e+01
6566.43441914 4.26788368e+01
6566.49073978 1.97277374e+01
6566.54706041 2.15454254e+01
6566.60338105 -1.04041519e+01
6566.65970168 1.18714981e+01
6566.71602232 2.29469681e+01
6566.77234295 4.96881866e+00
6566.82866359 2.26024551e+01
6566.88498422 3.28674316e-01
6566.94130486 2.97231064e+01
6566.99762550 3.36791840e+01
6567.05394613 2.10571594e+01
6567.11026677 2.23664093e+00
6567.16658740 3.82095566e+01
6567.22290804 -6.41252136e+00
6567.27922867 4.06523132e+01
6567.33554931 1.71439896e+01
6567.39186994 2.52460556e+01
6567.44819058 -5.58296204e-01
6567.50451122 1.05709724e+01
6567.56083185 2.03121948e+01
6567.61715249 6.24233246e+00
6567.67347312 7.32585907e+00
6567.72979376 9.97268677e-01
6567.78611439 3.69922791e+01
6567.84243503 -2.74053955e+00
6567.89875566 1.25902100e+01
6567.95507630 1.41907349e+01
6568.01139694 1.20124817e+01
6568.06771757 -1.10359192e+00
6568.12403821 1.48899689e+01
6568.18035884 4.24596710e+01
6568.23667948 1.56749344e+01
6568.29300011 4.53284454e+00
6568.34932075 1.98166313e+01
6568.40564138 -4.35729828e+01
6568.46196202 -1.34725647e+01
6568.51828265 2.08411331e+01
6568.57460329 -4.62760201e+01
6568.63092393 -2.52097855e+01
6568.68724456 2.16040115e+01
6568.74356520 2.47884293e+01
6568.79988583 -5.49208069e+00
6568.85620647 -6.61442566e+00
6568.91252710 -3.02218857e+01
6568.96884774 1.35921478e+00
6569.02516837 3.26569366e+00
6569.08148901 -1.13312149e+01
6569.13780965 3.49058075e+01
6569.19413028 -1.79022331e+01
6569.25045092 1.55458908e+01
6569.30677155 -9.36203003e-02
6569.36309219 -2.03798523e+01
6569.41941282 -3.34195328e+01
6569.47573346 3.06086502e+01
6569.53205409 1.81279602e+01
6569.58837473 2.99276085e+01
6569.64469537 3.54491692e+01
6569.70101600 -8.59047699e+00
6569.75733664 3.39627686e+01
6569.81365727 -1.42992325e+01
6569.86997791 4.80251770e+01
6569.92629854 3.65966110e+01
6569.98261918 -2.22366333e+00
6570.03893981 6.98766327e+00
6570.09526045 4.36538162e+01
6570.15158109 2.61681366e+00
6570.20790172 3.62534637e+01
6570.26422236 4.38441620e+01
6570.32054299 2.88104935e+01
6570.37686363 -6.52557373e+00
6570.43318426 -8.18453217e+00
6570.48950490 2.43235397e+01
6570.54582553 -1.85349846e+01
6570.60214617 2.03751373e+00
6570.65846681 -2.71891785e+00
6570.71478744 2.18507233e+01
6570.77110808 3.68890991e+01
6570.82742871 -2.15031052e+01
6570.88374935 -1.42385864e+01
6570.94006998 -3.69548111e+01
6570.99639062 -6.72255707e+00
6571.05271125 -1.04219284e+01
6571.10903189 -4.94292450e+00
6571.16535253 2.53988953e+01
6571.22167316 -9.37901688e+00
6571.27799380 2.36479568e+01
6571.33431443 1.48015518e+01
6571.39063507 8.61831665e-01
6571.44695570 1.19059830e+01
6571.50327634 2.11202850e+01
6571.55959697 -7.71768188e+00
6571.61591761 3.28235931e+01
6571.67223825 -1.10464478e+01
6571.72855888 -1.61540985e-01
6571.78487952 1.85340271e+01
6571.84120015 2.00736237e+01
6571.89752079 6.54284821e+01
6571.95384142 3.10319366e+01
6572.01016206 7.50079803e+01
6572.06648269 2.57213058e+01
6572.12280333 2.21949539e+01
6572.17912397 -2.16420212e+01
6572.23544460 4.51060486e+00
6572.29176524 -1.04627991e+01
6572.34808587 -4.27035484e+01
6572.40440651 -1.41727448e+00
6572.46072714 2.42969894e+01
6572.51704778 4.90124741e+01
6572.57336841 2.69649734e+01
6572.62968905 3.82673569e+01
6572.68600969 1.31036530e+01
6572.74233032 -6.26686096e-01
6572.79865096 -9.12895203e-01
6572.85497159 5.44564819e+00
6572.91129223 1.36379318e+01
6572.96761286 4.75015793e+01
6573.02393350 3.54832153e+01
6573.08025413 5.91249847e+00
6573.13657477 -1.11387482e+01
6573.19289541 3.84821548e+01
6573.24921604 5.45062256e+00
6573.30553668 2.14270744e+01
6573.36185731 2.01447754e+01
6573.41817795 3.56609726e+01
6573.47449858 2.03471298e+01
6573.53081922 6.32608414e+01
6573.58713985 -1.94205475e+01
6573.64346049 1.55898819e+01
6573.69978113 -1.41352997e+01
6573.75610176 1.06690369e+01
6573.81242240 -6.13557434e+00
6573.86874303 1.67982635e+01
6573.92506367 -2.21804047e+01
6573.98138430 3.49302750e+01
6574.03770494 4.89427185e+00
6574.09402557 4.30876999e+01
6574.15034621 -3.21417618e+01
6574.20666685 2.40686646e+01
6574.26298748 3.40666199e+01
6574.31930812 3.16500282e+01
6574.37562875 -1.54855118e+01
6574.43194939 2.98351517e+01
6574.48827002 6.94147491e+00
6574.54459066 -2.50683594e+00
6574.60091129 -1.96356201e+00
6574.65723193 2.81313400e+01
6574.71355257 1.63393402e+01
6574.76987320 1.36035309e+01
6574.82619384 2.74706039e+01
6574.88251447 5.08279800e+00
6574.93883511 -1.42475357e+01
6574.99515574 -8.18865967e+00
6575.05147638 -2.35059052e+01
6575.10779701 1.37409210e+00
6575.16411765 2.13376389e+01
6575.22043828 1.63477402e+01
6575.27675892 1.29545746e+01
6575.33307956 -5.88905334e-01
6575.38940019 4.82416267e+01
6575.44572083 -1.05726929e+01
6575.50204146 -4.07788086e+00
6575.55836210 1.02558022e+02
6575.61468273 2.79658508e+01
6575.67100337 2.40893097e+01
6575.72732400 -6.24351501e-01
6575.78364464 2.72588348e+00
6575.83996528 -1.45110092e+01
6575.89628591 1.26296005e+01
6575.95260655 3.11541901e+01
6576.00892718 5.27725716e+01
6576.06524782 4.12605667e+01
6576.12156845 3.02185936e+01
6576.17788909 1.30335236e+00
6576.23420972 -1.42364502e-01
6576.29053036 2.63300934e+01
6576.34685100 5.11915588e+00
6576.40317163 1.09196091e+01
6576.45949227 2.03887444e+01
6576.51581290 -1.02348175e+01
6576.57213354 1.82175980e+01
6576.62845417 -5.78211975e+00
6576.68477481 8.02441406e+00
6576.74109544 6.38374710e+01
6576.79741608 2.68252182e+01
6576.85373672 3.65422058e+00
6576.91005735 5.32811050e+01
6576.96637799 2.79134521e+01
6577.02269862 2.08088760e+01
6577.07901926 3.56256180e+01
6577.13533989 2.03834763e+01
6577.19166053 4.73821945e+01
6577.24798116 2.40944901e+01
6577.30430180 1.98651657e+01
6577.36062244 5.16601562e+00
6577.41694307 -1.86015396e+01
6577.47326371 3.80443115e+01
6577.52958434 9.36696625e+00
6577.58590498 -6.01119995e-02
6577.64222561 4.19863892e+00
6577.69854625 2.20802078e+01
6577.75486688 -2.53566399e+01
6577.81118752 -1.58649445e+00
6577.86750816 3.87722015e+01
6577.92382879 5.59488678e+00
6577.98014943 5.11170197e+00
6578.03647006 1.22582474e+01
6578.09279070 8.49494934e+00
6578.14911133 3.18262863e+01
6578.20543197 -3.65457916e+00
6578.26175260 1.13115692e+00
6578.31807324 1.35356750e+01
6578.37439388 5.19658241e+01
6578.43071451 3.85834274e+01
6578.48703515 -7.43173218e+00
6578.54335578 -9.16590118e+00
6578.59967642 3.54271317e+01
6578.65599705 -4.77042046e+01
6578.71231769 2.29054680e+01
6578.76863832 6.26540375e+00
6578.82495896 2.67098236e+00
6578.88127960 2.55877914e+01
6578.93760023 3.42248230e+01
6578.99392087 -9.65036774e+00
6579.05024150 4.53273697e+01
6579.10656214 -8.52367401e+00
6579.16288277 -2.86084747e+00
6579.21920341 1.29267120e+00
6579.27552404 3.04131889e+01
6579.33184468 -1.09576492e+01
6579.38816532 2.30331230e+01
6579.44448595 1.39724960e+01
6579.50080659 3.13043137e+01
6579.55712722 -1.16719055e+01
6579.61344786 -3.78282166e+00
6579.66976849 4.87866135e+01
6579.72608913 2.21870728e+01
6579.78240976 1.48575363e+01
6579.83873040 1.18568192e+01
6579.89505104 -6.32162476e+00
6579.95137167 1.37609787e+01
6580.00769231 5.10974884e+00
6580.06401294 -3.39508057e-01
6580.12033358 -1.49488754e+01
6580.17665421 -8.11192322e+00
6580.23297485 -8.23132324e+00
6580.28929548 1.40628357e+01
6580.34561612 4.43313446e+01
6580.40193676 1.05462112e+01
6580.45825739 -1.89713097e+01
6580.51457803 2.25790100e+01
6580.57089866 3.26287460e+01
6580.62721930 3.33263855e+01
6580.68353993 1.60135345e+01
6580.73986057 -3.49673462e+00
6580.79618120 -7.35965729e+00
6580.85250184 9.17214966e+00
6580.90882248 -2.88501892e+01
6580.96514311 6.20788040e+01
6581.02146375 -4.23189354e+01
6581.07778438 1.23144073e+01
6581.13410502 4.39149513e+01
6581.19042565 3.16150208e+01
6581.24674629 3.35121231e+01
6581.30306692 4.30658951e+01
6581.35938756 1.01262817e+01
6581.41570819 8.06124115e+00
6581.47202883 2.22956543e+01
6581.52834947 4.56268311e-01
6581.58467010 7.26338196e+00
6581.64099074 7.49855042e-01
6581.69731137 4.24584579e+01
6581.75363201 1.92945633e+01
6581.80995264 -7.77360535e+00
6581.86627328 5.46441650e+00
6581.92259391 7.14540329e+01
6581.97891455 8.24562073e+00
6582.03523519 3.00771713e+01
6582.09155582 2.70429764e+01
6582.14787646 3.19626007e+01
6582.20419709 4.09462585e+01
6582.26051773 5.06112061e+01
6582.31683836 5.65017624e+01
6582.37315900 1.33737579e+02
6582.42947963 5.71986694e+01
6582.48580027 8.25070038e+01
6582.54212091 1.14913063e+02
6582.59844154 1.31993347e+02
6582.65476218 1.47607635e+02
6582.71108281 2.01379211e+02
6582.76740345 2.76532166e+02
6582.82372408 2.99298523e+02
6582.88004472 3.83807190e+02
6582.93636535 4.34902008e+02
6582.99268599 4.37490601e+02
6583.04900663 4.81946838e+02
6583.10532726 5.95942749e+02
6583.16164790 5.96403931e+02
6583.21796853 6.46292419e+02
6583.27428917 6.65922791e+02
6583.33060980 6.60723450e+02
6583.38693044 7.09047974e+02
6583.44325107 5.91776428e+02
6583.49957171 6.18091309e+02
6583.55589235 5.60384277e+02
6583.61221298 5.54100464e+02
6583.66853362 4.85587952e+02
6583.72485425 4.87010651e+02
6583.78117489 4.36782715e+02
6583.83749552 3.75027344e+02
6583.89381616 3.21062622e+02
6583.95013679 3.56636444e+02
6584.00645743 2.64995636e+02
6584.06277807 1.85921875e+02
6584.11909870 1.25502892e+02
6584.17541934 1.73492859e+02
6584.23173997 1.35214355e+02
6584.28806061 8.82041626e+01
6584.34438124 1.06806061e+02
6584.40070188 4.62911377e+01
6584.45702251 8.81041489e+01
6584.51334315 7.44814072e+01
6584.56966379 5.34672699e+01
6584.62598442 3.27151947e+01
6584.68230506 2.53999786e+01
6584.73862569 3.08762589e+01
6584.79494633 5.08903961e+01
6584.85126696 4.97949486e+01
6584.90758760 3.41252060e+01
6584.96390823 1.50217819e+01
6585.02022887 1.82442093e+01
6585.07654951 -2.20175247e+01
6585.13287014 6.44633026e+01
6585.18919078 -1.49240685e+01
6585.24551141 1.33889389e+00
6585.30183205 -1.67311096e+00
6585.35815268 2.96398621e+01
6585.41447332 -2.64948044e+01
6585.47079395 4.12952042e+01
6585.52711459 2.23376236e+01
6585.58343523 3.76864166e+01
6585.63975586 1.40384216e+01
6585.69607650 -2.31460648e+01
6585.75239713 -2.22954788e+01
6585.80871777 -1.62861710e+01
6585.86503840 4.63119354e+01
6585.92135904 2.90761795e+01
6585.97767967 -9.64431763e-02
6586.03400031 3.92249222e+01
6586.09032095 -2.31322670e+01
6586.14664158 3.08999329e+01
6586.20296222 -1.80099983e+01
6586.25928285 1.70572586e+01
6586.31560349 -3.27802277e+00
6586.37192412 3.47692871e+00
6586.42824476 -1.22908096e+01
6586.48456539 2.30481339e+01
6586.54088603 5.04691315e+00
6586.59720667 1.41548157e+00
6586.65352730 2.21057281e+01
6586.70984794 9.52629089e-01
6586.76616857 -1.48096390e+01
6586.82248921 5.39336777e+00
6586.87880984 2.32669373e+01
6586.93513048 2.13612595e+01
6586.99145111 2.32074432e+01
6587.04777175 -1.95907440e+01
6587.10409239 -5.96964493e+01
6587.16041302 7.70237732e+00
6587.21673366 1.66730804e+01
6587.27305429 3.92375488e+01
6587.32937493 -2.96990433e+01
6587.38569556 3.63294449e+01
6587.44201620 -1.25902481e+01
6587.49833683 2.19223328e+01
6587.55465747 -8.01942444e+00
6587.61097810 -4.20879211e+01
6587.66729874 4.34597015e+00
6587.72361938 7.52515793e+01
6587.77994001 1.80575333e+01
6587.83626065 9.35417175e-01
6587.89258128 3.25564194e+00
6587.94890192 3.23421249e+01
6588.00522255 4.09425354e+01
6588.06154319 -2.89388275e+00
6588.11786382 2.12364883e+01
6588.17418446 3.20478897e+01
6588.23050510 1.25514603e+01
6588.28682573 3.63224716e+01
6588.34314637 2.68620071e+01
6588.39946700 -2.20408821e+01
6588.45578764 1.22611237e+01
6588.51210827 9.72989273e+00
