# Rest-frame spectrum generated from: M106B0002o_1d.fits
# lambda_Ha_obs = 6575.56600000 Angstrom
# lambda_Ha_rest = 6562.80000000 Angstrom
# z_Ha = 1.9452063144e-03
# v_Ha_relativistic = 582.591002 km/s
# v_Ha_classical = 583.158182 km/s
# columns: wavelength_rest[Angstrom] flux_or_counts

6531.52189315 -1.69375343e+01
6531.57814939 -1.69399071e+01
6531.63440562 -1.69387169e+01
6531.69066186 -1.69380722e+01
6531.74691809 -1.69403687e+01
6531.80317433 -1.69379120e+01
6531.85943056 -1.69375381e+01
6531.91568680 -1.69363861e+01
6531.97194303 -1.69384956e+01
6532.02819927 -1.69386978e+01
6532.08445550 -1.69378700e+01
6532.14071174 -1.69387932e+01
6532.19696797 -1.69378738e+01
6532.25322421 -1.69400406e+01
6532.30948044 -1.69399529e+01
6532.36573668 -1.69430084e+01
6532.42199291 -1.69406242e+01
6532.47824915 -1.69437141e+01
6532.53450538 -1.69425163e+01
6532.59076162 -2.95980988e+01
6532.64701785 -2.22593498e+01
6532.70327409 1.98291893e+01
6532.75953032 1.02839508e+01
6532.81578656 6.67954254e+00
6532.87204279 3.45521545e+00
6532.92829903 4.25067787e+01
6532.98455526 7.05812836e+00
6533.04081150 -6.46393967e+00
6533.09706773 5.39058304e+00
6533.15332397 -4.22918015e+01
6533.20958020 2.69243469e+01
6533.26583644 -2.83166542e+01
6533.32209267 3.47308273e+01
6533.37834891 2.77452545e+01
6533.43460514 3.26207886e+01
6533.49086138 4.69497681e-01
6533.54711761 -2.09672813e+01
6533.60337385 3.24821510e+01
6533.65963008 7.71130981e+01
6533.71588632 1.37249908e+01
6533.77214255 -2.92031860e+00
6533.82839879 3.37507324e+01
6533.88465502 3.98447418e+00
6533.94091126 6.61369324e-01
6533.99716750 3.20307426e+01
6534.05342373 3.98149757e+01
6534.10967997 2.40471916e+01
6534.16593620 3.98810234e+01
6534.22219244 7.51214600e+01
6534.27844867 2.74162331e+01
6534.33470491 -2.87093887e+01
6534.39096114 -2.86941452e+01
6534.44721738 1.55241165e+01
6534.50347361 6.84120941e+00
6534.55972985 1.81558228e+00
6534.61598608 1.70833206e+01
6534.67224232 3.72572327e+00
6534.72849855 -1.23416138e+00
6534.78475479 2.58663940e+00
6534.84101102 2.10335617e+01
6534.89726726 1.18725777e+01
6534.95352349 3.97752609e+01
6535.00977973 1.42573166e+01
6535.06603596 -6.97871017e+00
6535.12229220 2.29402390e+01
6535.17854843 6.53453064e+00
6535.23480467 2.10054016e+00
6535.29106090 1.53780479e+01
6535.34731714 -2.20531731e+01
6535.40357337 -5.29955292e+00
6535.45982961 2.76339493e+01
6535.51608584 -1.53600311e+01
6535.57234208 1.45213470e+01
6535.62859831 -7.73786926e+00
6535.68485455 -2.60793304e+00
6535.74111078 3.01101913e+01
6535.79736702 1.61735764e+01
6535.85362325 5.17307434e+01
6535.90987949 5.41666031e+00
6535.96613572 1.39982910e+01
6536.02239196 1.42295952e+01
6536.07864819 -5.01800957e+01
6536.13490443 -1.18838730e+01
6536.19116066 2.90281677e+01
6536.24741690 -3.04464455e+01
6536.30367313 -3.01483154e+00
6536.35992937 -1.02911415e+01
6536.41618560 1.59825859e+01
6536.47244184 2.09341431e+01
6536.52869807 6.34644432e+01
6536.58495431 2.22721710e+01
6536.64121054 -6.90960693e+00
6536.69746678 1.01112366e+01
6536.75372301 -1.64131165e+00
6536.80997925 -2.31440125e+01
6536.86623548 2.73661652e+01
6536.92249172 6.51293182e+00
6536.97874795 2.96369171e+01
6537.03500419 4.05893784e+01
6537.09126042 3.06386795e+01
6537.14751666 1.95867081e+01
6537.20377289 2.32192154e+01
6537.26002913 2.82292290e+01
6537.31628536 3.63325539e+01
6537.37254160 8.21675873e+00
6537.42879783 2.26702652e+01
6537.48505407 1.89776840e+01
6537.54131030 3.00451279e+01
6537.59756654 9.59223175e+00
6537.65382277 1.84243927e+01
6537.71007901 2.21211395e+01
6537.76633524 -2.39645386e+01
6537.82259148 3.61736145e+01
6537.87884771 5.27689629e+01
6537.93510395 1.45267410e+01
6537.99136018 3.69606018e+01
6538.04761642 -1.74484100e+01
6538.10387265 -2.30998535e+01
6538.16012889 -2.60521545e+01
6538.21638512 2.53308105e+00
6538.27264136 2.81725998e+01
6538.32889760 3.11120605e+00
6538.38515383 2.99675789e+01
6538.44141007 1.17129745e+01
6538.49766630 1.42878876e+01
6538.55392254 -2.89809952e+01
6538.61017877 3.22451019e+00
6538.66643501 2.66359711e+00
6538.72269124 3.77438278e+01
6538.77894748 3.06597214e+01
6538.83520371 6.50862350e+01
6538.89145995 6.78284149e+01
6538.94771618 1.50456543e+01
6539.00397242 6.86714172e+00
6539.06022865 1.59496651e+01
6539.11648489 5.93827591e+01
6539.17274112 4.86676788e+00
6539.22899736 -1.12994232e+01
6539.28525359 2.47139816e+01
6539.34150983 1.30122147e+01
6539.39776606 1.68251572e+01
6539.45402230 6.47266388e+00
6539.51027853 2.74073029e+00
6539.56653477 4.50805664e+01
6539.62279100 4.16630173e+01
6539.67904724 1.89133301e+01
6539.73530347 -1.81215668e+00
6539.79155971 -8.42593384e+00
6539.84781594 3.13000259e+01
6539.90407218 1.95737495e+01
6539.96032841 1.29540253e+00
6540.01658465 2.07248230e+01
6540.07284088 2.18671112e+01
6540.12909712 9.65628052e+00
6540.18535335 4.75781250e+00
6540.24160959 -1.01017761e+01
6540.29786582 2.14629974e+01
6540.35412206 1.98574982e+01
6540.41037829 -5.72564697e+00
6540.46663453 5.35182343e+01
6540.52289076 1.69499359e+01
6540.57914700 1.32686005e+01
6540.63540323 -3.74038696e+01
6540.69165947 8.25483398e+01
6540.74791570 2.56563110e+01
6540.80417194 1.43202972e+01
6540.86042817 6.54244843e+01
6540.91668441 4.73373413e+00
6540.97294064 -4.20656509e+01
6541.02919688 3.10421371e+01
6541.08545311 7.80543518e+00
6541.14170935 2.66552734e+01
6541.19796558 1.94756699e+01
6541.25422182 3.61455994e+01
6541.31047805 2.34299774e+01
6541.36673429 3.79373550e+01
6541.42299052 4.15647125e+01
6541.47924676 -3.83173370e+01
6541.53550299 -9.84201813e+00
6541.59175923 6.60321350e+01
6541.64801546 1.81015320e+01
6541.70427170 2.66477966e+01
6541.76052793 6.04046936e+01
6541.81678417 9.62444305e+00
6541.87304040 6.80391693e+00
6541.92929664 2.97321281e+01
6541.98555287 3.85087967e+01
6542.04180911 -4.93601990e+00
6542.09806534 3.88976288e+01
6542.15432158 1.39307098e+01
6542.21057781 1.93211060e+01
6542.26683405 1.90236206e+01
6542.32309028 -4.06017303e+00
6542.37934652 -3.65159607e+00
6542.43560275 3.23838310e+01
6542.49185899 -2.24057007e+00
6542.54811522 2.41048431e+00
6542.60437146 4.67573624e+01
6542.66062770 6.02588806e+01
6542.71688393 1.96251831e+01
6542.77314017 2.91205063e+01
6542.82939640 5.39463043e+00
6542.88565264 1.14256516e+01
6542.94190887 7.18626785e+00
6542.99816511 -2.21817398e+01
6543.05442134 2.41797867e+01
6543.11067758 -2.59663391e+01
6543.16693381 -3.44984016e+01
6543.22319005 3.28427734e+01
6543.27944628 3.37286606e+01
6543.33570252 1.34738693e+01
6543.39195875 -4.50796890e+00
6543.44821499 -2.23308220e+01
6543.50447122 2.50224991e+01
6543.56072746 3.08021088e+01
6543.61698369 2.16312408e+01
6543.67323993 5.49201202e+00
6543.72949616 1.72155151e+01
6543.78575240 -1.30662460e+01
6543.84200863 4.58119049e+01
6543.89826487 9.43094635e+00
6543.95452110 4.47987022e+01
6544.01077734 -3.83395615e+01
6544.06703357 -2.74847412e+01
6544.12328981 6.39247894e+00
6544.17954604 1.02522202e+01
6544.23580228 4.76158981e+01
6544.29205851 2.52395554e+01
6544.34831475 2.05801086e+01
6544.40457098 2.83120499e+01
6544.46082722 2.74972153e+01
6544.51708345 -6.50038147e+00
6544.57333969 3.41288910e+01
6544.62959592 -4.95241547e+00
6544.68585216 4.46234055e+01
6544.74210839 -1.39319839e+01
6544.79836463 -2.16828575e+01
6544.85462086 3.82161484e+01
6544.91087710 9.67132568e+00
6544.96713333 6.11922836e+01
6545.02338957 2.46827087e+01
6545.07964580 -7.17842102e-01
6545.13590204 -1.15865402e+01
6545.19215827 4.55240936e+01
6545.24841451 3.66248245e+01
6545.30467074 2.91499405e+01
6545.36092698 2.44244614e+01
6545.41718321 2.55933304e+01
6545.47343945 -3.35256195e+00
6545.52969568 -4.44496727e+01
6545.58595192 5.42078476e+01
6545.64220815 4.20697021e+01
6545.69846439 3.92281837e+01
6545.75472062 2.65154800e+01
6545.81097686 2.61774673e+01
6545.86723309 -1.45325012e+01
6545.92348933 1.96776047e+01
6545.97974556 1.47077026e+01
6546.03600180 9.46001434e+00
6546.09225803 4.43318176e+00
6546.14851427 1.12412567e+01
6546.20477050 4.48738098e-01
6546.26102674 7.81333160e+00
6546.31728297 3.66318054e+01
6546.37353921 5.34752045e+01
6546.42979544 6.94801102e+01
6546.48605168 7.85203323e+01
6546.54230791 6.10811920e+01
6546.59856415 4.67147560e+01
6546.65482038 5.83727264e+00
6546.71107662 -1.13061981e+01
6546.76733285 6.26743240e+01
6546.82358909 8.39651184e+01
6546.87984532 7.40113449e+01
6546.93610156 6.31266022e+01
6546.99235779 4.34351883e+01
6547.04861403 6.59225464e+01
6547.10487027 6.91444473e+01
6547.16112650 8.01379776e+01
6547.21738274 9.15234756e+01
6547.27363897 1.23151924e+02
6547.32989521 1.66842407e+02
6547.38615144 1.95459366e+02
6547.44240768 1.95931885e+02
6547.49866391 2.43564774e+02
6547.55492015 2.40611008e+02
6547.61117638 2.20289490e+02
6547.66743262 3.18872314e+02
6547.72368885 2.93491425e+02
6547.77994509 3.04695648e+02
6547.83620132 3.15062561e+02
6547.89245756 3.31269073e+02
6547.94871379 3.38493225e+02
6548.00497003 3.69772583e+02
6548.06122626 3.81777283e+02
6548.11748250 3.38927307e+02
6548.17373873 3.15855560e+02
6548.22999497 3.03900391e+02
6548.28625120 2.67704193e+02
6548.34250744 2.69310364e+02
6548.39876367 2.79750977e+02
6548.45501991 2.51156448e+02
6548.51127614 1.70489807e+02
6548.56753238 1.45961517e+02
6548.62378861 1.44273483e+02
6548.68004485 1.23553322e+02
6548.73630108 7.49910660e+01
6548.79255732 6.77665558e+01
6548.84881355 3.58516388e+01
6548.90506979 7.10780334e+01
6548.96132602 4.77671509e+01
6549.01758226 5.58888321e+01
6549.07383849 6.02562332e+01
6549.13009473 3.48178177e+01
6549.18635096 4.11912613e+01
6549.24260720 9.94343872e+01
6549.29886343 1.44267120e+01
6549.35511967 5.80395737e+01
6549.41137590 1.91163940e+01
6549.46763214 2.88129959e+01
6549.52388837 1.59881134e+01
6549.58014461 7.09354248e+01
6549.63640084 1.70209045e+01
6549.69265708 1.54087524e+01
6549.74891331 1.87419434e+01
6549.80516955 1.64851227e+01
6549.86142578 3.43808594e+01
6549.91768202 1.36503143e+01
6549.97393825 1.34877472e+01
6550.03019449 1.81013336e+01
6550.08645072 1.23072815e+00
6550.14270696 -2.09650726e+01
6550.19896319 1.56222305e+01
6550.25521943 -3.66246643e+01
6550.31147566 -1.97793732e+01
6550.36773190 -3.03554535e+00
6550.42398813 1.70489502e+00
6550.48024437 9.37208557e+00
6550.53650060 9.63447571e+00
6550.59275684 3.15141068e+01
6550.64901307 5.22529984e+00
6550.70526931 6.54413376e+01
6550.76152554 8.37345886e+00
6550.81778178 9.95028687e+00
6550.87403801 -4.07690430e+00
6550.93029425 -6.56204224e+00
6550.98655048 -5.55278778e+00
6551.04280672 1.37994385e+00
6551.09906295 -1.44259491e+01
6551.15531919 -1.19526291e+01
6551.21157542 9.46768570e+00
6551.26783166 1.12793121e+01
6551.32408789 -3.85549965e+01
6551.38034413 4.40314560e+01
6551.43660037 1.87929001e+01
6551.49285660 2.68187180e+01
6551.54911284 1.43382187e+01
6551.60536907 1.80846443e+01
6551.66162531 -1.09766769e+01
6551.71788154 -1.94601364e+01
6551.77413778 2.17184143e+01
6551.83039401 3.58674240e+01
6551.88665025 6.38560486e+01
6551.94290648 -2.05187225e+00
6551.99916272 2.86703110e+01
6552.05541895 2.15450974e+01
6552.11167519 -4.79743576e+01
6552.16793142 2.66749725e+01
6552.22418766 2.03477707e+01
6552.28044389 -1.10380478e+01
6552.33670013 -1.64266205e+00
6552.39295636 -1.88987274e+01
6552.44921260 1.79145050e+00
6552.50546883 2.76987076e+01
6552.56172507 -3.07068405e+01
6552.61798130 -4.58273354e+01
6552.67423754 5.74748535e+01
6552.73049377 7.58310699e+00
6552.78675001 -2.59580841e+01
6552.84300624 4.78951263e+01
6552.89926248 2.19858704e+01
6552.95551871 3.26604042e+01
6553.01177495 -4.77613831e+00
6553.06803118 9.33551788e+00
6553.12428742 3.92700958e+01
6553.18054365 3.32917862e+01
6553.23679989 4.25901718e+01
6553.29305612 2.27246246e+01
6553.34931236 -1.02062759e+01
6553.40556859 1.83765259e+01
6553.46182483 9.06666183e+00
6553.51808106 -1.78097267e+01
6553.57433730 -1.89990768e+01
6553.63059353 5.15328979e+00
6553.68684977 -1.77402725e+01
6553.74310600 1.06988754e+01
6553.79936224 -1.65500565e+01
6553.85561847 2.54135208e+01
6553.91187471 7.14383698e+00
6553.96813094 -2.42485046e+00
6554.02438718 8.60363007e+00
6554.08064341 -1.26900787e+01
6554.13689965 -2.75038910e+00
6554.19315588 6.81755829e+00
6554.24941212 5.10580750e+01
6554.30566835 1.95825424e+01
6554.36192459 5.01874161e+01
6554.41818082 -1.32817230e+01
6554.47443706 1.84395523e+01
6554.53069329 -3.38261070e+01
6554.58694953 1.95164490e+01
6554.64320576 5.36415863e+00
6554.69946200 3.68020477e+01
6554.75571823 3.26178436e+01
6554.81197447 1.61109924e+00
6554.86823070 1.89588547e+01
6554.92448694 1.94063721e+01
6554.98074317 8.42162323e+00
6555.03699941 5.46312332e+01
6555.09325564 -5.38665314e+01
6555.14951188 2.74925461e+01
6555.20576811 3.72804108e+01
6555.26202435 4.04774933e+01
6555.31828058 3.95925369e+01
6555.37453682 1.66398468e+01
6555.43079305 -4.01226807e+00
6555.48704929 5.04888840e+01
6555.54330552 2.41526031e+01
6555.59956176 -4.29737473e+01
6555.65581799 2.43440704e+01
6555.71207423 -1.67670059e+01
6555.76833047 -2.80475922e+01
6555.82458670 2.75743484e+01
6555.88084294 5.47102356e+00
6555.93709917 2.44499741e+01
6555.99335541 3.09447021e+01
6556.04961164 4.54785461e+01
6556.10586788 2.90942383e+01
6556.16212411 4.86920929e+01
6556.21838035 1.76581726e+01
6556.27463658 1.33074188e+00
6556.33089282 1.54867706e+01
6556.38714905 1.74820175e+01
6556.44340529 1.56658859e+01
6556.49966152 -1.91059113e+01
6556.55591776 -2.37301788e+01
6556.61217399 -2.03809357e+00
6556.66843023 -9.27413940e+00
6556.72468646 4.86830597e+01
6556.78094270 -3.74282074e+00
6556.83719893 6.50249481e+00
6556.89345517 3.56846161e+01
6556.94971140 2.24592285e+01
6557.00596764 -8.44391632e+00
6557.06222387 -1.72727280e+01
6557.11848011 -2.96550751e+01
6557.17473634 -2.32053452e+01
6557.23099258 2.67697906e+01
6557.28724881 1.88673401e+00
6557.34350505 -4.97921371e+00
6557.39976128 3.18632698e+01
6557.45601752 9.35967255e+00
6557.51227375 1.05930328e+01
6557.56852999 3.89810257e+01
6557.62478622 -2.18737717e+01
6557.68104246 -3.81620407e+01
6557.73729869 -3.51534500e+01
6557.79355493 4.65384674e+00
6557.84981116 4.83227539e+00
6557.90606740 1.40210648e+01
6557.96232363 4.93633499e+01
6558.01857987 1.54732056e+01
6558.07483610 1.07771301e+01
6558.13109234 4.10880661e+01
6558.18734857 2.16163635e-01
6558.24360481 -1.77751923e+00
6558.29986104 1.36046066e+01
6558.35611728 -4.44396210e+00
6558.41237351 1.06073837e+01
6558.46862975 4.55704727e+01
6558.52488598 -2.21562958e+00
6558.58114222 2.17377548e+01
6558.63739845 -2.97689056e+00
6558.69365469 -3.09575195e+01
6558.74991092 4.00279160e+01
6558.80616716 3.15125046e+01
6558.86242339 2.08093185e+01
6558.91867963 9.67636108e+00
6558.97493586 2.42014923e+01
6559.03119210 8.92791748e-01
6559.08744833 1.34392166e+01
6559.14370457 3.91524200e+01
6559.19996080 6.58182526e+00
6559.25621704 2.20722122e+01
6559.31247327 -2.81490326e+00
6559.36872951 3.81356964e+01
6559.42498574 2.88240967e+01
6559.48124198 4.43392792e+01
6559.53749821 2.69431915e+01
6559.59375445 6.13856201e+01
6559.65001068 2.91295471e+01
6559.70626692 2.66783752e+01
6559.76252315 2.10976562e+01
6559.81877939 9.25428009e+00
6559.87503562 3.93275986e+01
6559.93129186 2.70409164e+01
6559.98754809 7.15975571e+01
6560.04380433 2.15921402e+01
6560.10006057 2.79522781e+01
6560.15631680 2.91973572e+01
6560.21257304 3.19738693e+01
6560.26882927 4.63174324e+01
6560.32508551 4.75258636e+00
6560.38134174 -1.55623245e+01
6560.43759798 6.69547272e+01
6560.49385421 2.39445114e+01
6560.55011045 3.92073135e+01
6560.60636668 4.00167542e+01
6560.66262292 6.33449173e+01
6560.71887915 5.51622391e+01
6560.77513539 7.41883392e+01
6560.83139162 7.57226868e+01
6560.88764786 3.61282806e+01
6560.94390409 4.36082764e+01
6561.00016033 6.63908615e+01
6561.05641656 1.01124054e+02
6561.11267280 1.08450478e+02
6561.16892903 1.03087379e+02
6561.22518527 9.91548386e+01
6561.28144150 1.29909836e+02
6561.33769774 1.95884827e+02
6561.39395397 1.96348953e+02
6561.45021021 2.08393005e+02
6561.50646644 2.27053558e+02
6561.56272268 2.94696014e+02
6561.61897891 3.25715881e+02
6561.67523515 3.97954926e+02
6561.73149138 4.54575226e+02
6561.78774762 5.44598328e+02
6561.84400385 6.07394897e+02
6561.90026009 8.49589355e+02
6561.95651632 8.99919189e+02
6562.01277256 1.05074390e+03
6562.06902879 1.24890881e+03
6562.12528503 1.53226770e+03
6562.18154126 1.51592175e+03
6562.23779750 1.98721399e+03
6562.29405373 2.10254077e+03
6562.35030997 2.26165625e+03
6562.40656620 2.64192603e+03
6562.46282244 2.82303589e+03
6562.51907867 3.13105542e+03
6562.57533491 3.22844946e+03
6562.63159114 3.24074976e+03
6562.68784738 3.45215137e+03
6562.74410361 3.52447656e+03
6562.80035985 3.55622070e+03
6562.85661608 3.57726807e+03
6562.91287232 3.47472754e+03
6562.96912855 3.45236450e+03
6563.02538479 3.29500098e+03
6563.08164102 3.22443823e+03
6563.13789726 2.95513306e+03
6563.19415349 2.74027759e+03
6563.25040973 2.45488550e+03
6563.30666596 2.27244604e+03
6563.36292220 1.93770435e+03
6563.41917843 1.74028967e+03
6563.47543467 1.48195435e+03
6563.53169090 1.26670227e+03
6563.58794714 1.02079932e+03
6563.64420337 8.75384094e+02
6563.70045961 7.32387085e+02
6563.75671584 6.53529846e+02
6563.81297208 4.68020264e+02
6563.86922831 4.48173065e+02
6563.92548455 4.02446747e+02
6563.98174078 3.06397858e+02
6564.03799702 2.46161972e+02
6564.09425325 2.16566589e+02
6564.15050949 1.91585159e+02
6564.20676572 1.63496521e+02
6564.26302196 1.44544434e+02
6564.31927819 1.29334106e+02
6564.37553443 1.04077301e+02
6564.43179067 8.16308289e+01
6564.48804690 5.41961365e+01
6564.54430314 5.90364380e+01
6564.60055937 8.34416199e+01
6564.65681561 3.79276428e+01
6564.71307184 2.05229187e+01
6564.76932808 2.49531860e+01
6564.82558431 3.23932495e+01
6564.88184055 3.54029694e+01
6564.93809678 5.81684036e+01
6564.99435302 5.77154999e+01
6565.05060925 4.30005341e+01
6565.10686549 2.97769089e+01
6565.16312172 1.68555222e+01
6565.21937796 7.59240723e+00
6565.27563419 -2.19244385e+00
6565.33189043 -4.88172150e+00
6565.38814666 1.85682678e+01
6565.44440290 4.58720779e+01
6565.50065913 4.33626099e+01
6565.55691537 4.48850555e+01
6565.61317160 4.56461792e+01
6565.66942784 3.85704041e+00
6565.72568407 2.19140854e+01
6565.78194031 4.38415680e+01
6565.83819654 6.86187744e+00
6565.89445278 2.07167358e+01
6565.95070901 -5.02877045e+00
6566.00696525 -2.41363144e+01
6566.06322148 2.81383362e+01
6566.11947772 1.48875351e+01
6566.17573395 -1.76598434e+01
6566.23199019 2.80306168e+01
6566.28824642 -2.35373230e+01
6566.34450266 4.41316681e+01
6566.40075889 4.68648529e+00
6566.45701513 3.46321259e+01
6566.51327136 5.30001907e+01
6566.56952760 9.44078064e+00
6566.62578383 -1.24321899e+01
6566.68204007 2.86800461e+01
6566.73829630 3.62382431e+01
6566.79455254 1.00344467e+01
6566.85080877 4.04836502e+01
6566.90706501 -2.19100494e+01
6566.96332124 3.00633621e+01
6567.01957748 8.50236053e+01
6567.07583371 2.93866119e+01
6567.13208995 4.31368332e+01
6567.18834618 4.06478119e+00
6567.24460242 3.67412033e+01
6567.30085865 3.56432343e+01
6567.35711489 -1.58482628e+01
6567.41337112 -6.31210327e+00
6567.46962736 2.07299805e+01
6567.52588359 -5.95854187e+00
6567.58213983 1.45462112e+01
6567.63839606 8.06824493e+00
6567.69465230 1.87079391e+01
6567.75090853 6.32556152e+00
6567.80716477 2.85979843e+01
6567.86342100 2.29815903e+01
6567.91967724 -9.39759827e+00
6567.97593347 -3.51034241e+01
6568.03218971 2.24732513e+01
6568.08844594 -6.90932465e+00
6568.14470218 -1.84950256e+01
6568.20095841 -4.09249115e+00
6568.25721465 -9.30163574e+00
6568.31347088 8.70288849e+00
6568.36972712 -1.21101532e+01
6568.42598335 2.26434326e+01
6568.48223959 -8.00048065e+00
6568.53849582 9.46739960e+00
6568.59475206 2.70287857e+01
6568.65100829 2.42740479e+01
6568.70726453 -2.71706390e+00
6568.76352077 7.96382141e+00
6568.81977700 5.02000122e+01
6568.87603324 1.88239441e+01
6568.93228947 -2.24570465e+00
6568.98854571 -9.78113556e+00
6569.04480194 2.48212814e+01
6569.10105818 2.21180344e+01
6569.15731441 3.47239838e+01
6569.21357065 -1.21458282e+01
6569.26982688 1.80231094e+01
6569.32608312 -2.69168091e+00
6569.38233935 1.66149521e+01
6569.43859559 9.70961761e+00
6569.49485182 2.63596802e+01
6569.55110806 1.68551178e+01
6569.60736429 -3.51297989e+01
6569.66362053 1.58814774e+01
6569.71987676 3.84741745e+01
6569.77613300 4.55866661e+01
6569.83238923 -3.35971069e+00
6569.88864547 4.81172943e+00
6569.94490170 2.36168671e+01
6570.00115794 2.58732681e+01
6570.05741417 3.87412262e+00
6570.11367041 2.47405243e+01
6570.16992664 5.77417755e+01
6570.22618288 2.18219986e+01
6570.28243911 -2.50195618e+01
6570.33869535 6.24218750e+00
6570.39495158 -1.03577728e+01
6570.45120782 -5.45185661e+01
6570.50746405 1.11897125e+01
6570.56372029 1.97297516e+01
6570.61997652 -3.78295822e+01
6570.67623276 2.22056313e+01
6570.73248899 -8.16574097e-02
6570.78874523 -4.43268929e+01
6570.84500146 -9.12752533e+00
6570.90125770 -3.82578812e+01
6570.95751393 -5.48042564e+01
6571.01377017 1.84011078e+00
6571.07002640 2.68041458e+01
6571.12628264 2.04107285e+01
6571.18253887 -7.17939911e+01
6571.23879511 3.68024445e+00
6571.29505134 2.05677719e+01
6571.35130758 -5.32730103e+00
6571.40756381 -8.00071716e+00
6571.46382005 -5.70641441e+01
6571.52007628 7.61955261e-01
6571.57633252 -2.70141678e+01
6571.63258875 -1.41213684e+01
6571.68884499 2.34046555e+01
6571.74510122 2.01609344e+01
6571.80135746 1.08011703e+01
6571.85761369 2.05606003e+01
6571.91386993 4.01044235e+01
6571.97012616 9.00775909e+00
6572.02638240 2.66820297e+01
6572.08263863 -1.39604645e+01
6572.13889487 4.71741943e+01
6572.19515110 3.93309784e+01
6572.25140734 -2.04571075e+01
6572.30766357 1.25499725e+00
6572.36391981 1.72928848e+01
6572.42017604 -1.97688293e+01
6572.47643228 3.35434036e+01
6572.53268851 -8.93761444e+00
6572.58894475 -2.78301392e+01
6572.64520098 3.44635468e+01
6572.70145722 3.83899460e+01
6572.75771345 3.38545761e+01
6572.81396969 1.00541000e+01
6572.87022592 -4.73534393e+00
6572.92648216 2.25704880e+01
6572.98273839 4.69307098e+01
6573.03899463 2.53821945e+01
6573.09525086 2.30341797e+01
6573.15150710 1.80200882e+01
6573.20776334 1.38218613e+01
6573.26401957 3.86985779e+00
6573.32027581 2.30409813e+01
6573.37653204 -2.37358093e+00
6573.43278828 1.07191391e+01
6573.48904451 4.02245636e+01
6573.54530075 4.01813126e+01
6573.60155698 4.49440689e+01
6573.65781322 -1.04407578e+01
6573.71406945 3.36364746e+01
6573.77032569 2.42574921e+01
6573.82658192 6.16215744e+01
6573.88283816 -6.68135834e+00
6573.93909439 2.11073227e+01
6573.99535063 -1.52165756e+01
6574.05160686 3.90036621e+01
6574.10786310 -1.50743027e+01
6574.16411933 1.73872375e+00
6574.22037557 -2.93866501e+01
6574.27663180 -7.74796295e+00
6574.33288804 2.40198135e+01
6574.38914427 2.56153412e+01
6574.44540051 3.29391403e+01
6574.50165674 -1.53007584e+01
6574.55791298 1.31768112e+01
6574.61416921 -3.78649139e+00
6574.67042545 -2.53433762e+01
6574.72668168 -2.00796204e+01
6574.78293792 2.42305222e+01
6574.83919415 3.07301254e+01
6574.89545039 4.74444351e+01
6574.95170662 2.76645050e+01
6575.00796286 1.49308548e+01
6575.06421909 -2.12995453e+01
6575.12047533 -6.18386078e+00
6575.17673156 -7.36032104e+00
6575.23298780 -5.25763206e+01
6575.28924403 3.73416901e+00
6575.34550027 1.79229355e+01
6575.40175650 4.04251099e-01
6575.45801274 1.63982544e+01
6575.51426897 5.37944221e+01
6575.57052521 2.20708466e+01
6575.62678144 2.53940811e+01
6575.68303768 1.66993790e+01
6575.73929391 -1.46654205e+01
6575.79555015 2.79081345e+01
6575.85180638 -7.08509064e+00
6575.90806262 4.86543884e+01
6575.96431885 1.46256180e+01
6576.02057509 -9.26399994e+00
6576.07683132 1.02846222e+01
6576.13308756 -3.80004883e+00
6576.18934379 4.78828430e-01
6576.24560003 1.84638443e+01
6576.30185626 5.52531433e+00
6576.35811250 -1.50681152e+01
6576.41436873 -4.05484772e+00
6576.47062497 -1.88135529e+01
6576.52688120 -2.57641792e+01
6576.58313744 1.19513168e+01
6576.63939367 -5.05676270e-02
6576.69564991 1.91846313e+01
6576.75190614 3.23942642e+01
6576.80816238 5.18492928e+01
6576.86441861 1.39296417e+01
6576.92067485 -2.40502701e+01
6576.97693108 -4.11970520e+00
6577.03318732 -1.02517853e+01
6577.08944355 3.47936478e+01
6577.14569979 3.70026550e+01
6577.20195602 4.23240585e+01
6577.25821226 7.87812805e+00
6577.31446849 9.18457794e+00
6577.37072473 2.19667511e+01
6577.42698096 -2.24378128e+01
6577.48323720 -4.69035721e+00
6577.53949344 -2.30506134e+00
6577.59574967 1.45454636e+01
6577.65200591 -1.29140167e+01
6577.70826214 1.30952759e+01
6577.76451838 4.40637970e+01
6577.82077461 1.45483170e+01
6577.87703085 -6.59360504e+00
6577.93328708 -1.30053253e+01
6577.98954332 1.26422424e+01
6578.04579955 3.43077087e+01
6578.10205579 4.13044739e+00
6578.15831202 1.93768311e+01
6578.21456826 2.35752716e+01
6578.27082449 4.08142090e-01
6578.32708073 2.18143311e+01
6578.38333696 1.14073944e+00
6578.43959320 6.53426361e+00
6578.49584943 3.39164963e+01
6578.55210567 4.07231598e+01
6578.60836190 -4.85945129e+01
6578.66461814 -2.48765678e+01
6578.72087437 -2.30069504e+01
6578.77713061 5.19375000e+01
6578.83338684 1.10154877e+01
6578.88964308 4.33728027e+01
6578.94589931 8.22623444e+00
6579.00215555 8.49891663e-01
6579.05841178 1.06471558e+01
6579.11466802 1.80482330e+01
6579.17092425 1.68622513e+01
6579.22718049 1.49004822e+01
6579.28343672 -1.66043015e+01
6579.33969296 6.20748901e+00
6579.39594919 -2.73831177e+01
6579.45220543 1.36179504e+01
6579.50846166 9.09100266e+01
6579.56471790 2.70533600e+01
6579.62097413 3.69704361e+01
6579.67723037 -1.10436172e+01
6579.73348660 3.44995117e+00
6579.78974284 1.23271980e+01
6579.84599907 4.72095490e+00
6579.90225531 3.94959564e+01
6579.95851154 4.98722610e+01
6580.01476778 1.43884354e+01
6580.07102401 8.40155792e+00
6580.12728025 1.78586197e+01
6580.18353648 -1.78609238e+01
6580.23979272 9.07083130e+00
6580.29604895 1.18456879e+01
6580.35230519 -1.86233521e+00
6580.40856142 -3.32771301e+00
6580.46481766 9.66302490e+00
6580.52107389 1.54505539e+01
6580.57733013 1.53177032e+01
6580.63358636 -3.01343689e+01
6580.68984260 2.98586121e+01
6580.74609883 -2.31729660e+01
6580.80235507 -1.58546143e+01
6580.85861130 7.91711349e+01
6580.91486754 2.38325500e+01
6580.97112377 -3.24269257e+01
6581.02738001 7.34059906e+01
6581.08363624 5.43325653e+01
6581.13989248 -1.20739288e+01
6581.19614871 -1.69502945e+01
6581.25240495 -6.07103729e+00
6581.30866118 6.73969269e+00
6581.36491742 2.49534912e+01
6581.42117365 2.84471359e+01
6581.47742989 1.20331955e+01
6581.53368612 1.29990158e+01
6581.58994236 1.74314423e+01
6581.64619859 4.47723389e-01
6581.70245483 2.37616882e+01
6581.75871106 2.74291916e+01
6581.81496730 4.03794098e+01
6581.87122354 3.99079437e+01
6581.92747977 1.93683395e+01
6581.98373601 3.89244461e+01
6582.03999224 8.48251724e+01
6582.09624848 6.52447433e+01
6582.15250471 5.40737152e+00
6582.20876095 4.67364807e+01
6582.26501718 1.05988251e+02
6582.32127342 8.60725403e+01
6582.37752965 7.69343567e+01
6582.43378589 9.48106308e+01
6582.49004212 1.05612114e+02
6582.54629836 1.08331688e+02
6582.60255459 2.00554626e+02
6582.65881083 2.09079117e+02
6582.71506706 2.67986755e+02
6582.77132330 2.91685974e+02
6582.82757953 3.13677246e+02
6582.88383577 2.93293152e+02
6582.94009200 4.51071991e+02
6582.99634824 4.77985748e+02
6583.05260447 4.77360779e+02
6583.10886071 5.93862000e+02
6583.16511694 6.07224976e+02
6583.22137318 6.05303406e+02
6583.27762941 6.01927185e+02
6583.33388565 5.79876831e+02
6583.39014188 6.63062134e+02
6583.44639812 6.62797180e+02
6583.50265435 6.83783997e+02
6583.55891059 6.09738953e+02
6583.61516682 5.93932312e+02
6583.67142306 5.64695618e+02
6583.72767929 5.36095093e+02
6583.78393553 5.11704468e+02
6583.84019176 4.36437012e+02
6583.89644800 3.92113403e+02
6583.95270423 3.72462830e+02
6584.00896047 3.29102325e+02
6584.06521670 2.20834000e+02
6584.12147294 1.67866882e+02
6584.17772917 1.76286987e+02
6584.23398541 1.47927826e+02
6584.29024164 1.42198837e+02
6584.34649788 6.55430832e+01
6584.40275411 5.34751129e+01
6584.45901035 7.25412216e+01
6584.51526658 5.30265808e+01
6584.57152282 4.56151886e+01
6584.62777905 1.66687164e+01
6584.68403529 5.68092804e+01
6584.74029152 4.82655945e+01
6584.79654776 5.74874191e+01
6584.85280399 5.62163162e+01
6584.90906023 2.92059555e+01
6584.96531646 -9.99517059e+00
6585.02157270 4.24541931e+01
6585.07782893 6.44704437e+00
6585.13408517 -2.48700714e+01
6585.19034140 5.96807098e+01
6585.24659764 5.31413956e+01
6585.30285387 -1.61573029e+01
6585.35911011 2.75706253e+01
6585.41536634 7.91441345e+00
6585.47162258 1.57257080e+00
6585.52787881 2.85313110e+01
6585.58413505 -4.06530762e+00
6585.64039128 4.50406265e+01
6585.69664752 -3.20565033e+00
6585.75290375 4.53756104e+01
6585.80915999 -3.87527466e+00
6585.86541622 4.55487823e+00
6585.92167246 3.74213867e+01
6585.97792869 6.52418137e+00
6586.03418493 3.83349457e+01
6586.09044116 -1.61912766e+01
6586.14669740 3.38494949e+01
6586.20295364 -1.52735214e+01
6586.25920987 1.00277405e+01
6586.31546611 4.92674866e+01
6586.37172234 -2.78886490e+01
6586.42797858 5.77415009e+01
6586.48423481 4.48300400e+01
6586.54049105 3.32277679e+00
6586.59674728 3.94344330e-01
6586.65300352 -2.07044220e+00
6586.70925975 6.42292023e+00
6586.76551599 3.39686279e+01
6586.82177222 1.65663147e+00
6586.87802846 1.03015594e+01
6586.93428469 1.67045135e+01
6586.99054093 2.10086060e+01
6587.04679716 3.97162094e+01
6587.10305340 2.04393921e+01
6587.15930963 -8.36014557e+00
6587.21556587 -1.56803322e+01
6587.27182210 -1.53240967e+01
6587.32807834 6.57926941e+00
6587.38433457 -3.55208206e+01
6587.44059081 9.40946198e+00
6587.49684704 3.19950714e+01
6587.55310328 2.67236099e+01
6587.60935951 3.18554420e+01
6587.66561575 -6.09608459e+00
6587.72187198 -4.41388893e+01
6587.77812822 5.57264709e+00
6587.83438445 3.13637543e+00
6587.89064069 -1.33817673e+01
6587.94689692 -1.59728241e+01
6588.00315316 3.61899719e+01
6588.05940939 3.87594566e+01
6588.11566563 -2.99537048e+01
6588.17192186 -3.72816467e+00
6588.22817810 9.87280273e+00
6588.28443433 1.92357407e+01
6588.34069057 1.03732300e+01
6588.39694680 1.08286972e+01
6588.45320304 -4.85595703e-01
6588.50945927 -3.24519348e+00
6588.56571551 2.35057983e+01
