# Rest-frame spectrum generated from: N6822A0001o_1d.fits
# lambda_Ha_obs = 6561.37900000 Angstrom
# lambda_Ha_rest = 6562.80000000 Angstrom
# z_Ha = -2.1652343512e-04
# v_Ha_relativistic = -64.919120 km/s
# v_Ha_classical = -64.912093 km/s
# columns: wavelength_rest[Angstrom] flux_or_counts

6545.67266262 5.75263596e+01
6545.72909588 5.75419121e+01
6545.78552915 5.75263634e+01
6545.84196241 5.75261955e+01
6545.89839567 5.75417557e+01
6545.95482893 5.75414276e+01
6546.01126219 5.75407066e+01
6546.06769545 5.75267601e+01
6546.12412871 5.75257721e+01
6546.18056197 5.75117073e+01
6546.23699523 5.75421448e+01
6546.29342849 5.75250244e+01
6546.34986175 5.75245514e+01
6546.40629501 5.75248795e+01
6546.46272827 5.75120239e+01
6546.51916153 5.75259590e+01
6546.57559479 5.75407524e+01
6546.63202805 5.75400352e+01
6546.68846131 5.20266418e+01
6546.74489458 3.92937469e+00
6546.80132784 5.50880432e-01
6546.85776110 -2.73787918e+01
6546.91419436 8.55300751e+01
6546.97062762 8.99120102e+01
6547.02706088 4.29164886e+01
6547.08349414 5.74794693e+01
6547.13992740 2.54758682e+01
6547.19636066 3.21560898e+01
6547.25279392 3.54279861e+01
6547.30922718 -1.14057312e+01
6547.36566044 8.04045868e+00
6547.42209370 4.93952637e+01
6547.47852696 6.31900711e+01
6547.53496022 1.41481232e+02
6547.59139348 1.31700623e+02
6547.64782675 1.17096031e+02
6547.70426001 1.77075043e+02
6547.76069327 1.37846848e+02
6547.81712653 1.00709198e+02
6547.87355979 1.79957779e+02
6547.92999305 2.01675690e+02
6547.98642631 1.79546295e+02
6548.04285957 1.59277100e+02
6548.09929283 1.22112648e+02
6548.15572609 9.26314087e+01
6548.21215935 7.24017487e+01
6548.26859261 6.24768524e+01
6548.32502587 2.57926941e-01
6548.38145913 4.94832916e+01
6548.43789239 1.39769592e+01
6548.49432565 -7.28991928e+01
6548.55075892 4.99228287e+01
6548.60719218 -8.97226715e+00
6548.66362544 1.88676147e+01
6548.72005870 3.71151199e+01
6548.77649196 5.36258163e+01
6548.83292522 2.08191681e+01
6548.88935848 5.57852173e+01
6548.94579174 1.21683182e+02
6549.00222500 7.31296692e+01
6549.05865826 3.51710968e+01
6549.11509152 -5.23812027e+01
6549.17152478 -1.26856003e+01
6549.22795804 1.38957596e+01
6549.28439130 1.97088776e+01
6549.34082456 -7.09465332e+01
6549.39725782 -2.62930908e+01
6549.45369108 4.72295074e+01
6549.51012435 3.72762070e+01
6549.56655761 1.18304138e+01
6549.62299087 5.51142426e+01
6549.67942413 1.23346680e+02
6549.73585739 4.39781647e+01
6549.79229065 3.02597733e+01
6549.84872391 4.43993378e+01
6549.90515717 -9.69094086e+00
6549.96159043 -8.18809509e+00
6550.01802369 -1.25349808e+01
6550.07445695 5.10485153e+01
6550.13089021 3.95932922e+01
6550.18732347 -1.82521286e+01
6550.24375673 2.89800644e+00
6550.30018999 -2.21265030e+01
6550.35662325 3.10354385e+01
6550.41305652 5.69378929e+01
6550.46948978 -1.18890533e+01
6550.52592304 -6.79140625e+01
6550.58235630 -4.68734550e+01
6550.63878956 5.26809692e-02
6550.69522282 -3.75056839e+01
6550.75165608 6.53595810e+01
6550.80808934 1.73745651e+01
6550.86452260 -5.30338745e+01
6550.92095586 1.55437012e+01
6550.97738912 8.14165268e+01
6551.03382238 -1.98932686e+01
6551.09025564 6.03594437e+01
6551.14668890 3.76997833e+01
6551.20312216 3.15378418e+01
6551.25955542 -3.51696777e+00
6551.31598869 -3.93871040e+01
6551.37242195 7.06579285e+01
6551.42885521 1.68026199e+01
6551.48528847 -4.99884796e+00
6551.54172173 2.40403214e+01
6551.59815499 1.46755981e+01
6551.65458825 6.93624725e+01
6551.71102151 -9.38285828e+00
6551.76745477 -7.89402771e+00
6551.82388803 5.42546158e+01
6551.88032129 -5.47772217e+00
6551.93675455 6.53920746e+00
6551.99318781 -4.57823868e+01
6552.04962107 -6.25707169e+01
6552.10605433 3.71016579e+01
6552.16248759 -1.66999817e+00
6552.21892085 1.54902267e+01
6552.27535412 5.62934647e+01
6552.33178738 8.67996368e+01
6552.38822064 4.18793488e+01
6552.44465390 5.28485870e+00
6552.50108716 -1.60687180e+01
6552.55752042 1.07840042e+01
6552.61395368 -1.78549805e+01
6552.67038694 9.07482910e+00
6552.72682020 -9.03501129e+00
6552.78325346 9.48706436e+01
6552.83968672 2.21473694e+00
6552.89611998 6.95356750e+00
6552.95255324 -1.04308624e+01
6553.00898650 5.55509415e+01
6553.06541976 1.37641716e+01
6553.12185302 5.69899750e+01
6553.17828629 1.91862640e+01
6553.23471955 7.65991211e+00
6553.29115281 3.14131241e+01
6553.34758607 2.69188690e+01
6553.40401933 2.32425003e+01
6553.46045259 5.94876022e+01
6553.51688585 -5.76435890e+01
6553.57331911 4.45528488e+01
6553.62975237 6.18805733e+01
6553.68618563 -3.10552521e+01
6553.74261889 -6.39450836e+01
6553.79905215 1.32144318e+01
6553.85548541 2.49823151e+01
6553.91191867 -2.55821609e+01
6553.96835193 5.19941711e+00
6554.02478519 3.42317200e+00
6554.08121846 2.77829437e+01
6554.13765172 2.50205383e+01
6554.19408498 3.48015747e+01
6554.25051824 3.32113266e+01
6554.30695150 -5.04330292e+01
6554.36338476 -5.38989105e+01
6554.41981802 3.44381027e+01
6554.47625128 -1.92029190e+01
6554.53268454 2.26015015e+01
6554.58911780 1.10099030e+01
6554.64555106 -5.34494781e+01
6554.70198432 1.57804718e+01
6554.75841758 5.21560669e+01
6554.81485084 1.65889893e+01
6554.87128410 1.01140167e+02
6554.92771736 9.03844147e+01
6554.98415062 3.97462006e+01
6555.04058389 7.82950134e+01
6555.09701715 8.59816055e+01
6555.15345041 -1.96336060e+01
6555.20988367 7.76452637e+00
6555.26631693 4.57528458e+01
6555.32275019 -4.51310730e+00
6555.37918345 2.04898834e+00
6555.43561671 2.71314621e+01
6555.49204997 2.63889084e+01
6555.54848323 3.79355545e+01
6555.60491649 5.02882309e+01
6555.66134975 1.37401276e+02
6555.71778301 4.90310898e+01
6555.77421627 2.03144760e+01
6555.83064953 2.91731873e+01
6555.88708279 5.25567551e+01
6555.94351606 7.87543335e+01
6555.99994932 1.15122223e+02
6556.05638258 4.96753464e+01
6556.11281584 8.57878494e+01
6556.16924910 -4.83740959e+01
6556.22568236 7.17218399e+01
6556.28211562 4.83580246e+01
6556.33854888 4.63012238e+01
6556.39498214 -5.39142075e+01
6556.45141540 -6.06316338e+01
6556.50784866 3.96304932e+01
6556.56428192 3.31428757e+01
6556.62071518 4.21507187e+01
6556.67714844 -3.58486099e+01
6556.73358170 5.59585114e+01
6556.79001496 -1.80747375e+01
6556.84644823 -1.37598419e+01
6556.90288149 3.42841644e+01
6556.95931475 -2.50495834e+01
6557.01574801 2.84476242e+01
6557.07218127 6.67107391e+00
6557.12861453 -1.23434296e+01
6557.18504779 -6.25877380e-01
6557.24148105 4.86192818e+01
6557.29791431 7.59974976e+01
6557.35434757 7.90106049e+01
6557.41078083 1.78713150e+01
6557.46721409 -1.53598633e+01
6557.52364735 5.16512909e+01
6557.58008061 8.27826843e+01
6557.63651387 5.17617188e+01
6557.69294713 7.80998764e+01
6557.74938039 3.28814926e+01
6557.80581366 1.54253235e+01
6557.86224692 6.19472122e+01
6557.91868018 3.64124832e+01
6557.97511344 3.58296967e+01
6558.03154670 8.08598938e+01
6558.08797996 -1.37087250e+00
6558.14441322 -2.29277039e+00
6558.20084648 3.75818558e+01
6558.25727974 1.98261108e+01
6558.31371300 1.23759766e+01
6558.37014626 -8.85133591e+01
6558.42657952 -4.28701324e+01
6558.48301278 5.00795364e+01
6558.53944604 5.22305832e+01
6558.59587930 8.83307953e+01
6558.65231256 -2.01525116e+00
6558.70874583 3.19997597e+01
6558.76517909 9.77660294e+01
6558.82161235 6.18048706e+01
6558.87804561 5.20747604e+01
6558.93447887 9.90966263e+01
6558.99091213 8.14039307e+01
6559.04734539 5.89416504e-01
6559.10377865 1.09272308e+01
6559.16021191 2.11744843e+01
6559.21664517 7.31101837e+01
6559.27307843 2.59528351e+01
6559.32951169 -3.55793762e+00
6559.38594495 1.82502365e+01
6559.44237821 2.33368988e+01
6559.49881147 3.92742233e+01
6559.55524473 7.11427231e+01
6559.61167800 -4.85817719e+00
6559.66811126 3.42117538e+01
6559.72454452 4.69604797e+01
6559.78097778 1.51914215e+01
6559.83741104 7.64098969e+01
6559.89384430 1.48330002e+01
6559.95027756 -2.91005249e+01
6560.00671082 3.60308456e+01
6560.06314408 2.35025940e+01
6560.11957734 5.71044388e+01
6560.17601060 -5.42438965e+01
6560.23244386 5.59402466e+00
6560.28887712 5.88869247e+01
6560.34531038 2.80143738e+00
6560.40174364 6.62710571e+01
6560.45817690 3.23266068e+01
6560.51461016 5.37632751e+00
6560.57104343 1.04168045e+02
6560.62747669 -1.99558258e+00
6560.68390995 2.96778107e+00
6560.74034321 2.56417694e+01
6560.79677647 3.00813293e+01
6560.85320973 6.71353455e+01
6560.90964299 9.95722961e+00
6560.96607625 5.11120911e+01
6561.02250951 5.80808411e+01
6561.07894277 -2.59234848e+01
6561.13537603 2.58245621e+01
6561.19180929 5.58693695e+01
6561.24824255 2.05249786e+01
6561.30467581 6.73924789e+01
6561.36110907 4.11896439e+01
6561.41754233 8.56810150e+01
6561.47397560 1.10657883e+02
6561.53040886 1.43751175e+02
6561.58684212 1.60941467e+02
6561.64327538 1.14217072e+02
6561.69970864 2.37691193e+02
6561.75614190 2.75703979e+02
6561.81257516 3.28253723e+02
6561.86900842 4.72948059e+02
6561.92544168 6.48035522e+02
6561.98187494 8.44501648e+02
6562.03830820 1.14471094e+03
6562.09474146 1.62721326e+03
6562.15117472 2.07310229e+03
6562.20760798 2.82733521e+03
6562.26404124 3.72746362e+03
6562.32047450 4.86038916e+03
6562.37690777 6.04317920e+03
6562.43334103 7.32477441e+03
6562.48977429 8.95067285e+03
6562.54620755 1.06467607e+04
6562.60264081 1.21276377e+04
6562.65907407 1.34770225e+04
6562.71550733 1.43207705e+04
6562.77194059 1.47548096e+04
6562.82837385 1.47593594e+04
6562.88480711 1.45083320e+04
6562.94124037 1.36597578e+04
6562.99767363 1.23827510e+04
6563.05410689 1.07778926e+04
6563.11054015 9.25924316e+03
6563.16697341 7.54611719e+03
6563.22340667 5.90782861e+03
6563.27983993 4.55280273e+03
6563.33627320 3.52145483e+03
6563.39270646 2.39634497e+03
6563.44913972 1.63531982e+03
6563.50557298 1.04707654e+03
6563.56200624 6.78813232e+02
6563.61843950 4.65066437e+02
6563.67487276 2.04645401e+02
6563.73130602 2.10152924e+02
6563.78773928 1.38118866e+02
6563.84417254 6.51108704e+01
6563.90060580 1.13146255e+02
6563.95703906 7.63191223e+01
6564.01347232 5.86968079e+01
6564.06990558 1.52128571e+02
6564.12633884 1.31124512e+02
6564.18277210 7.92455292e+01
6564.23920537 7.00731277e+01
6564.29563863 7.26380234e+01
6564.35207189 7.67709961e+01
6564.40850515 4.33171082e+00
6564.46493841 3.07177429e+01
6564.52137167 9.56925201e+01
6564.57780493 3.84620171e+01
6564.63423819 4.13292160e+01
6564.69067145 1.92567139e+01
6564.74710471 -3.63443680e+01
6564.80353797 3.15349350e+01
6564.85997123 5.71841278e+01
6564.91640449 1.08426483e+02
6564.97283775 8.83097839e+01
6565.02927101 1.16842957e+01
6565.08570427 2.48725357e+01
6565.14213753 -1.45181274e+00
6565.19857080 9.29448013e+01
6565.25500406 4.57408600e+01
6565.31143732 4.12126923e+01
6565.36787058 5.07858429e+01
6565.42430384 1.32763672e+01
6565.48073710 1.30679413e+02
6565.53717036 9.95340118e+01
6565.59360362 -8.25236969e+01
6565.65003688 9.42286682e+00
6565.70647014 5.64306831e+01
6565.76290340 4.87421417e+00
6565.81933666 1.16743713e+02
6565.87576992 5.02253036e+01
6565.93220318 1.89338226e+01
6565.98863644 4.68850784e+01
6566.04506970 -4.83497620e+00
6566.10150297 4.68759308e+01
6566.15793623 1.23045120e+01
6566.21436949 1.02834778e+01
6566.27080275 4.45101547e+01
6566.32723601 5.75881729e+01
6566.38366927 4.60266647e+01
6566.44010253 6.06854248e+01
6566.49653579 8.53408508e+01
6566.55296905 4.98964767e+01
6566.60940231 1.14799171e+02
6566.66583557 4.11848526e+01
6566.72226883 6.49611282e+01
6566.77870209 5.25767593e+01
6566.83513535 9.21528625e+00
6566.89156861 1.45087891e+01
6566.94800187 3.44499435e+01
6567.00443514 1.59505539e+01
6567.06086840 1.94988403e+01
6567.11730166 1.55738297e+01
6567.17373492 2.98677750e+01
6567.23016818 6.31824493e+00
6567.28660144 4.91683044e+01
6567.34303470 4.85353241e+01
6567.39946796 2.54005966e+01
6567.45590122 3.83368530e+01
6567.51233448 -1.08049164e+01
6567.56876774 7.68437347e+01
6567.62520100 8.02495804e+01
6567.68163426 4.23057404e+01
6567.73806752 1.69096527e+01
6567.79450078 -1.29515915e+01
6567.85093404 1.30035248e+01
6567.90736730 6.16290359e+01
6567.96380057 7.91096725e+01
6568.02023383 -1.44971619e+01
6568.07666709 8.24359436e+01
6568.13310035 4.38239365e+01
6568.18953361 -8.51445007e+00
6568.24596687 2.57482758e+01
6568.30240013 8.81706238e+00
6568.35883339 7.80181885e+00
6568.41526665 3.10728912e+01
6568.47169991 -2.35765686e+01
6568.52813317 -9.60034180e+00
6568.58456643 3.43184280e+01
6568.64099969 -2.47469177e+01
6568.69743295 3.49133987e+01
6568.75386621 8.35282745e+01
6568.81029947 3.38767166e+01
6568.86673274 -4.05426788e+00
6568.92316600 3.63802414e+01
6568.97959926 2.24214783e+01
6569.03603252 -4.20509644e+01
6569.09246578 5.27631836e+01
6569.14889904 7.28063812e+01
6569.20533230 4.66656494e+00
6569.26176556 2.66184998e+00
6569.31819882 6.02622147e+01
6569.37463208 1.05447769e+02
6569.43106534 -1.91812286e+01
6569.48749860 1.41865540e+00
6569.54393186 -1.34482956e+01
6569.60036512 9.80231781e+01
6569.65679838 1.44105072e+01
6569.71323164 4.43376465e+01
6569.76966491 6.69674683e+00
6569.82609817 6.22542572e+00
6569.88253143 1.07932129e+01
6569.93896469 9.72908936e+01
6569.99539795 5.96800079e+01
6570.05183121 5.43327637e+01
6570.10826447 2.91909790e+01
6570.16469773 5.87075806e+01
6570.22113099 2.56685638e+01
6570.27756425 5.28536987e+01
6570.33399751 4.61285400e+01
6570.39043077 2.43798141e+01
6570.44686403 1.68305359e+01
6570.50329729 -1.94434357e+00
6570.55973055 3.23499985e+01
6570.61616381 3.10415497e+01
6570.67259707 1.54579773e+01
6570.72903034 -4.94180145e+01
6570.78546360 2.61955261e+01
6570.84189686 2.09489212e+01
6570.89833012 5.86679916e+01
6570.95476338 4.55820007e+01
6571.01119664 2.50727386e+01
6571.06762990 7.33439484e+01
6571.12406316 2.91333466e+01
6571.18049642 -9.58853912e+00
6571.23692968 -5.12055283e+01
6571.29336294 5.57728958e+01
6571.34979620 -1.09042435e+01
6571.40622946 4.10436325e+01
6571.46266272 4.89994431e+01
6571.51909598 -1.01333008e+01
6571.57552924 1.02663002e+02
6571.63196251 6.15225983e+00
6571.68839577 3.73003769e+01
6571.74482903 1.61583099e+01
6571.80126229 -8.84597778e-01
6571.85769555 2.44221497e+00
6571.91412881 2.77434692e+01
6571.97056207 1.01848526e+01
6572.02699533 1.07160820e+02
6572.08342859 5.36684494e+01
6572.13986185 -1.78645020e+01
6572.19629511 1.06552582e+02
6572.25272837 -1.42278748e+01
6572.30916163 2.37366638e+01
6572.36559489 3.58221436e+01
6572.42202815 -4.13240280e+01
6572.47846141 1.01428909e+02
6572.53489468 4.70579834e+01
6572.59132794 3.58913574e+01
6572.64776120 -2.59289551e+01
6572.70419446 4.78581390e+01
6572.76062772 -1.15767365e+01
6572.81706098 3.02469940e+01
6572.87349424 1.02350006e+02
6572.92992750 5.54719238e+01
6572.98636076 4.38932037e+00
6573.04279402 1.15922623e+01
6573.09922728 5.09658508e+01
6573.15566054 6.86959991e+01
6573.21209380 7.73518677e+01
6573.26852706 2.67363205e+01
6573.32496032 8.95825958e+00
6573.38139358 1.56647949e+01
6573.43782684 -1.28903198e+00
6573.49426011 -2.95611191e+01
6573.55069337 -3.18163834e+01
6573.60712663 7.68073273e+00
6573.66355989 8.63302689e+01
6573.71999315 -4.97225952e+00
6573.77642641 6.04594650e+01
6573.83285967 3.33562241e+01
6573.88929293 1.38710938e+01
6573.94572619 1.72398834e+01
6574.00215945 5.85256844e+01
6574.05859271 -1.33636093e+01
6574.11502597 3.22715759e+00
6574.17145923 -4.41549683e+00
6574.22789249 -9.22270432e+01
6574.28432575 1.32382660e+01
6574.34075901 5.12518425e+01
6574.39719228 -1.26491547e+01
6574.45362554 4.90464630e+01
6574.51005880 -4.80622864e+00
6574.56649206 5.79014359e+01
6574.62292532 8.77352448e+01
6574.67935858 7.08695526e+01
6574.73579184 4.85596161e+01
6574.79222510 1.03245697e+01
6574.84865836 9.35080261e+01
6574.90509162 -2.79429245e+01
6574.96152488 -1.43650055e+00
6575.01795814 1.08485947e+01
6575.07439140 3.10632248e+01
6575.13082466 4.58179016e+01
6575.18725792 5.40491028e+01
6575.24369118 4.84357605e+01
6575.30012445 6.79725800e+01
6575.35655771 9.59475861e+01
6575.41299097 7.16337128e+01
6575.46942423 5.12301407e+01
6575.52585749 5.68984146e+01
6575.58229075 -6.69619751e+00
6575.63872401 2.71968079e+00
6575.69515727 2.05267334e+01
6575.75159053 5.55850677e+01
6575.80802379 4.13802185e+01
6575.86445705 3.57298813e+01
6575.92089031 3.34406052e+01
6575.97732357 9.76473999e+00
6576.03375683 -6.19192505e+00
6576.09019009 6.85123444e+01
6576.14662335 3.09382477e+01
6576.20305661 1.81224060e+01
6576.25948988 5.74612427e+00
6576.31592314 -1.70147705e+00
6576.37235640 2.56489563e+00
6576.42878966 2.60263367e+01
6576.48522292 -7.85998154e+01
6576.54165618 -5.33963013e+00
6576.59808944 1.84854660e+01
6576.65452270 3.56493378e+01
6576.71095596 3.78498383e+01
6576.76738922 -5.36235809e+00
6576.82382248 -2.06708908e+01
6576.88025574 -4.22983627e+01
6576.93668900 6.62152634e+01
6576.99312226 5.47789230e+01
6577.04955552 -3.01854706e+01
6577.10598878 1.25620270e+00
6577.16242205 8.40531158e+01
6577.21885531 4.98522415e+01
6577.27528857 9.22113647e+01
6577.33172183 1.18311890e+02
6577.38815509 -1.28983765e+01
6577.44458835 2.92715530e+01
6577.50102161 1.70453873e+01
6577.55745487 6.13162003e+01
6577.61388813 2.75444565e+01
6577.67032139 1.11030518e+02
6577.72675465 4.95750351e+01
6577.78318791 -9.79287720e+00
6577.83962117 -2.06499939e+01
6577.89605443 7.24242859e+01
6577.95248769 8.39436798e+01
6578.00892095 8.02465210e+01
6578.06535422 3.16542664e+01
6578.12178748 1.36707611e+01
6578.17822074 -1.84651031e+01
6578.23465400 -3.80449753e+01
6578.29108726 1.01508568e+02
6578.34752052 2.38341827e+01
6578.40395378 1.71773987e+01
6578.46038704 5.01779175e+01
6578.51682030 3.17968597e+01
6578.57325356 5.59786530e+01
6578.62968682 -1.23379211e+01
6578.68612008 4.34205627e+00
6578.74255334 3.17681580e+01
6578.79898660 6.34823074e+01
6578.85541986 -1.41585693e+01
6578.91185312 -5.98000870e+01
6578.96828638 5.73975372e+00
6579.02471965 6.63172913e+00
6579.08115291 3.71748352e+00
6579.13758617 -4.45814972e+01
6579.19401943 5.88339996e+01
6579.25045269 7.96660614e+01
6579.30688595 1.38060074e+01
6579.36331921 3.69202576e+01
6579.41975247 5.54516182e+01
6579.47618573 1.83219681e+01
6579.53261899 -1.75475235e+01
6579.58905225 2.87420197e+01
6579.64548551 3.80722351e+01
6579.70191877 1.60239105e+01
6579.75835203 8.32472839e+01
6579.81478529 -1.26426697e+00
6579.87121855 4.20069885e+00
6579.92765182 2.98894730e+01
6579.98408508 3.31441574e+01
6580.04051834 1.10462494e+01
6580.09695160 -9.18906403e+00
6580.15338486 2.56642151e+00
6580.20981812 7.02478638e+01
6580.26625138 1.66679382e+01
6580.32268464 -8.71765900e+00
6580.37911790 4.35167465e+01
6580.43555116 -4.53503952e+01
6580.49198442 6.76386108e+01
6580.54841768 -2.92569580e+01
6580.60485094 1.67351685e+01
6580.66128420 3.37700729e+01
6580.71771746 1.00332336e+01
6580.77415072 2.39951248e+01
6580.83058399 3.23687592e+01
6580.88701725 6.73410263e+01
6580.94345051 9.72841644e+00
6580.99988377 3.74124908e+00
6581.05631703 2.71975403e+01
6581.11275029 7.68620758e+01
6581.16918355 4.88306122e+01
6581.22561681 3.84476395e+01
6581.28205007 4.36221161e+01
6581.33848333 -2.36557007e+00
6581.39491659 2.62319107e+01
6581.45134985 8.16908112e+01
6581.50778311 8.27188797e+01
6581.56421637 -5.72335587e+01
6581.62064963 -9.05383453e+01
6581.67708289 2.56520386e+01
6581.73351615 4.72428894e+01
6581.78994942 2.83912659e+00
6581.84638268 2.00377121e+01
6581.90281594 -1.40265503e+01
6581.95924920 -5.32888794e+00
6582.01568246 4.60760803e+01
6582.07211572 2.55356216e+01
6582.12854898 4.32697678e+01
6582.18498224 8.27412186e+01
6582.24141550 1.23949356e+01
6582.29784876 1.99854202e+01
6582.35428202 7.62975311e+00
6582.41071528 1.27724533e+01
6582.46714854 -5.61142426e+01
6582.52358180 5.04577637e+00
6582.58001506 4.66959915e+01
6582.63644832 1.80323257e+01
6582.69288159 2.03452454e+01
6582.74931485 -3.26183548e+01
6582.80574811 4.21339264e+01
6582.86218137 1.01499992e+02
6582.91861463 4.25392151e-01
6582.97504789 9.89143143e+01
6583.03148115 1.69199768e+02
6583.08791441 2.04374420e+02
6583.14434767 1.73194916e+02
6583.20078093 2.19767700e+02
6583.25721419 2.85249756e+02
6583.31364745 3.32512146e+02
6583.37008071 3.61456238e+02
6583.42651397 4.04289795e+02
6583.48294723 4.86525757e+02
6583.53938049 5.17383667e+02
6583.59581376 4.01167633e+02
6583.65224702 3.78618774e+02
6583.70868028 3.65673920e+02
6583.76511354 2.64550262e+02
6583.82154680 1.61346741e+02
6583.87798006 5.63414612e+01
6583.93441332 6.52864227e+01
6583.99084658 -2.85687637e+01
6584.04727984 1.45206223e+02
6584.10371310 -2.81653519e+01
6584.16014636 -5.70199585e+00
6584.21657962 7.15567780e+01
6584.27301288 -5.98820343e+01
6584.32944614 7.78692627e+00
6584.38587940 6.82654572e+00
6584.44231266 6.86033325e+01
6584.49874592 -2.13700333e+01
6584.55517919 7.32400131e+01
6584.61161245 3.60535126e+01
6584.66804571 1.25549240e+01
6584.72447897 -1.01957779e+01
6584.78091223 2.44974213e+01
6584.83734549 1.26951294e+01
6584.89377875 -4.82426605e+01
6584.95021201 9.17241440e+01
6585.00664527 6.51711578e+01
6585.06307853 1.27105713e+00
6585.11951179 -5.06056290e+01
6585.17594505 -4.18204193e+01
6585.23237831 3.76049805e+00
6585.28881157 3.84632797e+01
6585.34524483 2.40442276e+01
6585.40167809 3.54355011e+01
6585.45811136 -4.74197388e+00
6585.51454462 4.55900574e+00
6585.57097788 3.58943176e+00
6585.62741114 -4.43096924e+00
6585.68384440 5.92033005e+01
6585.74027766 -5.85095215e+01
6585.79671092 -5.03744736e+01
6585.85314418 -1.06548462e+01
6585.90957744 -3.01423645e+00
6585.96601070 6.40555573e+00
6586.02244396 -3.40307236e+01
6586.07887722 7.98506775e+01
6586.13531048 8.97720108e+01
6586.19174374 7.45294113e+01
6586.24817700 4.60826721e+01
6586.30461026 3.03426285e+01
6586.36104353 5.13465500e+01
6586.41747679 1.07798004e+01
6586.47391005 2.61830139e+01
6586.53034331 -1.96671143e+01
6586.58677657 -5.18829346e-01
6586.64320983 7.02374268e+01
6586.69964309 9.31252670e+01
6586.75607635 5.35710449e+01
6586.81250961 -1.95076294e+01
6586.86894287 -1.41929626e+00
6586.92537613 2.07793884e+01
6586.98180939 2.86189041e+01
6587.03824265 5.31280365e+01
6587.09467591 9.48097839e+01
6587.15110917 4.80331726e+01
6587.20754243 7.70561371e+01
6587.26397569 7.50101318e+01
6587.32040896 7.27644501e+01
6587.37684222 3.39191895e+01
6587.43327548 1.19323517e+02
6587.48970874 -2.48990784e+01
6587.54614200 -2.99412460e+01
6587.60257526 9.83735886e+01
6587.65900852 6.23931961e+01
6587.71544178 -3.99951172e+00
6587.77187504 1.30523376e+01
6587.82830830 -4.58837204e+01
6587.88474156 -5.12117844e+01
6587.94117482 -2.49280548e+01
6587.99760808 8.94804306e+01
6588.05404134 1.47158356e+01
6588.11047460 3.95505676e+01
6588.16690786 -6.73868484e+01
6588.22334113 4.37614899e+01
6588.27977439 7.88475189e+01
6588.33620765 3.91782990e+01
6588.39264091 1.35128250e+01
6588.44907417 -3.18557053e+01
6588.50550743 5.63216324e+01
6588.56194069 7.94670486e+01
6588.61837395 -3.50838928e+01
6588.67480721 1.37885666e+01
6588.73124047 3.92817841e+01
6588.78767373 -6.99308777e+00
6588.84410699 6.91549377e+01
6588.90054025 1.08212051e+01
6588.95697351 9.09148941e+01
6589.01340677 9.86419144e+01
6589.06984003 2.51369400e+01
6589.12627330 -4.06620789e+00
6589.18270656 3.51946640e+01
6589.23913982 7.93362579e+01
6589.29557308 2.74664459e+01
6589.35200634 3.12090454e+01
6589.40843960 6.75959396e+01
6589.46487286 1.09305725e+01
6589.52130612 2.64086914e+00
6589.57773938 1.25953423e+02
6589.63417264 5.93937149e+01
6589.69060590 2.57912674e+01
6589.74703916 4.98490372e+01
6589.80347242 -1.09512329e-01
6589.85990568 1.03653793e+01
6589.91633894 -3.70820236e+01
6589.97277220 -3.10448837e+01
6590.02920546 4.27169571e+01
6590.08563873 -2.06183624e+01
6590.14207199 3.15086899e+01
6590.19850525 1.01310577e+01
6590.25493851 7.54309998e+01
6590.31137177 -1.23822021e+00
6590.36780503 -8.59523010e+00
6590.42423829 -1.15466156e+01
6590.48067155 3.55783081e+00
6590.53710481 4.92320862e+01
6590.59353807 1.15399246e+01
6590.64997133 5.45598450e+01
6590.70640459 2.14195557e+01
6590.76283785 4.30701141e+01
6590.81927111 2.44867783e+01
6590.87570437 1.75229645e+01
6590.93213763 2.62443542e-01
6590.98857090 2.72622910e+01
6591.04500416 6.53143768e+01
6591.10143742 1.01238251e+01
6591.15787068 4.90467377e+01
6591.21430394 1.42967377e+01
6591.27073720 1.31306229e+01
6591.32717046 -3.03092117e+01
6591.38360372 -4.44675140e+01
6591.44003698 2.19215164e+01
6591.49647024 4.25802078e+01
6591.55290350 2.17917786e+01
6591.60933676 1.10935478e+02
6591.66577002 -1.91110687e+01
6591.72220328 4.11082993e+01
6591.77863654 6.47067947e+01
6591.83506980 -3.72986832e+01
6591.89150307 2.06132278e+01
6591.94793633 -1.10093613e+01
6592.00436959 2.32759781e+01
6592.06080285 -3.37473602e+01
6592.11723611 2.41196136e+01
6592.17366937 -2.47499771e+01
6592.23010263 6.46893539e+01
6592.28653589 6.08649216e+01
6592.34296915 3.47165985e+01
6592.39940241 8.05068207e+00
6592.45583567 6.04016876e+01
6592.51226893 3.26383438e+01
6592.56870219 3.64139709e+01
6592.62513545 3.70521545e+00
6592.68156871 1.04981995e+00
6592.73800197 2.90521317e+01
6592.79443523 6.01890717e+01
6592.85086850 2.18486938e+01
6592.90730176 7.26398621e+01
6592.96373502 3.11135483e+01
6593.02016828 1.56021423e+01
6593.07660154 5.86264801e+00
6593.13303480 3.16054535e+01
6593.18946806 -4.35228195e+01
6593.24590132 3.49936905e+01
6593.30233458 -4.68751526e+00
6593.35876784 -6.00422668e+00
6593.41520110 -5.55143280e+01
6593.47163436 -5.26280594e+01
6593.52806762 9.56209564e+01
6593.58450088 7.61304016e+01
6593.64093414 -3.67541504e+00
6593.69736740 -8.99794312e+01
6593.75380067 1.68789368e+01
6593.81023393 2.93448486e+01
6593.86666719 1.31424866e+01
6593.92310045 5.95254517e+00
6593.97953371 1.07585449e+01
6594.03596697 6.08196716e+01
6594.09240023 4.44287186e+01
6594.14883349 3.01196823e+01
6594.20526675 6.00867233e+01
6594.26170001 -3.40053940e+01
6594.31813327 -2.85614014e-01
6594.37456653 -1.78794022e+01
6594.43099979 -2.76636200e+01
6594.48743305 -3.42469254e+01
6594.54386631 -5.03146744e+01
6594.60029957 3.15089264e+01
6594.65673284 3.51564789e+00
6594.71316610 1.78137054e+01
6594.76959936 -1.29686432e+01
6594.82603262 -2.89357910e+01
6594.88246588 -2.07372131e+01
6594.93889914 1.75931320e+01
6594.99533240 9.84493332e+01
6595.05176566 4.88161240e+01
6595.10819892 -5.86549835e+01
6595.16463218 -3.43128967e+01
6595.22106544 9.43165588e+00
6595.27749870 -3.24512482e+01
6595.33393196 1.67961578e+01
6595.39036522 1.99538422e+01
6595.44679848 5.85925903e+01
6595.50323174 -9.95834351e-01
6595.55966500 2.17224045e+01
6595.61609827 1.56762848e+01
6595.67253153 -2.58672791e+01
6595.72896479 1.48872757e+01
6595.78539805 8.12854385e+01
6595.84183131 2.47856598e+01
6595.89826457 -4.84593277e+01
6595.95469783 4.49112930e+01
6596.01113109 -1.55825806e+01
6596.06756435 2.14435577e+01
6596.12399761 -2.46233673e+01
6596.18043087 -3.50931015e+01
6596.23686413 7.42977524e+01
6596.29329739 4.11755676e+01
6596.34973065 4.30069733e+01
6596.40616391 -6.90355835e+01
6596.46259717 -3.19683228e+01
6596.51903044 1.27637787e+01
6596.57546370 7.69824753e+01
6596.63189696 4.57399521e+01
6596.68833022 7.81264496e+00
6596.74476348 4.58933411e+01
6596.80119674 -8.50035858e+00
6596.85763000 -5.07482147e+01
6596.91406326 -7.64012909e+00
6596.97049652 -8.66576385e+00
6597.02692978 4.68378067e+01
6597.08336304 3.78034515e+01
6597.13979630 9.44197998e+01
6597.19622956 4.51866150e-01
6597.25266282 2.05193176e+01
6597.30909608 -1.33738251e+01
6597.36552934 -1.07129593e+01
6597.42196261 -4.14924240e+01
6597.47839587 -4.04020996e+01
6597.53482913 1.97464371e+01
6597.59126239 4.89505615e+01
6597.64769565 -3.40817108e+01
6597.70412891 4.83409805e+01
6597.76056217 3.55325851e+01
6597.81699543 -1.00582199e+01
6597.87342869 4.10092316e+01
6597.92986195 -2.46521606e+01
6597.98629521 1.05295860e+02
6598.04272847 -4.84797668e+00
6598.09916173 4.30351639e+01
6598.15559499 -7.82832108e+01
6598.21202825 -3.75335236e+01
6598.26846151 -4.25299835e+01
6598.32489477 -2.48266754e+01
6598.38132804 -4.98975830e+01
6598.43776130 1.39545746e+01
6598.49419456 7.05308762e+01
6598.55062782 5.22734451e+01
6598.60706108 1.83584213e+01
6598.66349434 4.98947906e+01
6598.71992760 4.20651703e+01
6598.77636086 5.63495865e+01
6598.83279412 -1.97791824e+01
6598.88922738 -5.56526337e+01
6598.94566064 -2.87967453e+01
6599.00209390 -2.04688721e+01
6599.05852716 -3.58688278e+01
6599.11496042 8.90633621e+01
6599.17139368 4.62898254e+01
6599.22782694 -4.89346161e+01
6599.28426021 4.21762695e+01
6599.34069347 1.97962112e+01
6599.39712673 2.05697937e+01
6599.45355999 -2.17245483e+01
6599.50999325 7.33033676e+01
6599.56642651 3.75307922e+01
6599.62285977 -1.56251450e+01
6599.67929303 1.07563629e+01
6599.73572629 1.38735962e+02
6599.79215955 7.01935043e+01
6599.84859281 1.78566742e+01
6599.90502607 -5.33225250e+00
6599.96145933 1.37173157e+01
6600.01789259 2.90983200e+01
6600.07432585 2.13161469e+01
6600.13075911 -1.33013763e+01
6600.18719238 -4.15339432e+01
6600.24362564 -3.41261749e+01
6600.30005890 -6.64539490e+01
6600.35649216 1.10642853e+01
6600.41292542 3.50183411e+01
6600.46935868 -1.05316925e+01
6600.52579194 -2.33474121e+01
6600.58222520 3.96729584e+01
6600.63865846 -4.43128433e+01
6600.69509172 3.25291290e+01
6600.75152498 -1.64600754e+01
6600.80795824 3.32956772e+01
6600.86439150 -3.29045410e+01
6600.92082476 8.13185883e+00
6600.97725802 5.83606186e+01
6601.03369128 5.44765854e+01
6601.09012454 -6.02240753e+00
6601.14655781 -1.61754303e+01
6601.20299107 -7.32116852e+01
6601.25942433 -1.67565918e+01
6601.31585759 7.16968002e+01
6601.37229085 6.53903275e+01
6601.42872411 -2.10384674e+01
6601.48515737 -3.79687500e+01
6601.54159063 -6.34609680e+01
6601.59802389 -3.02080765e+01
6601.65445715 8.77351456e+01
6601.71089041 -4.94880676e-01
6601.76732367 4.54964218e+01
6601.82375693 3.59428558e+01
6601.88019019 6.13664474e+01
6601.93662345 -4.69508820e+01
6601.99305671 -5.09851074e+00
6602.04948998 7.98719330e+01
6602.10592324 -8.82968140e+00
6602.16235650 9.29165192e+01
6602.21878976 5.56167374e+01
6602.27522302 3.82826614e+01
6602.33165628 4.50556641e+01
6602.38808954 7.47491760e+01
6602.44452280 -2.84293442e+01
6602.50095606 5.02522545e+01
6602.55738932 -4.26152802e+00
6602.61382258 -6.43366547e+01
6602.67025584 3.79220123e+01
6602.72668910 2.21825180e+01
6602.78312236 -5.79696655e-01
6602.83955562 4.26694107e+01
6602.89598888 2.66779633e+01
