N4214A	1.3306421581086567	0.0033767311019316255	25.78541684383326	0.06543488683434111	1.3153446667376412	0.004048577607844637	25.488978577549922	0.07845404366282603	0.11934312051410029	0.021255375032080817	2.3076861656902117	0.4110059691483829	9.1	2.4	23.89544530597666	0.08100201186278934	23.57525426135381	0.09388001544502872
N4214A	1.3917719878243824	0.0024865967158369143	26.970071431497647	0.0481858318992919	1.4013281076784145	0.0029784685390466283	27.155252357303173	0.05771743560478156	0.11978988321181	0.021385391768532932	2.316325022227647	0.4135200463966251	9.1	2.4	25.168420518806652	0.06414484912052626	25.36675716326826	0.07241149306274205
N4214A	1.4276393341834674	0.002959611243637354	27.665171201323144	0.05735212653791034	1.4503846518569306	0.003614409204494892	28.105936096371426	0.07004097430127167	0.11650187315197616	0.02262481036602895	2.252746197616367	0.4374861463160821	9.1	2.4	25.917500500002784	0.07206817930036985	26.38747389240659	0.08342933918172496
N5204A	0.7866642397709429	0.006847550532798334	15.252149457114795	0.13276294874137984	0.7604028795010441	0.0081294944996335	14.742986151234218	0.15761779453449173	0.1141046576769919	0.023068192091419068	2.206392281580243	0.44605962645800407	9.1	2.4	11.797876764992516	0.19083312409810022	11.131822571136638	0.22669972496444205
N5204A	0.7967884325183373	0.007528353196156346	15.448505010622863	0.14596321598818315	0.776951674834981	0.009448482789355265	15.06390199523358	0.18319159782071262	0.11495650443384377	0.02237608056243115	2.222864072895963	0.4326765659708986	9.1	2.4	12.047621440627529	0.2034808580324188	11.550325477467318	0.25301280576325297
N5204A	0.803572800283835	0.0078215410180949	15.580061907876992	0.15164785721203455	0.7641873472421526	0.00983773862768166	14.81643835541143	0.19073889205274583	0.12175550377119845	0.02028778975132353	2.3543333745512403	0.39229619218838413	9.1	2.4	12.19120352609839	0.20808359225397344	11.198837435251088	0.26548867332764936
N7331B	1.0521293995594205	0.023099940713087387	20.363662737793266	0.4470927265613061	1.0860277560928848	0.03404298778816395	21.019754892704796	0.6588922383502578	0.12191859699212984	0.01870966525451022	2.357487037435535	0.3617806831808697	9.1	2.4	17.903938532259133	0.5107427739430274	18.64677855871385	0.7441494424400946
N7331B	1.0310710805805914	0.025951251297414362	19.956133341378486	0.5022802414118751	1.0013512424798956	0.04033324063348066	19.380916529523443	0.7806403356995548	0.12308088913016908	0.018915849946201473	2.3799617764560113	0.365767587147712	9.1	2.4	17.435969714400354	0.5770428121105275	16.774555358249092	0.9034247211960819
N7331B	1.0691854515319898	0.025711626001538816	20.6937777541518	0.4976411467358949	1.0238015825831115	0.03413754017071318	19.81539126185037	0.6607224746548019	0.11561008335173874	0.02203842251692087	2.2355020449928533	0.42614741877748324	9.1	2.4	18.293850560914194	0.5653290637639479	17.29399495394424	0.7590546776169895
N7331A	0.9163249362506296	0.028068846642094435	17.720215559901114	0.5428052793705451	0.9365119606061518	0.03523455019392752	18.11060105363862	0.6813782511155628	0.11429485116498003	0.02199568466231854	2.2100699705760047	0.4253210154172206	9.1	2.4	14.850980782915306	0.6507616038496664	15.314681232373546	0.808108158241335
