# Rest-frame spectrum generated from: N6822B0001o_1d.fits
# lambda_Ha_obs = 6561.30900000 Angstrom
# lambda_Ha_rest = 6562.80000000 Angstrom
# z_Ha = -2.2718961419e-04
# v_Ha_relativistic = -68.117470 km/s
# v_Ha_classical = -68.109733 km/s
# columns: wavelength_rest[Angstrom] flux_or_counts

6545.80256805 3.12015076e+01
6545.85900047 3.12056923e+01
6545.91543289 3.12107277e+01
6545.97186531 3.12016678e+01
6546.02829773 3.12011566e+01
6546.08473015 3.12012939e+01
6546.14116257 3.12011414e+01
6546.19759499 3.12203102e+01
6546.25402741 3.12340431e+01
6546.31045983 3.12475395e+01
6546.36689225 3.12623253e+01
6546.42332467 3.12750244e+01
6546.47975710 3.12888374e+01
6546.53618952 3.12980843e+01
6546.59262194 3.13110428e+01
6546.64905436 3.13236389e+01
6546.70548678 3.13378067e+01
6546.76191920 3.13566322e+01
6546.81835162 3.14356804e+01
6546.87478404 2.58882217e+01
6546.93121646 2.11382027e+01
6546.98764888 4.36812592e+00
6547.04408130 3.61772842e+01
6547.10051372 6.69712677e+01
6547.15694614 7.08491669e+01
6547.21337856 7.14558182e+01
6547.26981098 6.86623077e+01
6547.32624341 1.16991623e+02
6547.38267583 1.08853500e+02
6547.43910825 9.57363281e+01
6547.49554067 1.10540474e+02
6547.55197309 1.50604492e+02
6547.60840551 2.03025574e+02
6547.66483793 2.01118423e+02
6547.72127035 2.08755737e+02
6547.77770277 2.04119232e+02
6547.83413519 2.61077332e+02
6547.89056761 2.17904297e+02
6547.94700003 2.51473358e+02
6548.00343245 2.51504028e+02
6548.05986487 1.61621033e+02
6548.11629729 1.26285576e+02
6548.17272972 6.32984009e+01
6548.22916214 8.33128662e+01
6548.28559456 6.81517487e+01
6548.34202698 1.11348495e+01
6548.39845940 8.56340332e+01
6548.45489182 9.54319305e+01
6548.51132424 1.61069031e+01
6548.56775666 9.53579407e+01
6548.62418908 4.25139275e+01
6548.68062150 3.15010071e-01
6548.73705392 3.61202545e+01
6548.79348634 2.61692123e+01
6548.84991876 4.81336670e+01
6548.90635118 -6.35852051e+00
6548.96278360 5.16613388e+01
6549.01921603 2.04476318e+01
6549.07564845 -1.16337051e+01
6549.13208087 6.81875000e+01
6549.18851329 3.89566193e+01
6549.24494571 1.79919930e+01
6549.30137813 2.17623749e+01
6549.35781055 5.97250519e+01
6549.41424297 1.90777283e+01
6549.47067539 1.74103088e+01
6549.52710781 -2.24262085e+01
6549.58354023 5.63888474e+01
6549.63997265 2.47154999e+01
6549.69640507 2.94390831e+01
6549.75283749 5.91757202e+01
6549.80926991 3.90107422e+01
6549.86570234 5.57501640e+01
6549.92213476 2.07850418e+01
6549.97856718 3.68129349e+01
6550.03499960 3.21731033e+01
6550.09143202 5.66919518e+01
6550.14786444 6.40411682e+01
6550.20429686 4.54963455e+01
6550.26072928 1.37981415e+01
6550.31716170 -1.47319603e+01
6550.37359412 2.03803177e+01
6550.43002654 5.37835159e+01
6550.48645896 -2.44514236e+01
6550.54289138 2.38501968e+01
6550.59932380 8.65491867e+01
6550.65575622 7.23932800e+01
6550.71218865 -2.41737480e+01
6550.76862107 6.36097336e+01
6550.82505349 9.46226807e+01
6550.88148591 -7.92862701e+00
6550.93791833 -7.61450958e+00
6550.99435075 1.00990067e+01
6551.05078317 2.52397308e+01
6551.10721559 4.90686760e+01
6551.16364801 1.71062469e+00
6551.22008043 -9.72927094e+00
6551.27651285 2.66115570e+00
6551.33294527 -4.71334839e+00
6551.38937769 2.70344467e+01
6551.44581011 2.04701996e+01
6551.50224253 4.78479958e+01
6551.55867495 2.39884567e+01
6551.61510738 1.26099167e+01
6551.67153980 8.18081665e+00
6551.72797222 4.88429947e+01
6551.78440464 2.20840530e+01
6551.84083706 -1.16124268e+01
6551.89726948 6.29470825e-01
6551.95370190 3.21516266e+01
6552.01013432 5.87752762e+01
6552.06656674 1.49132919e+01
6552.12299916 3.54269524e+01
6552.17943158 1.46741714e+01
6552.23586400 4.03102264e+01
6552.29229642 2.98733521e+00
6552.34872884 1.94659729e+01
6552.40516126 3.78122711e+01
6552.46159369 -8.33843994e+00
6552.51802611 7.29763031e+00
6552.57445853 1.44907761e+01
6552.63089095 3.94962463e+01
6552.68732337 3.48613663e+01
6552.74375579 1.74026260e+01
6552.80018821 2.19906540e+01
6552.85662063 7.86262512e-01
6552.91305305 5.52932701e+01
6552.96948547 2.08639641e+01
6553.02591789 4.17778320e+01
6553.08235031 7.16445923e+00
6553.13878273 6.26334648e+01
6553.19521515 2.23039169e+01
6553.25164757 3.77660522e+01
6553.30808000 7.34670868e+01
6553.36451242 9.60887604e+01
6553.42094484 -8.72793961e+00
6553.47737726 6.37509918e+00
6553.53380968 7.60950546e+01
6553.59024210 5.93967476e+01
6553.64667452 7.83262863e+01
6553.70310694 3.82013893e+01
6553.75953936 3.50880585e+01
6553.81597178 -1.53283691e+01
6553.87240420 2.36957550e+01
6553.92883662 5.03341675e-01
6553.98526904 3.06123352e+01
6554.04170146 -4.92339096e+01
6554.09813388 4.01507492e+01
6554.15456631 4.39642792e+01
6554.21099873 6.03331604e+01
6554.26743115 4.31235504e+01
6554.32386357 6.98461838e+01
6554.38029599 1.82571487e+01
6554.43672841 4.57790222e+01
6554.49316083 3.56905289e+01
6554.54959325 5.04098969e+01
6554.60602567 4.11359024e+01
6554.66245809 4.54577103e+01
6554.71889051 3.64828796e+01
6554.77532293 5.90579681e+01
6554.83175535 7.42926025e+01
6554.88818777 5.33591614e+01
6554.94462019 4.22125244e+01
6555.00105262 7.17084961e+01
6555.05748504 4.94834442e+01
6555.11391746 7.29567566e+01
6555.17034988 8.35639954e+01
6555.22678230 7.38421021e+01
6555.28321472 4.29105568e+01
6555.33964714 1.11454697e+01
6555.39607956 -8.01107788e+00
6555.45251198 1.68825836e+01
6555.50894440 2.81605301e+01
6555.56537682 4.02070389e+01
6555.62180924 6.21905098e+01
6555.67824166 1.04167633e+01
6555.73467408 7.39963913e+01
6555.79110650 5.68891182e+01
6555.84753893 4.73140106e+01
6555.90397135 7.51543121e+01
6555.96040377 3.68607292e+01
6556.01683619 6.19702072e+01
6556.07326861 5.54178505e+01
6556.12970103 7.97686310e+01
6556.18613345 3.77164230e+01
6556.24256587 3.92781029e+01
6556.29899829 7.17814636e+01
6556.35543071 5.55578461e+01
6556.41186313 2.56510468e+01
6556.46829555 3.46215515e+01
6556.52472797 -1.33775711e+01
6556.58116039 5.43754730e+01
6556.63759281 5.81752472e+01
6556.69402524 3.10904236e+01
6556.75045766 6.74213409e+01
6556.80689008 5.78985825e+01
6556.86332250 -1.45165863e+01
6556.91975492 5.64315147e+01
6556.97618734 4.33539810e+01
6557.03261976 9.68530273e+00
6557.08905218 4.81003380e+01
6557.14548460 5.55357208e+01
6557.20191702 3.36290359e+01
6557.25834944 4.38441391e+01
6557.31478186 4.33992271e+01
6557.37121428 2.79380264e+01
6557.42764670 4.25071259e+01
6557.48407912 2.19010010e+01
6557.54051155 3.28605499e+01
6557.59694397 6.48322144e+01
6557.65337639 7.91255951e+01
6557.70980881 7.87187500e+01
6557.76624123 6.32489624e+01
6557.82267365 3.70800781e+01
6557.87910607 4.00299683e+01
6557.93553849 9.40712051e+01
6557.99197091 6.47429657e+01
6558.04840333 3.95315285e+01
6558.10483575 6.93595886e+00
6558.16126817 2.12191620e+01
6558.21770059 5.27508850e+01
6558.27413301 6.21485214e+01
6558.33056543 4.85846176e+01
6558.38699785 3.97928314e+01
6558.44343028 4.25825577e+01
6558.49986270 4.13952026e+01
6558.55629512 5.38824692e+01
6558.61272754 5.22161560e+01
6558.66915996 7.36920319e+01
6558.72559238 5.57667770e+01
6558.78202480 4.54121933e+01
6558.83845722 6.48262329e+01
6558.89488964 7.19508362e+00
6558.95132206 4.82106628e+01
6559.00775448 8.82677078e+01
6559.06418690 4.93750916e+01
6559.12061932 3.98452911e+01
6559.17705174 3.48324661e+01
6559.23348416 3.78025589e+01
6559.28991659 4.58771591e+01
6559.34634901 4.17155380e+01
6559.40278143 6.16826935e+01
6559.45921385 9.84024048e+00
6559.51564627 2.47290573e+01
6559.57207869 7.12455978e+01
6559.62851111 8.84616547e+01
6559.68494353 6.97520599e+01
6559.74137595 7.48234863e+01
6559.79780837 2.26237946e+01
6559.85424079 4.26018066e+01
6559.91067321 9.24802246e+01
6559.96710563 2.81579132e+01
6560.02353805 6.30716324e+01
6560.07997047 6.75801926e+01
6560.13640290 2.70029144e+01
6560.19283532 3.76063004e+01
6560.24926774 3.11358147e+01
6560.30570016 1.15854614e+02
6560.36213258 4.24029160e+01
6560.41856500 6.61098709e+01
6560.47499742 5.08677979e+01
6560.53142984 8.24249420e+01
6560.58786226 7.77328644e+01
6560.64429468 6.21842880e+01
6560.70072710 1.29483185e+02
6560.75715952 5.88792343e+01
6560.81359194 7.46025696e+01
6560.87002436 8.41868210e+01
6560.92645678 1.20460144e+02
6560.98288921 8.42045746e+01
6561.03932163 9.39569855e+01
6561.09575405 1.15454628e+02
6561.15218647 1.06419502e+02
6561.20861889 8.14340057e+01
6561.26505131 4.67052841e+01
6561.32148373 9.88847733e+01
6561.37791615 1.97730026e+02
6561.43434857 1.07750381e+02
6561.49078099 1.78052368e+02
6561.54721341 1.49277069e+02
6561.60364583 1.53805511e+02
6561.66007825 2.07464569e+02
6561.71651067 2.70494568e+02
6561.77294309 3.31943115e+02
6561.82937552 4.81397491e+02
6561.88580794 5.77046875e+02
6561.94224036 8.96407959e+02
6561.99867278 1.26965820e+03
6562.05510520 1.83174792e+03
6562.11153762 2.75434082e+03
6562.16797004 3.90946777e+03
6562.22440246 5.47618799e+03
6562.28083488 7.61674854e+03
6562.33726730 1.03843164e+04
6562.39369972 1.38225498e+04
6562.45013214 1.75492617e+04
6562.50656456 2.12852754e+04
6562.56299698 2.58005938e+04
6562.61942940 2.89511895e+04
6562.67586183 3.18197031e+04
6562.73229425 3.40098516e+04
6562.78872667 3.51333047e+04
6562.84515909 3.41651016e+04
6562.90159151 3.26272793e+04
6562.95802393 3.01616504e+04
6563.01445635 2.67694844e+04
6563.07088877 2.31336602e+04
6563.12732119 1.91422637e+04
6563.18375361 1.53772158e+04
6563.24018603 1.17727646e+04
6563.29661845 8.90324707e+03
6563.35305087 6.65909619e+03
6563.40948329 4.73395459e+03
6563.46591571 3.25601489e+03
6563.52234814 2.24108984e+03
6563.57878056 1.47973340e+03
6563.63521298 9.20548889e+02
6563.69164540 6.43396423e+02
6563.74807782 3.70536255e+02
6563.80451024 2.93197418e+02
6563.86094266 1.72788177e+02
6563.91737508 1.55157257e+02
6563.97380750 1.37992081e+02
6564.03023992 1.32004562e+02
6564.08667234 1.35008636e+02
6564.14310476 1.31583130e+02
6564.19953718 1.10693039e+02
6564.25596960 7.82093964e+01
6564.31240202 9.09982605e+01
6564.36883445 1.10090546e+02
6564.42526687 6.10951767e+01
6564.48169929 4.90591812e+01
6564.53813171 9.29861755e+01
6564.59456413 1.03427216e+02
6564.65099655 4.40291595e+01
6564.70742897 5.06714325e+01
6564.76386139 7.82987213e+01
6564.82029381 3.66587830e+01
6564.87672623 5.01092148e+01
6564.93315865 8.18308411e+01
6564.98959107 8.79347916e+01
6565.04602349 8.23055725e+01
6565.10245591 4.90181961e+01
6565.15888833 2.89207993e+01
6565.21532075 6.17629700e+01
6565.27175318 8.25351562e+01
6565.32818560 4.83826599e+01
6565.38461802 1.38904800e+01
6565.44105044 2.27616272e+01
6565.49748286 4.88171387e+01
6565.55391528 6.44729767e+01
6565.61034770 4.92264252e+01
6565.66678012 5.29659805e+01
6565.72321254 3.01504440e+01
6565.77964496 1.59141693e+01
6565.83607738 4.38027115e+01
6565.89250980 5.68374252e+01
6565.94894222 2.26746292e+01
6566.00537464 5.69443245e+01
6566.06180706 3.61366653e+01
6566.11823949 7.19992676e+01
6566.17467191 1.18834610e+02
6566.23110433 5.82689056e+01
6566.28753675 6.85148010e+01
6566.34396917 6.98538666e+01
6566.40040159 3.44616852e+01
6566.45683401 3.53892975e+01
6566.51326643 9.50132141e+01
6566.56969885 5.92350540e+01
6566.62613127 1.34320831e+00
6566.68256369 8.08176880e+01
6566.73899611 7.43185730e+01
6566.79542853 5.98470993e+01
6566.85186095 5.33084106e+00
6566.90829337 4.12226334e+01
6566.96472580 3.47939682e+01
6567.02115822 2.87037201e+01
6567.07759064 1.74955025e+01
6567.13402306 2.55121689e+01
6567.19045548 8.16058960e+01
6567.24688790 8.07823257e+01
6567.30332032 2.11058121e+01
6567.35975274 1.89775467e+01
6567.41618516 2.39511261e+01
6567.47261758 6.36191101e+01
6567.52905000 4.93127670e+01
6567.58548242 3.64091148e+01
6567.64191484 3.82364044e+01
6567.69834726 3.30750046e+01
6567.75477968 3.65369263e+01
6567.81121211 1.70598984e+01
6567.86764453 3.47391434e+01
6567.92407695 2.41274338e+01
6567.98050937 2.87551346e+01
6568.03694179 8.48108215e+01
6568.09337421 4.17184219e+01
6568.14980663 3.55995178e+01
6568.20623905 5.29839554e+01
6568.26267147 1.18243484e+01
6568.31910389 1.76227112e+01
6568.37553631 3.06909943e+01
6568.43196873 3.43530807e+01
6568.48840115 3.27385712e+00
6568.54483357 3.86337967e+01
6568.60126599 5.22276917e+01
6568.65769842 6.17420349e+01
6568.71413084 2.59991684e+01
6568.77056326 2.80435944e+01
6568.82699568 2.98535461e+01
6568.88342810 3.70299301e+01
6568.93986052 7.58840485e+01
6568.99629294 7.35618286e+01
6569.05272536 -7.79386139e+00
6569.10915778 -1.36506805e+01
6569.16559020 2.82265396e+01
6569.22202262 5.89444885e+01
6569.27845504 1.03338272e+02
6569.33488746 6.47858810e+01
6569.39131988 6.74195099e+00
6569.44775230 2.01430664e+01
6569.50418473 2.37582703e+01
6569.56061715 3.20618896e+01
6569.61704957 -8.47911835e+00
6569.67348199 4.99526978e+01
6569.72991441 5.99058380e+01
6569.78634683 6.09889374e+01
6569.84277925 -1.17314529e+01
6569.89921167 3.42839355e+01
6569.95564409 6.07423706e+01
6570.01207651 1.52788925e+01
6570.06850893 6.19119568e+01
6570.12494135 2.99902496e+01
6570.18137377 2.03353882e+00
6570.23780619 7.22888947e+01
6570.29423861 3.68805313e+01
6570.35067104 2.45943451e+01
6570.40710346 5.55498276e+01
6570.46353588 -1.48154449e+00
6570.51996830 6.25721283e+01
6570.57640072 4.19023781e+01
6570.63283314 2.98962555e+01
6570.68926556 2.42754364e+01
6570.74569798 -6.64978027e-01
6570.80213040 7.50347061e+01
6570.85856282 7.01920547e+01
6570.91499524 6.79778290e+00
6570.97142766 3.87184296e+01
6571.02786008 5.12666397e+01
6571.08429250 -6.06616974e+00
6571.14072492 4.00117569e+01
6571.19715735 2.74985275e+01
6571.25358977 5.36904449e+01
6571.31002219 -1.72561569e+01
6571.36645461 6.65306396e+01
6571.42288703 4.31093712e+01
6571.47931945 2.93211708e+01
6571.53575187 2.53176117e+01
6571.59218429 1.44391708e+01
6571.64861671 1.42669296e+01
6571.70504913 3.94901962e+01
6571.76148155 2.74944687e+01
6571.81791397 2.48509598e+01
6571.87434639 -3.96790314e+00
6571.93077881 2.81307220e+01
6571.98721123 2.75779572e+01
6572.04364365 5.83140945e+01
6572.10007608 2.42236633e+01
6572.15650850 8.49024811e+01
6572.21294092 3.92379913e+01
6572.26937334 -1.59930916e+01
6572.32580576 6.60094681e+01
6572.38223818 1.70953178e+01
6572.43867060 2.79856110e+00
6572.49510302 4.65238838e+01
6572.55153544 6.81011810e+01
6572.60796786 3.55450172e+01
6572.66440028 2.55739365e+01
6572.72083270 6.09160385e+01
6572.77726512 1.91355896e+00
6572.83369754 1.16750336e+00
6572.89012996 2.18897171e+01
6572.94656239 3.20260620e+01
6573.00299481 6.00025635e+01
6573.05942723 7.93601074e+01
6573.11585965 2.08406601e+01
6573.17229207 2.73599472e+01
6573.22872449 5.13787460e+01
6573.28515691 4.05634232e+01
6573.34158933 3.11273041e+01
6573.39802175 9.19435120e+00
6573.45445417 2.26643066e+01
6573.51088659 4.66785507e+01
6573.56731901 2.74526367e+01
6573.62375143 3.95603943e+01
6573.68018385 2.91097641e+01
6573.73661627 2.19145660e+01
6573.79304870 6.79258728e+00
6573.84948112 1.93096085e+01
6573.90591354 4.28022652e+01
6573.96234596 2.06527328e+01
6574.01877838 1.59837112e+01
6574.07521080 6.82238007e+00
6574.13164322 -7.03415680e+00
6574.18807564 3.57089462e+01
6574.24450806 1.22783661e+01
6574.30094048 4.99110336e+01
6574.35737290 4.53992767e+01
6574.41380532 2.33072357e+01
6574.47023774 1.73133774e+01
6574.52667016 2.94755707e+01
6574.58310258 -3.34101715e+01
6574.63953501 2.99554062e+01
6574.69596743 9.46213837e+01
6574.75239985 4.75990601e+01
6574.80883227 9.71679688e-01
6574.86526469 3.87301178e+01
6574.92169711 1.57083969e+01
6574.97812953 3.03094940e+01
6575.03456195 3.65519562e+01
6575.09099437 1.64185867e+01
6575.14742679 1.33413925e+01
6575.20385921 3.85648193e+01
6575.26029163 1.25830002e+01
6575.31672405 2.47357178e+01
6575.37315647 2.81499100e+01
6575.42958889 5.96717758e+01
6575.48602132 3.23270645e+01
6575.54245374 -1.64076233e+00
6575.59888616 5.92387390e+00
6575.65531858 4.93868866e+01
6575.71175100 2.56864243e+01
6575.76818342 2.14963837e+01
6575.82461584 -1.14551392e+01
6575.88104826 3.47417526e+01
6575.93748068 4.70168381e+01
6575.99391310 4.77015228e+01
6576.05034552 4.13970795e+01
6576.10677794 2.78039093e+01
6576.16321036 4.85906601e+01
6576.21964278 2.89238892e+01
6576.27607520 3.95747375e+00
6576.33250763 6.54478760e+01
6576.38894005 4.85132866e+01
6576.44537247 5.37523804e+01
6576.50180489 4.01097870e+01
6576.55823731 -7.79177856e+00
6576.61466973 1.75567551e+01
6576.67110215 3.33602524e+01
6576.72753457 4.67566986e+01
6576.78396699 -3.60350037e+00
6576.84039941 4.70720978e+01
6576.89683183 3.00745621e+01
6576.95326425 5.05186691e+01
6577.00969667 1.61156616e+01
6577.06612909 5.73854599e+01
6577.12256151 8.18862152e+00
6577.17899394 -4.72542572e+00
6577.23542636 2.97057877e+01
6577.29185878 5.83934326e+01
6577.34829120 2.27744446e+01
6577.40472362 3.40480385e+01
6577.46115604 3.07171402e+01
6577.51758846 2.55952606e+01
6577.57402088 1.66053848e+01
6577.63045330 3.91161957e+01
6577.68688572 9.15780640e+00
6577.74331814 4.49157944e+01
6577.79975056 5.38485641e+01
6577.85618298 1.04421463e+01
6577.91261540 3.33227234e+01
6577.96904782 4.87305984e+01
6578.02548025 -1.25960693e+01
6578.08191267 5.34015503e+01
6578.13834509 7.44717407e+00
6578.19477751 4.10539780e+01
6578.25120993 6.12023849e+01
6578.30764235 2.18120422e+01
6578.36407477 2.18354416e+01
6578.42050719 4.63946228e+01
6578.47693961 -5.70040131e+00
6578.53337203 2.60342407e+01
6578.58980445 2.53221741e+01
6578.64623687 -1.48693390e+01
6578.70266929 5.66780548e+01
6578.75910171 -1.58543396e+00
6578.81553413 6.22896271e+01
6578.87196655 -1.05085754e+00
6578.92839898 2.82765579e+01
6578.98483140 5.55161285e+00
6579.04126382 -3.51311722e+01
6579.09769624 4.56062927e+01
6579.15412866 5.48198662e+01
6579.21056108 3.99676819e+01
6579.26699350 3.11851807e+01
6579.32342592 3.02243423e+01
6579.37985834 2.71755219e+01
6579.43629076 1.04915085e+01
6579.49272318 7.50159760e+01
6579.54915560 2.86978073e+01
6579.60558802 5.63255959e+01
6579.66202044 3.58864098e+01
6579.71845286 2.88594131e+01
6579.77488529 5.14455566e+01
6579.83131771 4.69957657e+01
6579.88775013 2.79451981e+01
6579.94418255 3.93569946e+01
6580.00061497 3.08677139e+01
6580.05704739 5.60110474e+00
6580.11347981 4.39259491e+01
6580.16991223 3.79416351e+01
6580.22634465 1.44212189e+01
6580.28277707 1.16294022e+01
6580.33920949 -1.61295700e+01
6580.39564191 -7.70004272e-01
6580.45207433 3.24679871e+01
6580.50850675 -3.91123581e+00
6580.56493917 3.89230499e+01
6580.62137160 8.24370117e+01
6580.67780402 4.01788635e+01
6580.73423644 5.68978119e+01
6580.79066886 7.94519882e+01
6580.84710128 4.54912262e+01
6580.90353370 1.71128616e+01
6580.95996612 3.03416443e+00
6581.01639854 3.29025612e+01
6581.07283096 1.98716431e+01
6581.12926338 1.50066681e+01
6581.18569580 6.00143127e+01
6581.24212822 1.81134567e+01
6581.29856064 4.41928864e+01
6581.35499306 9.30449753e+01
6581.41142548 2.27313614e+01
6581.46785791 5.89254608e+01
6581.52429033 1.26663589e+01
6581.58072275 3.60361214e+01
6581.63715517 4.27514648e+01
6581.69358759 1.22187195e+01
6581.75002001 6.48106384e+01
6581.80645243 1.36941757e+01
6581.86288485 3.93172684e+01
6581.91931727 2.10678787e+01
6581.97574969 -4.27126312e+00
6582.03218211 3.86650085e-01
6582.08861453 7.09098663e+01
6582.14504695 -6.21757507e+00
6582.20147937 6.94908905e+00
6582.25791179 1.41205902e+01
6582.31434422 2.30951080e+01
6582.37077664 1.38366165e+01
6582.42720906 1.70058365e+01
6582.48364148 5.24523773e+01
6582.54007390 6.01328049e+01
6582.59650632 8.51161041e+01
6582.65293874 1.00569878e+02
6582.70937116 8.73894501e+00
6582.76580358 2.98227386e+01
6582.82223600 8.83016205e+01
6582.87866842 1.33878632e+02
6582.93510084 1.15570702e+02
6582.99153326 1.53377411e+02
6583.04796568 2.55828522e+02
6583.10439810 4.13374359e+02
6583.16083053 5.13469055e+02
6583.21726295 6.71825745e+02
6583.27369537 7.19593506e+02
6583.33012779 8.16196289e+02
6583.38656021 7.92532104e+02
6583.44299263 6.41080750e+02
6583.49942505 5.07549072e+02
6583.55585747 4.00235443e+02
6583.61228989 3.29034393e+02
6583.66872231 2.69073975e+02
6583.72515473 2.06198654e+02
6583.78158715 1.20759399e+02
6583.83801957 2.76727371e+01
6583.89445199 6.00716324e+01
6583.95088441 7.62514267e+01
6584.00731684 1.91633148e+01
6584.06374926 7.48721924e+01
6584.12018168 1.37339783e+01
6584.17661410 5.04249954e+01
6584.23304652 8.23440857e+01
6584.28947894 6.97467041e+01
6584.34591136 2.73342896e+01
6584.40234378 2.25677490e+01
6584.45877620 7.19809265e+01
6584.51520862 5.92501945e+01
6584.57164104 1.67005234e+01
6584.62807346 7.40671539e+00
6584.68450588 -6.81266785e+00
6584.74093830 5.12938995e+01
6584.79737072 2.17037354e+01
6584.85380315 2.41226349e+01
6584.91023557 3.09979401e+01
6584.96666799 -4.77477264e+00
6585.02310041 3.12597122e+01
6585.07953283 6.60193710e+01
6585.13596525 1.49791260e+01
6585.19239767 -1.73249817e+01
6585.24883009 -1.64277725e+01
6585.30526251 3.50695343e+01
6585.36169493 2.47068024e+00
6585.41812735 2.80769806e+01
6585.47455977 3.35427628e+01
6585.53099219 5.24223328e+01
6585.58742461 -3.74572487e+01
6585.64385703 -8.35023499e+00
6585.70028945 7.85521545e+01
6585.75672188 -9.31976318e-01
6585.81315430 -2.12315826e+01
6585.86958672 4.67322159e+01
6585.92601914 2.02016602e+01
6585.98245156 1.25964355e+01
6586.03888398 2.36529083e+01
6586.09531640 3.98149567e+01
6586.15174882 3.14775848e+00
6586.20818124 -2.45492783e+01
6586.26461366 4.89850006e+01
6586.32104608 4.55307236e+01
6586.37747850 6.04289398e+01
6586.43391092 3.46601257e+01
6586.49034334 6.28571167e+01
6586.54677576 7.09599762e+01
6586.60320819 4.41539307e+01
6586.65964061 2.40758057e+01
6586.71607303 1.98253479e+01
6586.77250545 -4.08692932e+00
6586.82893787 -2.41679688e+01
6586.88537029 2.19408493e+01
6586.94180271 1.83032990e+01
6586.99823513 5.09418716e+01
6587.05466755 1.92620163e+01
6587.11109997 4.74974594e+01
6587.16753239 4.89346199e+01
6587.22396481 3.08267517e+01
6587.28039723 1.72319870e+01
6587.33682965 1.62659836e+01
6587.39326207 2.99305420e+01
6587.44969450 5.08078156e+01
6587.50612692 3.72920685e+01
6587.56255934 5.93085327e+01
6587.61899176 4.45564384e+01
6587.67542418 4.44553299e+01
6587.73185660 5.61699753e+01
6587.78828902 6.48887634e-01
6587.84472144 2.68610153e+01
6587.90115386 4.72685623e+01
6587.95758628 5.81586418e+01
6588.01401870 4.42182999e+01
6588.07045112 -7.31086731e-01
6588.12688354 -3.76727600e+01
6588.18331596 2.98702316e+01
6588.23974838 8.07913208e+00
6588.29618081 4.39235268e+01
6588.35261323 6.97177887e+00
6588.40904565 1.60723267e+01
6588.46547807 3.10060120e+01
6588.52191049 5.57280731e+01
6588.57834291 -4.03866577e+00
6588.63477533 4.49526901e+01
6588.69120775 3.96728592e+01
6588.74764017 7.40766449e+01
6588.80407259 4.43780594e+01
6588.86050501 -1.09728241e+00
6588.91693743 5.22917557e+01
6588.97336985 4.29605103e+01
6589.02980227 1.51213684e+01
6589.08623469 9.23068237e+00
6589.14266712 3.08797226e+01
6589.19909954 3.25153809e+01
6589.25553196 3.79283524e+01
6589.31196438 4.58710098e+01
6589.36839680 1.89741745e+01
6589.42482922 -1.59841766e+01
6589.48126164 8.14404449e+01
6589.53769406 5.10112915e+01
6589.59412648 2.91096573e+01
6589.65055890 2.17050934e+01
6589.70699132 -9.08713531e+00
6589.76342374 7.04738617e+01
6589.81985616 2.31955566e+01
6589.87628858 2.92933044e+01
6589.93272100 1.90765381e-01
6589.98915343 1.44904175e+01
6590.04558585 1.33120880e+01
6590.10201827 -1.98232193e+01
6590.15845069 1.71422729e+01
6590.21488311 2.59857407e+01
6590.27131553 2.72419739e+00
6590.32774795 2.79000168e+01
6590.38418037 4.19043427e+01
6590.44061279 2.36598892e+01
6590.49704521 -6.23308563e+00
6590.55347763 2.07967529e+01
6590.60991005 3.46908340e+01
6590.66634247 -1.39925385e+01
6590.72277489 -3.97976685e+00
6590.77920731 6.84131012e+01
6590.83563974 4.50295410e+01
6590.89207216 1.87428741e+01
6590.94850458 4.07829742e+01
6591.00493700 -1.30552139e+01
6591.06136942 4.34389496e+00
6591.11780184 5.10667496e+01
6591.17423426 4.79082184e+01
6591.23066668 1.92353821e+01
6591.28709910 6.53601685e+01
6591.34353152 1.05294746e+02
6591.39996394 2.82922897e+01
6591.45639636 -1.13728943e+01
6591.51282878 2.76271820e+01
6591.56926120 5.51627350e+01
6591.62569362 -1.53092041e+01
6591.68212605 -1.06560822e+01
6591.73855847 7.01035309e+00
6591.79499089 -7.34602356e+00
6591.85142331 2.59501572e+01
6591.90785573 6.21350250e+01
6591.96428815 1.70685120e+01
6592.02072057 -3.94268723e+01
6592.07715299 -1.99273224e+01
6592.13358541 1.61480408e+01
6592.19001783 5.22773056e+01
6592.24645025 -4.45809937e+00
6592.30288267 3.16611252e+01
6592.35931509 2.82013092e+01
6592.41574751 1.04374695e+00
6592.47217993 3.60661240e+01
6592.52861235 -2.37189713e+01
6592.58504478 -9.64220428e+00
6592.64147720 2.46994171e+01
6592.69790962 6.43689575e+01
6592.75434204 6.37817383e-03
6592.81077446 -1.18525925e+01
6592.86720688 5.03621674e+00
6592.92363930 1.50802078e+01
6592.98007172 7.52307434e+01
6593.03650414 1.37873993e+01
6593.09293656 -2.40694237e+01
6593.14936898 9.74393463e+00
6593.20580140 1.26161575e+01
6593.26223382 -2.37669640e+01
6593.31866624 1.15746002e+01
6593.37509866 5.59167480e+00
6593.43153109 3.04303207e+01
6593.48796351 9.69918823e+00
6593.54439593 1.28139496e+00
6593.60082835 8.13238373e+01
6593.65726077 3.96917038e+01
6593.71369319 2.04026337e+01
6593.77012561 4.89554825e+01
6593.82655803 5.09835587e+01
6593.88299045 5.53733826e-01
6593.93942287 4.85100708e+01
6593.99585529 2.11900330e+01
6594.05228771 -2.54841919e+01
6594.10872013 -9.35570526e+00
6594.16515255 5.21803894e+01
6594.22158497 6.20832138e+01
6594.27801740 1.77403336e+01
6594.33444982 3.74479446e+01
6594.39088224 4.14659805e+01
6594.44731466 2.85083618e+01
6594.50374708 3.57917404e+01
6594.56017950 -3.59120941e+00
6594.61661192 1.73156815e+01
6594.67304434 2.56165390e+01
6594.72947676 7.05996857e+01
6594.78590918 5.26372375e+01
6594.84234160 2.35230980e+01
6594.89877402 4.50004196e+00
6594.95520644 2.25691223e+00
6595.01163886 4.98626709e-01
6595.06807128 5.68783569e+00
6595.12450371 1.29626846e+01
6595.18093613 4.39542465e+01
6595.23736855 2.79117050e+01
6595.29380097 5.98368988e+01
6595.35023339 2.26918335e+01
6595.40666581 3.48856659e+01
6595.46309823 7.15035248e+00
6595.51953065 2.51465912e+01
6595.57596307 -9.41104889e+00
6595.63239549 2.78407059e+01
6595.68882791 1.13822556e+01
6595.74526033 9.12297516e+01
6595.80169275 -9.03438568e+00
6595.85812517 3.26718903e+00
6595.91455759 4.02950325e+01
6595.97099002 2.05551224e+01
6596.02742244 6.20634232e+01
6596.08385486 1.23425140e+01
6596.14028728 1.97680435e+01
6596.19671970 4.74267654e+01
6596.25315212 4.77746124e+01
6596.30958454 1.69559784e+01
6596.36601696 5.67526779e+01
6596.42244938 1.42334442e+01
6596.47888180 2.83297958e+01
6596.53531422 5.08879776e+01
6596.59174664 1.26716614e+00
6596.64817906 6.73700790e+01
6596.70461148 -2.22502594e+01
6596.76104390 4.68132477e+01
6596.81747633 3.11055450e+01
6596.87390875 5.90075912e+01
6596.93034117 2.65782776e+01
6596.98677359 5.28613815e+01
6597.04320601 5.27291183e+01
6597.09963843 3.70169601e+01
6597.15607085 1.68896866e+01
6597.21250327 2.51918182e+01
6597.26893569 6.23468781e+01
6597.32536811 6.56398392e+01
6597.38180053 3.62130585e+01
6597.43823295 1.78681259e+01
6597.49466537 2.32882385e+01
6597.55109779 4.06034775e+01
6597.60753021 4.07350769e+01
6597.66396264 3.82031860e+01
6597.72039506 2.04489517e+01
6597.77682748 1.09064255e+01
6597.83325990 6.65096741e+01
6597.88969232 1.55542679e+01
6597.94612474 -3.53087311e+01
6598.00255716 6.58571548e+01
6598.05898958 -1.92490845e+01
6598.11542200 -1.94777222e+01
6598.17185442 5.19262619e+01
6598.22828684 3.99910507e+01
6598.28471926 4.11946869e+00
6598.34115168 4.93726654e+01
6598.39758410 4.65839233e+01
6598.45401652 1.91271362e+01
6598.51044895 4.34125519e+01
6598.56688137 2.48914795e+01
6598.62331379 2.16332092e+01
6598.67974621 1.71391754e+01
6598.73617863 3.54868164e+01
6598.79261105 2.15509262e+01
6598.84904347 1.31193390e+01
6598.90547589 -1.10943985e+01
6598.96190831 1.88429947e+01
6599.01834073 2.77509537e+01
6599.07477315 4.87069016e+01
6599.13120557 -8.75888824e+00
6599.18763799 5.86988144e+01
6599.24407041 7.02912903e+00
6599.30050283 7.62560272e+00
6599.35693525 4.09851303e+01
6599.41336768 -2.27685699e+01
6599.46980010 6.23931885e+01
6599.52623252 2.66175079e+00
6599.58266494 1.47030258e+01
6599.63909736 1.86501617e+01
6599.69552978 1.12647629e+01
6599.75196220 -1.39758835e+01
6599.80839462 1.54180908e+00
6599.86482704 -1.52570343e+00
6599.92125946 5.02747040e+01
6599.97769188 6.37966690e+01
6600.03412430 -1.22534103e+01
6600.09055672 5.48722000e+01
6600.14698914 1.82098999e+01
6600.20342156 2.11978073e+01
6600.25985399 1.03785248e+01
6600.31628641 -1.55709610e+01
6600.37271883 1.47416840e+01
6600.42915125 -9.29163361e+00
6600.48558367 1.89947128e+01
6600.54201609 2.48852844e+01
6600.59844851 1.13414230e+01
6600.65488093 -2.58319283e+01
6600.71131335 2.98574829e+00
6600.76774577 3.52566299e+01
6600.82417819 -3.64810638e+01
6600.88061061 -1.89501038e+01
6600.93704303 5.62680054e+00
6600.99347545 -7.48838043e+00
6601.04990787 2.26667480e+01
6601.10634030 4.45694656e+01
6601.16277272 5.12916718e+01
6601.21920514 2.10006409e+01
6601.27563756 4.28484802e+01
6601.33206998 3.02296524e+01
6601.38850240 4.24017792e+01
6601.44493482 8.39703140e+01
6601.50136724 2.64931717e+01
6601.55779966 1.29877014e+01
6601.61423208 -2.15884018e+01
6601.67066450 2.99096680e+01
6601.72709692 2.60883865e+01
6601.78352934 6.26847305e+01
6601.83996176 3.49029236e+01
6601.89639418 3.00631104e+01
6601.95282661 8.71985931e+01
6602.00925903 -3.20728302e-01
6602.06569145 2.40564423e+01
6602.12212387 2.94865952e+01
6602.17855629 3.00462265e+01
6602.23498871 4.72823715e+01
6602.29142113 3.89114456e+01
6602.34785355 -2.37038879e+01
6602.40428597 2.68925705e+01
6602.46071839 -6.80335999e+00
6602.51715081 6.35716705e+01
6602.57358323 4.48196411e+01
6602.63001565 6.90484467e+01
6602.68644807 2.31834488e+01
6602.74288049 4.43851166e+01
6602.79931292 2.76204605e+01
6602.85574534 -1.81558304e+01
6602.91217776 -2.29164352e+01
6602.96861018 3.26617279e+01
6603.02504260 2.69344559e+01
