M66A	1.6229615360619603	0.012612565592944429	31.422318263944792	0.2441931255795634	1.4219985306976182	0.016126786460165098	27.531474492068664	0.3122325378558968	0.1112712701851178	0.021073426426338672	2.1516042964088227	0.4074877078650426	9.1	2.4	29.90255313568247	0.25827365881920483	25.783380047214575	0.3351312995764689
M66A	1.5709346027648965	0.012395200187023302	30.41504404642356	0.23998488478706748	1.3625499181367553	0.013808519611722494	26.3804985594514	0.2673484669268758	0.10989914492170103	0.022968124280036806	2.1250721052415336	0.4441246585858471	9.1	2.4	28.844219055010132	0.2551608504246981	24.552897441905746	0.2898091619554889
M66A	1.5097422050973333	0.011870059210874256	29.230259491773186	0.22981732228529578	1.3154518612116237	0.013306775351754731	25.4685901533341	0.25763375893069496	0.1101852408881182	0.02141857689406281	2.1306042188725214	0.41416173277755863	9.1	2.4	27.591639958852014	0.2455572892709292	23.569887782105145	0.2808938836225948
N4214C	0.8833916063450652	0.0027114474692705583	17.118909471120674	0.05254410776460422	0.8385537323075314	0.0031542889678961164	16.250013062321347	0.06112576327052817	0.11817405031310052	0.017324852471230973	2.2850803622057194	0.33500315894421373	9.1	2.4	14.116142150697083	0.0836732689451345	13.048805779222716	0.09610447950015348
N4214C	0.8760363088158707	0.0025303074616496966	16.976378903350476	0.049033878822902506	0.8276656147899979	0.002964268301097434	16.03902036861884	0.05744343948783731	0.11780003054923659	0.01759328535097926	2.2778481042335343	0.3401937291282598	9.1	2.4	13.944133127740956	0.08155969840377914	12.78638269406206	0.09415390199575291
N4214C	0.8716435065998718	0.0025612324759807514	16.891258553470475	0.04963318104220774	0.8146343269599499	0.002977548659803748	15.786497837549668	0.057700816088372006	0.1122220324737684	0.019193552401006092	2.1699887744661037	0.37113739908467336	9.1	2.4	13.857696931268217	0.08389038328967986	12.487380137308683	0.09736786301267311
N7331A	0.8621525966540307	0.015427207756254061	16.67983831538587	0.2984661091677308	0.8071634023015395	0.019166666511756247	15.615976859422966	0.37081242765271966	0.12145447600112202	0.016162051383486118	2.3485125311083888	0.31251857858399684	9.1	2.4	13.569506074969766	0.37084463420274655	12.238187045688608	0.47694376394689114
N7331A	0.803492507416849	0.016054555344613895	15.544908257565337	0.31060226155731163	0.7676463370451183	0.02143274786072837	14.851403971908265	0.4146524009128715	0.12011295292242076	0.016773849009389025	2.322572081115653	0.3243486439569854	9.1	2.4	12.152359098715982	0.4021193012859707	11.251660271481482	0.5513920357903415
N7331A	0.8468233886328027	0.01901953517307957	16.383268392545762	0.36796592255807775	0.795450179570107	0.023227984878612468	15.389361770699564	0.44938560790129434	0.11915750897583348	0.017246588686433247	2.304097075869151	0.3334898060783405	9.1	2.4	13.211079436865115	0.46001214562328463	11.956320185343	0.581977880891606
N7331B	0.9462413540565778	0.03234091579008767	18.302628044715217	0.6255526138165796	0.9238548491460895	0.07605718217706613	17.869613185077394	1.4711319929828255	0.11571231757659005	0.01812544912184744	2.23747890386275	0.3504839491813624	9.1	2.4	15.537370482097835	0.7386115781062879	15.02487149825452	1.7504478224710687
N7331B	0.9029084246510775	0.040533775341382285	17.46442678448058	0.7840209842119015	0.8507862990843216	0.0599851535413495	16.45624828909609	1.1602567899817158	0.12003305127585918	0.01652181154854235	2.3210270576271457	0.31947510487801656	9.1	2.4	14.527526847617436	0.9439005422187154	13.298531541119145	1.4368403688559415
